Number of steps: 4850646
Number of accepted steps: 1000000
Burn-in number of steps: 320000
Accepted fraction of steps: 0.206158
Convergence Status
R[0]= 1.004396	R[1]= 1.004688	R[2]= 1.008317	R[3]= 1.010844	R[4]= 1.001097	R[5]= 1.002256	R[6]= 1.003485	R[7]= 1.002300	R[8]= 1.005867	R[9]= 1.004289	R[10]= 1.004608	R[11]= 1.004955	R[12]= 1.001520	R[13]= 1.000534	R[14]= 1.007053	R[15]= 1.006445	R[16]= 1.008493	R[17]= 1.009691	R[18]= 1.000266	R[19]= 1.002845	R[20]= 1.001969	R[21]= 1.003742	R[22]= 1.006894	R[23]= 1.002695	R[24]= 1.004839	
<R>= 1.004564

Mean parameters
A[0]= 8.975864e-01 pm 3.874605e-02
A[1]= 1.016370e+00 pm 3.205263e-02
A[2]= 6.084900e-01 pm 4.031729e-01
A[3]= 2.874749e+00 pm 9.908874e-01
A[4]= -2.851916e+03 pm 3.846355e+03
A[5]= 1.218036e+03 pm 2.517804e+03
A[6]= 1.527594e+02 pm 5.830575e+02
A[7]= 1.384284e+01 pm 1.304687e+01
A[8]= -2.609347e-01 pm 1.863148e-01
A[9]= -4.683232e+03 pm 8.159164e+03
A[10]= 2.026775e+03 pm 4.835632e+03
A[11]= -4.775155e+02 pm 9.912264e+02
A[12]= 2.826093e+01 pm 4.838494e+01
A[13]= -7.566681e-01 pm 9.392760e-01
A[14]= 4.475611e+00 pm 1.460673e+00
A[15]= -9.269035e+03 pm 5.602425e+03
A[16]= 6.199316e+03 pm 3.711268e+03
A[17]= -1.081046e+03 pm 8.696173e+02
A[18]= 1.026178e+01 pm 1.927146e+01
A[19]= 3.515935e-02 pm 2.733170e-01
A[20]= 1.412882e+01 pm 1.167043e+04
A[21]= -2.567540e+02 pm 7.041156e+03
A[22]= -2.751827e+02 pm 1.478524e+03
A[23]= -1.735677e+01 pm 6.791081e+01
A[24]= 8.794566e-02 pm 1.336319e+00

Best-fitting parameters
A[0]= 9.019454e-01
A[1]= 1.025641e+00
A[2]= 4.065886e-01
A[3]= 3.222588e+00
A[4]= -3.623015e+03
A[5]= 1.662989e+03
A[6]= 6.380803e+01
A[7]= 1.325040e+01
A[8]= -2.355431e-01
A[9]= -6.364613e+03
A[10]= 2.610517e+03
A[11]= -4.702971e+02
A[12]= 4.426140e+01
A[13]= -1.028979e+00
A[14]= 4.901881e+00
A[15]= -8.601698e+03
A[16]= 5.980160e+03
A[17]= -1.109340e+03
A[18]= 1.730456e+01
A[19]= -8.921811e-02
A[20]= -5.508353e+03
A[21]= 2.397946e+03
A[22]= -5.747564e+02
A[23]= 3.534457e+01
A[24]= -9.655367e-01
chi2_min= 8.705179e+01


Cross-Covariance parameters
1.000000e+00	-5.360326e-01	-1.446079e-01	1.272028e-01	-2.282355e-02	3.114605e-02	-4.661593e-02	5.363919e-02	-1.551624e-02	-4.582003e-02	6.516163e-02	-1.042361e-01	1.402038e-01	-9.786153e-02	2.975756e-02	9.173225e-02	-9.277941e-02	8.527880e-02	5.150527e-02	-6.266623e-02	3.681668e-02	-1.754111e-02	-2.768123e-02	1.160916e-01	-9.078135e-02	
-5.360326e-01	1.000000e+00	1.577866e-01	-2.095180e-01	-8.625967e-03	2.231603e-03	-2.133391e-03	1.499479e-01	-1.459618e-01	5.202775e-02	-6.311936e-02	8.399606e-02	-1.197934e-01	6.132786e-02	-2.034576e-01	-1.086864e-02	1.508230e-02	-2.644574e-02	1.393833e-01	-1.242091e-01	-9.672365e-03	-2.042662e-03	3.123824e-02	-8.880103e-02	5.261649e-02	
-1.446079e-01	1.577866e-01	1.000000e+00	-6.243909e-01	-3.853015e-02	4.975943e-02	-4.988336e-02	-5.209960e-02	5.851882e-02	-3.199931e-01	4.360188e-01	-5.760026e-01	-1.759131e-01	2.882060e-01	-5.667204e-01	-1.684733e-01	1.828126e-01	-1.871646e-01	-1.296150e-02	6.650548e-02	-3.999094e-01	5.133190e-01	-6.436978e-01	-2.138157e-01	3.454913e-01	
1.272028e-01	-2.095180e-01	-6.243909e-01	1.000000e+00	-5.702332e-01	6.239061e-01	-6.640002e-01	9.905355e-02	1.976292e-01	9.084027e-02	-1.385370e-01	2.055837e-01	5.826373e-02	-5.789852e-02	3.442566e-01	1.243516e-01	-1.388394e-01	1.468957e-01	6.133740e-03	-5.443090e-02	2.893302e-01	-3.540576e-01	4.253639e-01	1.126573e-01	-1.989037e-01	
-2.282355e-02	-8.625967e-03	-3.853015e-02	-5.702332e-01	1.000000e+00	-9.856552e-01	9.462157e-01	-5.797043e-01	1.741341e-01	1.016093e-01	-1.394126e-01	1.774734e-01	9.997468e-02	-1.136394e-01	6.708407e-02	-2.423428e-02	2.941264e-02	-3.265431e-02	-2.062427e-02	3.467073e-02	-2.946232e-02	1.855385e-02	-4.261765e-03	3.218365e-02	-2.911115e-02	
3.114605e-02	2.231603e-03	4.975943e-02	6.239061e-01	-9.856552e-01	1.000000e+00	-9.867662e-01	5.165862e-01	-9.794684e-02	-1.168934e-01	1.595840e-01	-2.029345e-01	-1.095184e-01	1.390353e-01	-7.468486e-02	2.290593e-02	-2.828828e-02	3.179307e-02	2.345384e-02	-3.734394e-02	3.149990e-02	-1.839039e-02	8.835632e-04	-3.977638e-02	3.759862e-02	
-4.661593e-02	-2.133391e-03	-4.988336e-02	-6.640002e-01	9.462157e-01	-9.867662e-01	1.000000e+00	-4.476485e-01	3.110908e-02	1.317709e-01	-1.769209e-01	2.227272e-01	1.057196e-01	-1.466632e-01	7.749138e-02	-2.363333e-02	2.918698e-02	-3.266962e-02	-3.003178e-02	4.376594e-02	-3.666483e-02	2.287054e-02	-3.900478e-03	4.351834e-02	-4.100012e-02	
5.363919e-02	1.499479e-01	-5.209960e-02	9.905355e-02	-5.797043e-01	5.165862e-01	-4.476485e-01	1.000000e+00	-8.836756e-01	1.151164e-01	-1.065091e-01	8.632213e-02	-5.529470e-02	-1.108190e-01	-2.896651e-02	3.975266e-02	-4.117318e-02	3.784501e-02	4.964892e-02	-6.015857e-02	3.924562e-02	-4.492501e-02	5.113617e-02	6.881445e-03	-2.222050e-02	
-1.551624e-02	-1.459618e-01	5.851882e-02	1.976292e-01	1.741341e-01	-9.794684e-02	3.110908e-02	-8.836756e-01	1.000000e+00	-1.804867e-01	1.887098e-01	-1.830025e-01	1.742143e-02	2.011370e-01	4.532371e-03	-2.684202e-02	2.673651e-02	-2.324343e-02	-3.844076e-02	4.467069e-02	-2.026131e-02	3.152945e-02	-4.554525e-02	-1.707629e-02	2.908375e-02	
-4.582003e-02	5.202775e-02	-3.199931e-01	9.084027e-02	1.016093e-01	-1.168934e-01	1.317709e-01	1.151164e-01	-1.804867e-01	1.000000e+00	-9.835606e-01	9.171076e-01	-7.527598e-01	5.727402e-01	1.758455e-01	5.111926e-02	-5.486892e-02	5.492268e-02	2.270022e-02	-4.049751e-02	1.131090e-01	-1.560322e-01	2.081774e-01	8.096285e-02	-1.301164e-01	
6.516163e-02	-6.311936e-02	4.360188e-01	-1.385370e-01	-1.394126e-01	1.595840e-01	-1.769209e-01	-1.065091e-01	1.887098e-01	-9.835606e-01	1.000000e+00	-9.731965e-01	7.062422e-01	-5.197862e-01	-2.436392e-01	-6.918318e-02	7.405122e-02	-7.421161e-02	-2.157863e-02	4.524229e-02	-1.597606e-01	2.178202e-01	-2.882390e-01	-1.021172e-01	1.686328e-01	
-1.042361e-01	8.399606e-02	-5.760026e-01	2.055837e-01	1.774734e-01	-2.029345e-01	2.227272e-01	8.632213e-02	-1.830025e-01	9.171076e-01	-9.731965e-01	1.000000e+00	-6.022195e-01	4.168834e-01	3.259721e-01	9.035244e-02	-9.686111e-02	9.755341e-02	1.912484e-02	-4.996446e-02	2.180101e-01	-2.948198e-01	3.882326e-01	1.252386e-01	-2.134621e-01	
1.402038e-01	-1.197934e-01	-1.759131e-01	5.826373e-02	9.997468e-02	-1.095184e-01	1.057196e-01	-5.529470e-02	1.742143e-02	-7.527598e-01	7.062422e-01	-6.022195e-01	1.000000e+00	-9.490874e-01	1.092257e-01	3.111083e-02	-3.391324e-02	3.519237e-02	-1.286557e-02	6.599130e-03	6.644426e-02	-8.162562e-02	9.692737e-02	4.751865e-02	-6.080895e-02	
-9.786153e-02	6.132786e-02	2.882060e-01	-5.789852e-02	-1.136394e-01	1.390353e-01	-1.466632e-01	-1.108190e-01	2.011370e-01	5.727402e-01	-5.197862e-01	4.168834e-01	-9.490874e-01	1.000000e+00	-1.675146e-01	-4.896872e-02	5.254945e-02	-5.329986e-02	1.714358e-03	1.031877e-02	-1.065562e-01	1.387931e-01	-1.756706e-01	-7.026467e-02	1.013699e-01	
2.975756e-02	-2.034576e-01	-5.667204e-01	3.442566e-01	6.708407e-02	-7.468486e-02	7.749138e-02	-2.896651e-02	4.532371e-03	1.758455e-01	-2.436392e-01	3.259721e-01	1.092257e-01	-1.675146e-01	1.000000e+00	-5.159779e-01	5.710416e-01	-6.118855e-01	-3.555096e-02	2.942123e-01	9.106723e-02	-1.381267e-01	2.039634e-01	6.253251e-02	-8.033027e-02	
9.173225e-02	-1.086864e-02	-1.684733e-01	1.243516e-01	-2.423428e-02	2.290593e-02	-2.363333e-02	3.975266e-02	-2.684202e-02	5.111926e-02	-6.918318e-02	9.035244e-02	3.111083e-02	-4.896872e-02	-5.159779e-01	1.000000e+00	-9.853795e-01	9.451404e-01	-4.786209e-01	8.710242e-02	2.488646e-01	-2.876404e-01	3.183781e-01	6.697819e-02	-1.222288e-01	
-9.277941e-02	1.508230e-02	1.828126e-01	-1.388394e-01	2.941264e-02	-2.828828e-02	2.918698e-02	-4.117318e-02	2.673651e-02	-5.486892e-02	7.405122e-02	-9.686111e-02	-3.391324e-02	5.254945e-02	5.710416e-01	-9.853795e-01	1.000000e+00	-9.865641e-01	4.014289e-01	6.574901e-04	-2.625633e-01	3.061407e-01	-3.417091e-01	-8.455258e-02	1.506191e-01	
8.527880e-02	-2.644574e-02	-1.871646e-01	1.468957e-01	-3.265431e-02	3.179307e-02	-3.266962e-02	3.784501e-02	-2.324343e-02	5.492268e-02	-7.421161e-02	9.755341e-02	3.519237e-02	-5.329986e-02	-6.118855e-01	9.451404e-01	-9.865641e-01	1.000000e+00	-3.193065e-01	-8.032827e-02	2.666102e-01	-3.132870e-01	3.522808e-01	9.599102e-02	-1.687704e-01	
5.150527e-02	1.393833e-01	-1.296150e-02	6.133740e-03	-2.062427e-02	2.345384e-02	-3.003178e-02	4.964892e-02	-3.844076e-02	2.270022e-02	-2.157863e-02	1.912484e-02	-1.286557e-02	1.714358e-03	-3.555096e-02	-4.786209e-01	4.014289e-01	-3.193065e-01	1.000000e+00	-9.013307e-01	-7.832104e-03	1.076379e-02	-1.481512e-02	8.108638e-02	-1.589913e-01	
-6.266623e-02	-1.242091e-01	6.650548e-02	-5.443090e-02	3.467073e-02	-3.734394e-02	4.376594e-02	-6.015857e-02	4.467069e-02	-4.049751e-02	4.524229e-02	-4.996446e-02	6.599130e-03	1.031877e-02	2.942123e-01	8.710242e-02	6.574901e-04	-8.032827e-02	-9.013307e-01	1.000000e+00	-9.956541e-02	1.124183e-01	-1.194909e-01	-1.152986e-01	2.350830e-01	
3.681668e-02	-9.672365e-03	-3.999094e-01	2.893302e-01	-2.946232e-02	3.149990e-02	-3.666483e-02	3.924562e-02	-2.026131e-02	1.131090e-01	-1.597606e-01	2.180101e-01	6.644426e-02	-1.065562e-01	9.106723e-02	2.488646e-01	-2.625633e-01	2.666102e-01	-7.832104e-03	-9.956541e-02	1.000000e+00	-9.842721e-01	9.212896e-01	-6.784663e-01	5.046945e-01	
-1.754111e-02	-2.042662e-03	5.133190e-01	-3.540576e-01	1.855385e-02	-1.839039e-02	2.287054e-02	-4.492501e-02	3.152945e-02	-1.560322e-01	2.178202e-01	-2.948198e-01	-8.162562e-02	1.387931e-01	-1.381267e-01	-2.876404e-01	3.061407e-01	-3.132870e-01	1.076379e-02	1.124183e-01	-9.842721e-01	1.000000e+00	-9.747240e-01	6.167222e-01	-4.345170e-01	
-2.768123e-02	3.123824e-02	-6.436978e-01	4.253639e-01	-4.261765e-03	8.835632e-04	-3.900478e-03	5.113617e-02	-4.554525e-02	2.081774e-01	-2.882390e-01	3.882326e-01	9.692737e-02	-1.756706e-01	2.039634e-01	3.183781e-01	-3.417091e-01	3.522808e-01	-1.481512e-02	-1.194909e-01	9.212896e-01	-9.747240e-01	1.000000e+00	-5.008604e-01	3.162340e-01	
1.160916e-01	-8.880103e-02	-2.138157e-01	1.126573e-01	3.218365e-02	-3.977638e-02	4.351834e-02	6.881445e-03	-1.707629e-02	8.096285e-02	-1.021172e-01	1.252386e-01	4.751865e-02	-7.026467e-02	6.253251e-02	6.697819e-02	-8.455258e-02	9.599102e-02	8.108638e-02	-1.152986e-01	-6.784663e-01	6.167222e-01	-5.008604e-01	1.000000e+00	-9.640124e-01	
-9.078135e-02	5.261649e-02	3.454913e-01	-1.989037e-01	-2.911115e-02	3.759862e-02	-4.100012e-02	-2.222050e-02	2.908375e-02	-1.301164e-01	1.686328e-01	-2.134621e-01	-6.080895e-02	1.013699e-01	-8.033027e-02	-1.222288e-01	1.506191e-01	-1.687704e-01	-1.589913e-01	2.350830e-01	5.046945e-01	-4.345170e-01	3.162340e-01	-9.640124e-01	1.000000e+00	

Time taken for mcmc chain: 27.766667 minutes
