0.0002617983703394	0.9999999999999994
0.002191401293258985	1.0000000000000004
0.004121004216178571	1.0000000000000002
0.006050607139098156	0.9999999999999991
0.007980210062017741	1.000000000000001
0.009909812984937327	0.9999999999999992
0.011839415907856912	1.0000000000000013
0.013769018830776497	1.000000000000001
0.01569862175369608	1.0000000000000029
0.017628224676615664	0.9999999999999984
0.01955782759953525	0.9999999999999977
0.021487430522454838	1.0000000000000009
0.02341703344537442	0.9999999999999998
0.025346636368294005	1.0000000000000016
0.027276239291213592	0.9999999999999966
0.02920584221413318	0.9997722803671287
0.031135445137052763	0.9999873205531639
0.033065048059972346	1.0000026708735634
0.03499465098289193	1.0000008822785094
0.03692425390581152	0.9999982809979701
0.038853856828731104	0.9999988684879488
0.04078345975165069	0.9996341251113119
0.04271306267457028	0.9979598403452177
0.04464266559748986	0.9955848965516542
0.046572268520409445	0.9931183470677588
0.04850187144332903	0.9910592706607536
0.05043147436624861	0.9897594615324622
0.0523610772891682	0.989483143949286
0.054290680212087786	0.9903473647007219
0.05622028313500737	0.99238556685259
0.05814988605792696	0.99562919146337
0.06007948898084654	1.0000622758874582
0.06200909190376613	1.0054136409462149
0.06393869482668572	1.0113593845783189
0.0658682977496053	1.0173282314195096
0.06779790067252489	1.022897118607592
0.06972750359544447	1.0277161042083702
0.07165710651836406	1.0315727398403889
0.07358670944128365	1.0337716149056007
0.07551631236420323	1.0344711483813425
0.07744591528712282	1.0338703376085163
0.0793755182100424	1.031677275479135
0.08130512113296198	1.0276816420191044
0.08323472405588157	1.0227689982325416
0.08516432697880116	1.0165960006856847
0.08709392990172074	1.009552153748824
0.08902353282464033	1.0021340965938301
0.09095313574755991	0.9943587949231364
0.0928827386704795	0.9868482182888947
0.09481234159339909	0.9795509423588324
0.09674194451631866	0.9735251382471023
0.09867154743923826	0.9682401114233196
0.10060115036215783	0.964303278008878
0.10253075328507742	0.9621039232195802
0.10446035620799701	0.9608434816037498
0.10638995913091659	0.9619181904252295
0.10831956205383618	0.9641422277153631
0.11024916497675577	0.9676511339986545
0.11217876789967535	0.9728950914417633
0.11410837082259494	0.9787700373554917
0.11603797374551453	0.9857482547618581
0.1179675766684341	0.993132465641987
0.1198971795913537	1.0007819789377037
0.12182678251427327	1.008280753394495
0.12375638543719286	1.015438567796049
0.12568598836011244	1.0219917033365244
0.12761559128303204	1.0273555806855144
0.12954519420595162	1.0320549490811686
0.1314747971288712	1.0348815002743446
0.1334044000517908	1.036552376019748
0.13533400297471038	1.0370154189480487
0.13726360589762995	1.035436336950195
0.13919320882054953	1.0330316505152366
0.14112281174346913	1.0290367482282028
0.1430524146663887	1.0240371027815038
0.1449820175893083	1.0184192103016774
0.1469116205122279	1.0118181187183048
0.14884122343514747	1.0051139686044899
0.15077082635806704	0.9982432251446206
0.15270042928098665	0.9916993781080815
0.15463003220390623	0.9853941558291757
0.1565596351268258	0.9799865635060377
0.1584892380497454	0.9753334946871012
0.16041884097266498	0.97142763552737
0.16234844389558456	0.9691236887545067
0.16427804681850416	0.9675420838486652
0.16620764974142374	0.9674213735341582
0.16813725266434332	0.9685165783151976
0.17006685558726292	0.970334445358971
0.1719964585101825	0.973891858940628
0.17392606143310207	0.9779735898831496
0.17585566435602165	0.9828903340517651
0.17778526727894126	0.9884200022591516
0.17971487020186083	0.9941662703799173
0.1816444731247804	1.0000707737470977
0.1835740760477	1.005759916228303
0.1855036789706196	1.011246777512476
0.18743328189353917	1.015917332127328
0.18936288481645877	1.0201374103109293
0.19129248773937835	1.023400798284939
0.19322209066229792	1.0256583029897124
0.19515169358521753	1.0273267326477171
0.1970812965081371	1.0273733303145822
0.19901089943105668	1.0267841058489973
0.20094050235397626	1.0252366011925493
0.20287010527689586	1.022610840304493
0.20479970819981544	1.0195126138596657
0.20672931112273502	1.0155209141813988
0.20865891404565462	1.0111970906715522
0.2105885169685742	1.006577274055083
0.21251811989149377	1.0018235420598423
0.21444772281441338	0.9971458835940468
0.21637732573733295	0.9926975182329576
0.21830692866025253	0.9887058263280527
0.22023653158317213	0.9849856946051705
0.2221661345060917	0.9822195650347276
0.2240957374290113	0.9799445807633089
0.2260253403519309	0.9783708208701333
0.22795494327485047	0.9778071966771509
0.22988454619777005	0.9777219931682914
0.23181414912068965	0.9786857875928957
0.23374375204360923	0.9802575761508687
0.2356733549665288	0.9823435825589103
0.23760295788944838	0.9852487526536354
0.23953256081236798	0.9883994023228045
0.24146216373528756	0.9919627253458689
0.24339176665820714	0.9956753024286282
0.24532136958112674	0.9994531928601027
0.24725097250404632	1.0030801900906017
0.2491805754269659	1.0065030796548937
0.25111017834988547	1.0096496986982464
0.2530397812728051	1.0122040291917427
0.2549693841957247	1.0144457146466221
0.25689898711864423	1.0159216365056072
0.25882859004156383	1.0168289147931255
0.26075819296448344	1.017279782890235
0.262687795887403	1.0167796456321239
0.2646173988103226	1.0159272844339509
0.2665470017332422	1.0144409644912489
0.26847660465616174	1.012455656982098
0.27040620757908135	1.0102109564932609
0.27233581050200095	1.0075138038027485
0.2742654134249205	1.004729645417209
0.2761950163478401	1.0018337701857027
0.27812461927075965	0.9990141494230945
0.28005422219367926	0.9962754466088218
0.28198382511659886	0.9938057996222844
0.2839134280395184	0.9916318793478862
0.285843030962438	0.9896831841345458
0.2877726338853576	0.9883611085872633
0.28970223680827717	0.9873160720157818
0.2916318397311968	0.9867790852423134
0.2935614426541164	0.9867744896224439
0.2954910455770359	0.9870533607701634
0.29742064849995553	0.9879890510771818
0.29935025142287514	0.9891900466265002
0.3012798543457947	0.9907143555343625
0.3032094572687143	0.9925855322727716
0.3051390601916339	0.9945730065988542
0.30706866311455344	0.9967318597700855
0.30899826603747305	0.9988883071181939
0.31092786896039265	1.0010430162872752
0.3128574718833122	1.0030053343772947
0.3147870748062318	1.0048428141635872
0.3167166777291514	1.0064482972449766
0.31864628065207096	1.0077241208231884
0.32057588357499056	1.0088182297721757
0.32250548649791017	1.0094157455594097
0.3244350894208297	1.0097481682352365
0.3263646923437493	1.009773867766008
0.3282942952666689	1.0093377172976585
0.33022389818958847	1.0087103463587204
0.3321535011125081	1.0077095256380368
0.3340831040354277	1.0064960344741034
0.33601270695834723	1.0051368328647818
0.33794230988126683	1.0035742402423409
0.33987191280418644	1.0019906823730163
0.341801515727106	1.0003794531331434
0.3437311186500256	0.9988508336645847
0.34566072157294514	0.9973765786270974
0.34759032449586474	0.9961074473916499
0.34951992741878435	0.994989243233105
0.3514495303417039	0.994036885907493
0.3533791332646235	0.9934047820904943
0.3553087361875431	0.9929206264854472
0.35723833911046265	0.9927476865453593
0.35916794203338226	0.9928199088357024
0.36109754495630186	0.9930513499048211
0.3630271478792214	0.9936380422374229
0.364956750802141	0.9943370707098531
0.3668863537250606	0.9952252319662608
0.36881595664798017	0.996257098731919
0.3707455595708998	0.9973496761467037
0.3726751624938194	0.9985145800024939
0.3746047654167389	0.9996599549022752
0.37653436833965853	1.0007849455564715
0.37846397126257814	1.001788147957977
0.3803935741854977	1.0027221156853574
0.3823231771084173	1.003498729705495
0.3842527800313369	1.0041197714590742
0.38618238295425644	1.0046450957248094
0.38811198587717605	1.0048926011186092
0.39004158880009565	1.005033501577253
0.3919711917230152	1.0049966896799019
0.3939007946459348	1.0047625025269846
0.3958303975688544	1.0044340986809572
0.39776000049177396	1.0039103217074903
0.39968960341469356	1.0033040918950644
0.4016192063376131	1.002616101275231
0.4035488092605327	1.001850213402825
0.4054784121834523	1.001073515992558
0.40740801510637187	1.0002966519518788
0.4093376180292915	0.9995716490227037
0.4112672209522111	0.9988779804856444
0.4131968238751306	0.9983153736921533
0.41512642679805023	0.9978167884853459
0.41705602972096983	0.9974204220063828
0.4189856326438894	0.9971642977122932
0.420915235566809	0.9969777621581218
0.4228448384897286	0.9969514404557577
0.42477444141264814	0.9970129912112609
0.42670404433556774	0.9971573230336086
0.42863364725848735	0.9974286786566419
0.4305632501814069	0.9977424419721915
0.4324928531043265	0.9981297736694785
0.4344224560272461	0.9985443162893973
0.43635205895016566	0.9989733546276509
0.43828166187308526	0.9993794741814448
0.44021126479600486	0.9997472303779463
0.4421408677189244	1.0000569399340595
0.444070470641844	1.0002336338037943
0.4460000735647636	1.0003351122589865
0.44792967648768317	1.0002316072575508
0.4498592794106028	1.0001233257931128
0.4517888823335224	1.0000107696295115
0.45371848525644193	0.9999999999999998
0.45564808817936153	0.9999999999999992
0.45757769110228114	1.0
0.4595072940252007	1.0
0.4614368969481203	0.9999999999999999
0.4633664998710399	0.9999999999999992
0.46529610279395944	0.9999999999999991
0.46722570571687905	0.9999999999999999
0.4691553086397986	0.9999999999999998
0.4710849115627182	0.9999999999999998
0.4730145144856378	1.0000000000000009
0.47494411740855735	1.0000000000000007
0.47687372033147696	0.9999999999999991
0.47880332325439656	0.9999999999999996
0.4807329261773161	1.0000000000000004
0.4826625291002357	1.0000000000000016
0.4845921320231553	1.0000000000000009
0.48652173494607487	0.9999999999999993
0.4884513378689945	1.0
0.4903809407919141	1.000000000000001
0.4923105437148336	1.0000000000000027
0.49424014663775323	1.0000000000000018
0.49616974956067283	1.0000000000000007
0.4980993524835924	1.0000000000000002
0.5000289554065119	0.9999999999999994
0.5019585583294315	0.9999999999999986
0.5038881612523511	0.9999999999999987
0.5058177641752707	0.9999999999999993
0.5077473670981902	1.0000000000000009
0.5096769700211099	1.0000000000000002
0.5116065729440294	0.999999999999999
0.513536175866949	1.0
0.5154657787898687	1.0000000000000002
0.5173953817127882	0.9999999999999992
0.5193249846357078	0.9999999999999992
0.5212545875586274	0.9999999999999994
0.523184190481547	0.9999999999999994
0.5251137934044665	0.9999999999999989
0.5270433963273862	0.9999999999999979
0.5289729992503057	0.9999999999999998
0.5309026021732253	1.000000000000001
0.5328322050961449	1.000000000000001
0.5347618080190645	1.0000000000000016
0.536691410941984	1.000000000000002
0.5386210138649037	1.0000000000000009
0.5405506167878232	1.0000000000000004
0.5424802197107428	1.0000000000000009
0.5444098226336624	1.0000000000000002
0.546339425556582	0.9999999999999999
0.5482690284795015	1.0000000000000004
0.5501986314024212	0.9999999999999998
0.5521282343253407	0.9999999999999983
0.5540578372482603	0.9999999999999981
0.5559874401711798	0.9999999999999984
0.5579170430940995	1.0
0.5598466460170191	1.0000000000000004
0.5617762489399386	1.0000000000000002
0.5637058518628583	0.9999999999999999
0.5656354547857778	0.9999999999999994
0.5675650577086974	0.9999999999999987
0.569494660631617	0.9999999999999991
0.5714242635545366	0.9999999999999994
0.5733538664774561	0.9999999999999984
0.5752834694003758	0.9999999999999987
0.5772130723232953	0.9999999999999999
0.5791426752462149	1.0
0.5810722781691345	1.0000000000000002
0.5830018810920541	1.0000000000000002
0.5849314840149736	1.0
0.5868610869378933	1.0
0.5887906898608128	1.0000000000000007
0.5907202927837324	1.0000000000000004
0.592649895706652	0.9999999999999996
0.5945794986295716	0.9999999999999996
0.5965091015524911	0.9999999999999999
0.5984387044754108	1.0000000000000007
0.6003683073983304	1.0000000000000004
0.6022979103212499	0.9999999999999996
0.6042275132441696	0.9999999999999993
0.6061571161670891	0.9999999999999991
0.6080867190900087	0.9999999999999992
0.6100163220129283	0.9999999999999993
0.6119459249358479	0.9999999999999994
0.6138755278587674	0.9999999999999993
0.6158051307816871	0.9999999999999992
0.6177347337046066	0.9999999999999992
0.6196643366275262	0.9999999999999991
0.6215939395504458	0.999999999999999
0.6235235424733654	0.9999999999999988
0.6254531453962849	0.9999999999999994
0.6273827483192046	1.0000000000000004
0.6293123512421241	1.0000000000000002
0.6312419541650437	1.0000000000000004
0.6331715570879634	1.0000000000000009
0.6351011600108829	1.0000000000000009
0.6370307629338025	1.0000000000000007
0.6389603658567221	0.9999999999999998
0.6408899687796417	0.9999999999999997
0.6428195717025612	1.0000000000000002
0.6447491746254809	1.0000000000000002
0.6466787775484004	1.0000000000000002
0.64860838047132	1.0000000000000002
0.6505379833942396	1.0000000000000004
0.6524675863171592	1.0000000000000009
0.6543971892400787	1.0000000000000004
0.6563267921629984	1.0000000000000002
0.6582563950859179	0.9999999999999999
0.6601859980088375	0.9999999999999992
0.6621156009317571	0.9999999999999986
0.6640452038546767	0.9999999999999993
0.6659748067775962	0.9999999999999998
0.6679044097005159	0.9999999999999999
0.6698340126234354	0.9999999999999999
0.671763615546355	0.9999999999999999
0.6736932184692747	1.0000000000000002
0.6756228213921942	1.0000000000000002
0.6775524243151138	1.0
0.6794820272380334	1.0000000000000002
0.681411630160953	1.0000000000000002
0.6833412330838725	1.0000000000000004
0.6852708360067921	1.0000000000000004
0.6872004389297117	1.0000000000000004
0.6891300418526313	0.9999999999999999
0.6910596447755508	0.9999999999999999
0.6929892476984705	1.0000000000000004
0.69491885062139	1.0000000000000009
0.6968484535443096	1.0000000000000009
0.6987780564672292	1.0000000000000004
0.7007076593901488	0.9999999999999997
0.7026372623130683	0.9999999999999988
0.704566865235988	0.9999999999999997
0.7064964681589075	1.0000000000000002
0.7084260710818271	1.0000000000000002
0.7103556740047468	1.0000000000000007
0.7122852769276663	1.000000000000001
0.7142148798505858	0.9999999999999998
0.7161444827735055	0.9999999999999991
0.7180740856964251	0.9999999999999991
0.7200036886193446	0.9999999999999993
0.7219332915422643	0.9999999999999997
0.7238628944651838	1.0000000000000004
0.7257924973881034	1.0
0.727722100311023	0.999999999999999
0.7296517032339426	0.9999999999999993
0.7315813061568621	0.9999999999999997
0.7335109090797818	0.9999999999999998
0.7354405120027013	1.0000000000000007
0.7373701149256209	1.0000000000000016
0.7392997178485405	1.0000000000000002
0.7412293207714601	0.9999999999999997
0.7431589236943796	0.9999999999999996
0.7450885266172993	0.9999999999999999
0.7470181295402188	1.0
0.7489477324631384	0.9999999999999997
0.750877335386058	0.9999999999999992
0.7528069383089776	0.9999999999999988
0.7547365412318972	0.9999999999999994
0.7566661441548168	1.0
0.7585957470777364	1.0000000000000004
0.7605253500006559	0.9999999999999994
0.7624549529235756	0.9999999999999986
0.7643845558464951	0.9999999999999994
0.7663141587694147	1.0000000000000002
0.7682437616923343	1.000000000000001
0.7701733646152539	1.0000000000000007
0.7721029675381734	1.0000000000000002
0.7740325704610931	1.0000000000000004
0.7759621733840126	0.9999999999999998
0.7778917763069322	0.999999999999999
0.7798213792298518	0.9999999999999998
0.7817509821527714	1.0000000000000002
0.7836805850756909	1.0000000000000002
0.7856101879986106	1.0000000000000007
0.7875397909215301	1.000000000000001
0.7894693938444497	1.0000000000000013
0.7913989967673694	1.0000000000000007
0.7933285996902889	0.9999999999999996
0.7952582026132085	1.0000000000000004
0.7971878055361281	1.0000000000000007
0.7991174084590477	0.9999999999999991
0.8010470113819672	0.999999999999999
0.8029766143048868	0.9999999999999993
0.8049062172278064	0.999999999999999
0.806835820150726	0.9999999999999989
0.8087654230736455	0.999999999999999
0.8106950259965652	0.9999999999999992
0.8126246289194847	0.9999999999999996
0.8145542318424043	1.0000000000000009
0.8164838347653239	1.0000000000000009
0.8184134376882435	0.9999999999999999
0.820343040611163	1.0000000000000002
0.8222726435340827	1.0000000000000002
0.8242022464570022	1.0
0.8261318493799218	1.0
0.8280614523028414	1.0
0.829991055225761	0.9999999999999988
0.8319206581486805	0.9999999999999989
0.8338502610716002	1.0000000000000004
0.8357798639945198	0.9999999999999996
0.8377094669174393	0.9999999999999988
0.839639069840359	0.9999999999999998
0.8415686727632785	1.0000000000000004
0.8434982756861981	1.000000000000001
0.8454278786091177	1.0000000000000007
0.8473574815320373	1.0000000000000007
0.8492870844549568	1.000000000000001
0.8512166873778765	1.0
0.853146290300796	0.9999999999999989
0.8550758932237156	1.0000000000000002
0.8570054961466352	1.0000000000000009
0.8589350990695548	1.0000000000000007
0.8608647019924743	1.0000000000000009
0.862794304915394	1.0000000000000009
0.8647239078383135	1.0000000000000009
0.8666535107612331	1.0000000000000009
0.8685831136841528	1.0000000000000009
0.8705127166070723	1.0000000000000009
0.8724423195299918	1.0000000000000009
0.8743719224529115	1.0000000000000009
0.8763015253758311	1.0000000000000009
0.8782311282987506	1.0000000000000009
0.8801607312216703	1.0000000000000009
0.8820903341445898	1.0000000000000009
0.8840199370675094	1.0000000000000009
0.885949539990429	1.0000000000000009
0.8878791429133486	1.0000000000000009
0.8898087458362681	1.0000000000000009
0.8917383487591878	1.0000000000000009
0.8936679516821073	1.0000000000000009
0.8955975546050269	1.000000000000001
0.8975271575279465	1.000000000000001
0.8994567604508661	1.000000000000001
0.9013863633737856	1.000000000000001
0.9033159662967053	1.000000000000001
0.9052455692196248	1.000000000000001
0.9071751721425444	1.000000000000001
0.909104775065464	1.000000000000001
0.9110343779883836	1.000000000000001
0.9129639809113032	1.000000000000001
0.9148935838342228	1.000000000000001
0.9168231867571424	1.000000000000001
0.9187527896800619	1.000000000000001
0.9206823926029816	1.000000000000001
0.9226119955259011	1.000000000000001
0.9245415984488207	1.000000000000001
0.9264712013717403	1.000000000000001
0.9284008042946599	1.000000000000001
0.9303304072175794	1.000000000000001
0.932260010140499	1.000000000000001
0.9341896130634186	1.000000000000001
0.9361192159863382	1.000000000000001
0.9380488189092577	1.000000000000001
0.9399784218321774	1.000000000000001
0.9419080247550969	1.000000000000001
0.9438376276780165	1.000000000000001
0.9457672306009361	1.000000000000001
0.9476968335238557	1.000000000000001
0.9496264364467752	1.000000000000001
0.9515560393696949	1.000000000000001
0.9534856422926145	1.000000000000001
0.955415245215534	1.000000000000001
0.9573448481384537	1.000000000000001
0.9592744510613732	1.000000000000001
0.9612040539842928	1.000000000000001
0.9631336569072124	1.0000000000000013
0.965063259830132	1.0000000000000013
0.9669928627530515	1.0000000000000013
0.9689224656759712	1.0000000000000013
0.9708520685988907	1.0000000000000013
0.9727816715218103	1.0000000000000013
0.9747112744447299	1.0000000000000013
0.9766408773676495	1.0000000000000013
0.978570480290569	1.0000000000000013
0.9805000832134887	1.0000000000000013
0.9824296861364082	1.0000000000000013
0.9843592890593278	1.0000000000000013
0.9862888919822475	1.0000000000000013
0.988218494905167	1.0000000000000013
0.9901480978280865	1.0000000000000013
0.9920777007510062	1.0000000000000013
0.9940073036739258	1.0000000000000013
0.9959369065968453	1.0000000000000013
0.997866509519765	1.0000000000000013
0.9997961124426845	1.0000000000000013
1.0017257153656043	1.0000000000000013
1.0036553182885237	1.0000000000000013
1.0055849212114434	1.0000000000000013
1.007514524134363	1.0000000000000013
1.0094441270572825	1.0000000000000013
1.0113737299802021	1.000000000000001
1.0133033329031218	1.000000000000001
1.0152329358260412	1.000000000000001
1.017162538748961	1.000000000000001
1.0190921416718806	1.000000000000001
1.0210217445948	1.000000000000001
1.0229513475177197	1.000000000000001
1.0248809504406393	1.000000000000001
1.0268105533635588	1.000000000000001
1.0287401562864784	1.000000000000001
1.030669759209398	1.000000000000001
1.0325993621323175	1.000000000000001
1.0345289650552372	1.000000000000001
1.0364585679781568	1.000000000000001
1.0383881709010763	1.000000000000001
1.040317773823996	1.000000000000001
1.0422473767469156	1.000000000000001
1.044176979669835	1.0000000000000009
1.0461065825927547	1.0000000000000009
1.0480361855156743	1.0000000000000009
1.0499657884385938	1.0000000000000009
1.0518953913615134	1.0000000000000009
1.053824994284433	1.0000000000000009
1.0557545972073525	1.0000000000000009
1.0576842001302722	1.0000000000000009
1.0596138030531919	1.0000000000000009
1.0615434059761113	1.0000000000000009
1.063473008899031	1.0000000000000009
1.0654026118219506	1.0000000000000009
1.06733221474487	1.0000000000000009
1.0692618176677897	1.0000000000000009
1.0711914205907094	1.0000000000000009
1.0731210235136288	1.0000000000000009
1.0750506264365485	1.0000000000000009
1.0769802293594681	1.0000000000000007
1.0789098322823876	1.0000000000000007
1.0808394352053072	1.0000000000000007
1.082769038128227	1.0000000000000007
1.0846986410511463	1.0000000000000007
1.086628243974066	1.0000000000000007
1.0885578468969856	1.0000000000000007
1.090487449819905	1.0000000000000007
1.0924170527428247	1.0000000000000007
1.0943466556657444	1.0000000000000007
1.0962762585886638	1.0000000000000007
1.0982058615115835	1.0000000000000007
1.1001354644345032	1.0000000000000007
1.1020650673574226	1.0000000000000007
1.1039946702803423	1.0000000000000007
1.105924273203262	1.0000000000000007
1.1078538761261814	1.0000000000000007
1.109783479049101	1.0000000000000004
1.1117130819720205	1.0000000000000004
1.1136426848949401	1.0000000000000004
1.1155722878178598	1.0000000000000004
1.1175018907407792	1.0000000000000004
1.1194314936636989	1.0000000000000004
1.1213610965866185	1.0000000000000004
1.123290699509538	1.0000000000000004
1.1252203024324576	1.0000000000000004
1.1271499053553773	1.0000000000000004
1.1290795082782967	1.0000000000000004
1.1310091112012164	1.0000000000000004
1.132938714124136	1.0000000000000004
1.1348683170470555	1.0000000000000004
1.1367979199699751	1.0000000000000004
1.1387275228928948	1.0000000000000004
1.1406571258158142	1.0000000000000004
1.142586728738734	1.0000000000000002
1.1445163316616536	1.0000000000000002
1.146445934584573	1.0000000000000002
1.1483755375074927	1.0000000000000002
1.1503051404304123	1.0000000000000002
1.1522347433533318	1.0000000000000002
1.1541643462762514	1.0000000000000002
1.156093949199171	1.0000000000000002
1.1580235521220905	1.0000000000000002
1.1599531550450102	1.0000000000000002
1.1618827579679298	1.0000000000000002
1.1638123608908493	1.0000000000000002
1.165741963813769	1.0000000000000002
1.1676715667366886	1.0000000000000002
1.169601169659608	1.0000000000000002
1.1715307725825277	1.0000000000000002
1.1734603755054474	1.0000000000000002
1.1753899784283668	1.0
1.1773195813512864	1.0
1.179249184274206	1.0
1.1811787871971255	1.0
1.1831083901200452	1.0
1.1850379930429649	1.0
1.1869675959658843	1.0
1.188897198888804	1.0
1.1908268018117236	1.0
1.192756404734643	1.0
1.1946860076575627	1.0
1.1966156105804824	1.0
1.1985452135034018	1.0
1.2004748164263215	0.9999999999999999
1.2024044193492411	0.9999999999999999
1.2043340222721606	0.9999999999999999
1.2062636251950802	0.9999999999999999
1.208193228118	0.9999999999999999
