#Interval: 1.000000 Mpc/h, Area= 1.000000 deg^2
# z <nobs> <wc nobs> <wc wfkp nobs> N_objects
0.600220 5.780078e-01 6.229895e-01 1.628163e-01 450
0.600657 5.516270e-01 6.100764e-01 1.589091e-01 430
0.601109 5.906554e-01 6.288416e-01 1.643124e-01 461
0.601548 5.847981e-01 6.317113e-01 1.665744e-01 457
0.601994 5.891794e-01 6.384173e-01 1.673150e-01 461
0.602433 5.297268e-01 5.814938e-01 1.523420e-01 415
0.602872 5.902588e-01 6.381985e-01 1.677737e-01 463
0.603302 5.920690e-01 6.426971e-01 1.695277e-01 465
0.603749 5.506371e-01 5.849225e-01 1.537588e-01 433
0.604205 5.436006e-01 6.143431e-01 1.622273e-01 428
0.604641 5.797107e-01 6.296662e-01 1.652442e-01 457
0.605077 5.650530e-01 5.960627e-01 1.570813e-01 446
0.605534 5.618196e-01 6.063370e-01 1.602542e-01 444
0.605977 5.232078e-01 5.709541e-01 1.515624e-01 414
0.606420 5.288690e-01 5.773319e-01 1.536035e-01 419
0.606857 5.559469e-01 6.125129e-01 1.625088e-01 441
0.607314 4.923029e-01 5.410138e-01 1.451459e-01 391
0.607732 5.080404e-01 5.463935e-01 1.463221e-01 404
0.608185 5.074110e-01 5.550055e-01 1.489815e-01 404
0.608640 4.879666e-01 5.537136e-01 1.485711e-01 389
0.609074 5.650401e-01 6.088846e-01 1.622827e-01 451
0.609512 4.867600e-01 5.251744e-01 1.404449e-01 389
0.609961 4.924073e-01 5.209182e-01 1.420726e-01 394
0.610401 4.930473e-01 5.314361e-01 1.476165e-01 395
0.610849 5.622528e-01 6.162158e-01 1.721232e-01 451
0.611293 4.768896e-01 5.212986e-01 1.458011e-01 383
0.611729 5.024174e-01 5.456544e-01 1.529078e-01 404
0.612184 5.253978e-01 5.784547e-01 1.623111e-01 423
0.612634 5.383969e-01 5.803826e-01 1.596025e-01 434
0.613065 4.894126e-01 5.331208e-01 1.483035e-01 395
0.613513 5.383105e-01 5.682235e-01 1.595074e-01 435
0.613974 5.425928e-01 5.923329e-01 1.647619e-01 439
0.614405 4.913137e-01 5.237066e-01 1.441615e-01 398
0.614854 5.276988e-01 5.605298e-01 1.585141e-01 428
0.615301 5.430600e-01 6.003675e-01 1.673853e-01 441
0.615737 4.944273e-01 5.291842e-01 1.476795e-01 402
0.616198 5.319023e-01 5.890615e-01 1.644015e-01 433
0.616633 4.551827e-01 4.966756e-01 1.391913e-01 371
0.617084 5.281500e-01 5.610716e-01 1.579719e-01 431
0.617530 5.091455e-01 5.714111e-01 1.596183e-01 416
0.617970 4.962990e-01 5.360061e-01 1.523243e-01 406
0.618417 4.981346e-01 5.522262e-01 1.547743e-01 408
0.618867 4.889905e-01 5.310477e-01 1.491897e-01 401
0.619317 5.176245e-01 5.701855e-01 1.596276e-01 425
0.619776 4.707680e-01 5.165345e-01 1.464913e-01 387
0.620210 5.090735e-01 5.533985e-01 1.623595e-01 419
0.620640 5.023861e-01 5.481700e-01 1.603490e-01 414
0.621097 5.272270e-01 5.841491e-01 1.722266e-01 435
0.621551 4.975327e-01 5.241978e-01 1.534900e-01 411
0.621998 4.413106e-01 4.787716e-01 1.407122e-01 365
0.622451 5.192686e-01 5.763200e-01 1.683091e-01 430
0.622893 4.740111e-01 5.170190e-01 1.528688e-01 393
0.623347 4.999388e-01 5.561823e-01 1.658091e-01 415
0.623787 4.548137e-01 4.991018e-01 1.472436e-01 378
0.624236 4.794993e-01 5.066477e-01 1.473193e-01 399
0.624682 4.081010e-01 4.309408e-01 1.259485e-01 340
0.625129 4.819354e-01 5.117534e-01 1.504971e-01 402
0.625578 4.358514e-01 4.672735e-01 1.382474e-01 364
0.626026 4.747907e-01 5.153856e-01 1.518713e-01 397
0.626480 4.598830e-01 5.004403e-01 1.505423e-01 385
0.626928 4.629069e-01 5.020675e-01 1.502575e-01 388
0.627375 4.182583e-01 4.514213e-01 1.359390e-01 351
0.627825 4.332262e-01 4.719007e-01 1.420860e-01 364
0.628283 4.529128e-01 4.850540e-01 1.441544e-01 381
0.628712 4.167477e-01 4.482141e-01 1.372865e-01 351
0.629173 4.316625e-01 4.598395e-01 1.395414e-01 364
0.629617 4.133763e-01 4.533374e-01 1.366573e-01 349
0.630077 4.353569e-01 4.706896e-01 1.515572e-01 368
0.630524 4.277440e-01 4.580818e-01 1.497595e-01 362
0.630976 4.166085e-01 4.446230e-01 1.433805e-01 353
0.631424 4.031419e-01 4.356035e-01 1.420188e-01 342
0.631869 3.696922e-01 3.955601e-01 1.294643e-01 314
0.632329 4.009997e-01 4.304493e-01 1.396948e-01 341
0.632775 4.110901e-01 4.341034e-01 1.412379e-01 350
0.633235 4.000396e-01 4.376374e-01 1.420713e-01 341
0.633672 3.819849e-01 4.171441e-01 1.366809e-01 326
0.634122 4.283413e-01 4.787607e-01 1.552558e-01 366
0.634579 3.541866e-01 3.852952e-01 1.262177e-01 303
0.635030 3.922922e-01 4.347007e-01 1.405629e-01 336
0.635483 4.734539e-01 5.038608e-01 1.635083e-01 406
0.635915 3.657319e-01 3.894657e-01 1.264974e-01 314
0.636381 3.769294e-01 4.063000e-01 1.304483e-01 324
0.636829 3.811281e-01 4.054378e-01 1.331564e-01 328
0.637282 4.688792e-01 5.219798e-01 1.711121e-01 404
0.637732 3.639921e-01 3.850547e-01 1.243484e-01 314
0.638177 3.739796e-01 4.013693e-01 1.326941e-01 323
0.638635 3.735350e-01 4.094684e-01 1.310778e-01 323
0.639097 3.973479e-01 4.273943e-01 1.409432e-01 344
0.639535 4.026446e-01 4.342190e-01 1.436693e-01 349
0.640005 4.067761e-01 4.501539e-01 1.519710e-01 353
0.640446 3.970859e-01 4.337200e-01 1.489404e-01 345
0.640895 3.713238e-01 4.052118e-01 1.410184e-01 323
0.641356 3.651427e-01 4.062981e-01 1.403497e-01 318
0.641813 3.910888e-01 4.215171e-01 1.478867e-01 341
0.642270 3.711520e-01 4.106851e-01 1.415273e-01 324
0.642714 3.707131e-01 3.909968e-01 1.372866e-01 324
0.643175 3.359903e-01 3.751747e-01 1.307602e-01 294
0.643613 3.835353e-01 4.277169e-01 1.478303e-01 336
0.644090 3.477387e-01 3.782611e-01 1.332431e-01 305
0.644535 3.279691e-01 3.502596e-01 1.197141e-01 288
0.644988 3.480563e-01 3.780947e-01 1.292958e-01 306
0.645429 3.510545e-01 3.713000e-01 1.301155e-01 309
0.645882 3.744711e-01 3.968982e-01 1.375598e-01 330
0.646350 3.456947e-01 3.764859e-01 1.321918e-01 305
0.646807 3.430239e-01 3.813224e-01 1.327308e-01 303
0.647247 2.939979e-01 3.172887e-01 1.106476e-01 260
0.647708 3.433475e-01 3.676594e-01 1.266537e-01 304
0.648153 3.452006e-01 3.701501e-01 1.291579e-01 306
0.648613 3.346544e-01 3.646162e-01 1.300311e-01 297
0.649076 3.646494e-01 3.973269e-01 1.397368e-01 324
0.649535 3.653461e-01 3.946897e-01 1.379963e-01 325
0.649971 3.682866e-01 3.956458e-01 1.421272e-01 328
0.650452 3.241165e-01 3.537130e-01 1.290294e-01 289
0.650896 3.528624e-01 3.698869e-01 1.347414e-01 315
0.651362 3.423798e-01 3.740116e-01 1.334556e-01 306
0.651816 3.162753e-01 3.457794e-01 1.245088e-01 283
0.652250 3.147896e-01 3.389533e-01 1.221030e-01 282
0.652726 3.333766e-01 3.575235e-01 1.320558e-01 299
0.653165 3.374424e-01 3.687264e-01 1.333889e-01 303
0.653621 3.615211e-01 3.886102e-01 1.410069e-01 325
0.654089 3.466558e-01 3.715244e-01 1.350821e-01 312
0.654555 3.185076e-01 3.483185e-01 1.268096e-01 287
0.654985 3.336557e-01 3.703079e-01 1.335853e-01 301
0.655457 3.332676e-01 3.574197e-01 1.321149e-01 301
0.655926 3.207151e-01 3.426599e-01 1.267268e-01 290
0.656371 3.501674e-01 3.778887e-01 1.391627e-01 317
0.656820 3.574842e-01 3.800827e-01 1.378645e-01 324
0.657296 2.931495e-01 3.298398e-01 1.206237e-01 266
0.657758 3.368410e-01 3.713765e-01 1.370037e-01 306
0.658209 3.045646e-01 3.315103e-01 1.208325e-01 277
0.658653 3.173906e-01 3.585326e-01 1.301177e-01 289
0.659106 3.290898e-01 3.613287e-01 1.305849e-01 300
0.659573 3.517186e-01 3.778945e-01 1.391795e-01 321
0.660026 2.965903e-01 3.272683e-01 1.211060e-01 271
0.660483 3.170176e-01 3.542838e-01 1.359955e-01 290
0.660946 2.718834e-01 2.911110e-01 1.103992e-01 249
0.661414 3.042888e-01 3.310136e-01 1.251673e-01 279
0.661870 3.268147e-01 3.533218e-01 1.331750e-01 300
0.662332 3.253496e-01 3.489546e-01 1.318227e-01 299
0.662774 3.162797e-01 3.402110e-01 1.316359e-01 291
0.663231 2.898605e-01 3.082758e-01 1.176335e-01 267
0.663705 3.079611e-01 3.368510e-01 1.276607e-01 284
0.664163 3.260198e-01 3.375791e-01 1.297516e-01 301
0.664625 3.126624e-01 3.320564e-01 1.239003e-01 289
0.665084 3.090612e-01 3.309707e-01 1.272959e-01 286
0.665537 3.518819e-01 3.859317e-01 1.483465e-01 326
0.665979 2.921796e-01 3.187918e-01 1.228680e-01 271
0.666450 2.864598e-01 3.242698e-01 1.235744e-01 266
0.666917 2.904340e-01 3.100236e-01 1.169161e-01 270
0.667360 3.201858e-01 3.596727e-01 1.380515e-01 298
0.667835 3.219655e-01 3.535554e-01 1.373077e-01 300
0.668308 2.926533e-01 3.168268e-01 1.212721e-01 273
0.668766 2.998138e-01 3.315693e-01 1.270914e-01 280
0.669229 2.994710e-01 3.214181e-01 1.221129e-01 280
0.669688 2.542595e-01 2.859885e-01 1.064475e-01 238
0.670139 2.870491e-01 2.996838e-01 1.192618e-01 269
0.670599 3.069732e-01 3.390478e-01 1.375402e-01 288
0.671075 3.044937e-01 3.233318e-01 1.287829e-01 286
0.671526 2.786238e-01 3.012646e-01 1.214853e-01 262
0.671990 2.846797e-01 3.031329e-01 1.214059e-01 268
0.672454 2.864776e-01 3.042016e-01 1.203926e-01 270
0.672921 2.850917e-01 3.063116e-01 1.238351e-01 269
0.673380 2.911192e-01 3.182693e-01 1.291888e-01 275
0.673845 2.865586e-01 3.031889e-01 1.239268e-01 271
0.674301 2.999637e-01 3.210557e-01 1.326796e-01 284
0.674764 2.816879e-01 3.186816e-01 1.301343e-01 267
0.675229 2.455386e-01 2.578244e-01 1.031617e-01 233
0.675673 2.452601e-01 2.675602e-01 1.076043e-01 233
0.676146 2.449820e-01 2.661734e-01 1.116577e-01 233
0.676610 2.562570e-01 2.751174e-01 1.112987e-01 244
0.677064 2.937325e-01 3.225117e-01 1.311242e-01 280
0.677538 2.609165e-01 2.758179e-01 1.141899e-01 249
0.678012 2.972549e-01 3.204627e-01 1.323863e-01 284
0.678481 2.394170e-01 2.560779e-01 1.061009e-01 229
0.678944 2.464567e-01 2.609620e-01 1.076925e-01 236
0.679404 2.670410e-01 2.861929e-01 1.164734e-01 256
0.679856 2.323552e-01 2.445099e-01 9.986190e-02 223
0.680320 2.560310e-01 2.797503e-01 1.170229e-01 246
0.680776 2.609404e-01 2.694239e-01 1.114479e-01 251
0.681231 2.544158e-01 2.731746e-01 1.134268e-01 245
0.681708 2.655393e-01 2.793840e-01 1.136097e-01 256
0.682197 2.496990e-01 2.726090e-01 1.137713e-01 241
0.682655 2.463134e-01 2.724827e-01 1.139128e-01 238
0.683122 2.853197e-01 3.020157e-01 1.251272e-01 276
0.683578 2.674448e-01 2.846374e-01 1.202821e-01 259
0.684026 2.764276e-01 3.008338e-01 1.259657e-01 268
0.684510 2.472693e-01 2.714703e-01 1.150987e-01 240
0.684968 2.541959e-01 2.826925e-01 1.184315e-01 247
0.685446 2.600789e-01 2.799119e-01 1.170284e-01 253
0.685928 2.628680e-01 2.813802e-01 1.182139e-01 256
0.686374 2.912927e-01 3.095505e-01 1.281578e-01 284
0.686834 2.469119e-01 2.621534e-01 1.098993e-01 241
0.687308 2.404954e-01 2.526160e-01 1.045153e-01 235
0.687760 2.371599e-01 2.747858e-01 1.138137e-01 232
0.688243 2.358738e-01 2.486193e-01 1.004358e-01 231
0.688696 2.611095e-01 2.813642e-01 1.152703e-01 256
0.689163 2.465546e-01 2.571194e-01 1.073714e-01 242
0.689634 2.361028e-01 2.577234e-01 1.057249e-01 232
0.690104 2.429555e-01 2.582854e-01 1.106196e-01 239
0.690572 2.254227e-01 2.404456e-01 1.054165e-01 222
0.691041 2.535717e-01 2.825080e-01 1.244901e-01 250
0.691499 1.955395e-01 2.178980e-01 9.325876e-02 193
0.691976 2.327672e-01 2.597216e-01 1.165606e-01 230
0.692450 2.496939e-01 2.607498e-01 1.138891e-01 247
0.692909 2.675926e-01 2.815436e-01 1.199390e-01 265
0.693372 2.451049e-01 2.659925e-01 1.183831e-01 243
0.693831 2.680064e-01 2.905190e-01 1.245374e-01 266
0.694296 2.224200e-01 2.396826e-01 1.031795e-01 221
0.694787 2.613806e-01 2.818042e-01 1.209494e-01 260
0.695238 2.369903e-01 2.608024e-01 1.150193e-01 236
0.695719 2.367279e-01 2.499077e-01 1.071910e-01 236
0.696180 2.104146e-01 2.236512e-01 9.487378e-02 210
0.696636 2.692330e-01 2.933129e-01 1.231663e-01 269
0.697130 2.199471e-01 2.383283e-01 1.032061e-01 220
0.697598 2.107162e-01 2.241486e-01 9.677755e-02 211
0.698048 1.925276e-01 2.045512e-01 8.971075e-02 193
0.698523 2.042726e-01 2.211953e-01 9.645122e-02 205
0.698999 2.329125e-01 2.459825e-01 1.082099e-01 234
0.699464 2.097879e-01 2.237278e-01 9.652693e-02 211
0.699937 1.956525e-01 2.121573e-01 9.348546e-02 197
0.700408 2.192466e-01 2.287550e-01 1.065757e-01 221
0.700890 2.229692e-01 2.397271e-01 1.108564e-01 225
0.701335 1.890679e-01 2.082326e-01 9.432939e-02 191
0.701807 2.382999e-01 2.512207e-01 1.137760e-01 241
0.702307 2.024805e-01 2.150080e-01 9.784019e-02 205
0.702763 2.111378e-01 2.314552e-01 1.063492e-01 214
0.703236 2.069639e-01 2.249599e-01 1.037198e-01 210
0.703696 2.195348e-01 2.364614e-01 1.088068e-01 223
0.704167 2.104437e-01 2.241252e-01 1.042929e-01 214
0.704631 1.846732e-01 1.982408e-01 9.208527e-02 188
0.705128 2.011519e-01 2.154557e-01 1.005808e-01 205
0.705587 2.048523e-01 2.170252e-01 1.006567e-01 209
0.706060 2.144191e-01 2.247721e-01 1.056135e-01 219
0.706531 2.004925e-01 2.138847e-01 9.760573e-02 205
0.706996 2.061350e-01 2.230352e-01 1.022432e-01 211
0.707486 2.166445e-01 2.345528e-01 1.056097e-01 222
0.707940 1.969118e-01 2.151050e-01 1.046335e-01 202
0.708426 1.830646e-01 1.969549e-01 8.859984e-02 188
0.708903 2.013460e-01 2.216874e-01 1.005136e-01 207
0.709370 1.923819e-01 2.073125e-01 9.590430e-02 198
0.709825 1.679082e-01 1.858775e-01 8.901134e-02 173
0.710308 1.589998e-01 1.692331e-01 7.987672e-02 164
0.710782 2.237134e-01 2.390483e-01 1.140112e-01 231
0.711266 2.031547e-01 2.204014e-01 1.035558e-01 210
0.711730 2.251600e-01 2.402848e-01 1.156623e-01 233
0.712214 1.891992e-01 2.063576e-01 9.844399e-02 196
0.712683 1.976721e-01 2.151630e-01 1.007395e-01 205
0.713153 1.955312e-01 2.117358e-01 9.802146e-02 203
0.713648 1.953192e-01 2.079441e-01 9.665507e-02 203
0.714095 1.672350e-01 1.805672e-01 8.534027e-02 174
0.714583 1.612934e-01 1.742755e-01 8.430182e-02 168
0.715060 1.745453e-01 1.858478e-01 8.750782e-02 182
0.715519 2.030965e-01 2.173430e-01 1.028799e-01 212
0.716002 1.856515e-01 2.025008e-01 9.638466e-02 194
0.716469 1.768474e-01 1.938875e-01 9.483086e-02 185
0.716931 1.890700e-01 2.000577e-01 9.678573e-02 198
0.717424 1.716963e-01 1.912909e-01 9.105710e-02 180
0.717890 1.886621e-01 2.119585e-01 9.863791e-02 198
0.718383 1.865549e-01 2.007467e-01 9.791154e-02 196
0.718847 1.968125e-01 2.108211e-01 9.998849e-02 207
0.719329 1.823540e-01 1.912965e-01 8.996500e-02 192
0.719797 1.736190e-01 1.936539e-01 9.033962e-02 183
0.720292 1.715367e-01 1.869967e-01 9.375638e-02 181
0.720759 1.988064e-01 2.148432e-01 1.055256e-01 210
0.721222 1.796791e-01 1.932816e-01 9.508404e-02 190
0.721725 1.700394e-01 1.880651e-01 9.302039e-02 180
0.722183 1.830679e-01 1.963259e-01 9.667763e-02 194
0.722662 1.715597e-01 1.915082e-01 9.376037e-02 182
0.723147 1.873833e-01 2.034685e-01 9.947459e-02 199
0.723615 1.871824e-01 1.974680e-01 9.916397e-02 199
0.724100 1.456391e-01 1.640640e-01 8.022153e-02 155
0.724567 1.736411e-01 1.864855e-01 9.088552e-02 185
0.725034 1.350138e-01 1.478815e-01 7.238066e-02 144
0.725547 1.526646e-01 1.679457e-01 8.585509e-02 163
0.725995 1.917962e-01 2.049709e-01 1.032960e-01 205
0.726476 1.523384e-01 1.686503e-01 8.389236e-02 163
0.726952 1.475077e-01 1.580903e-01 7.662605e-02 158
0.727445 1.482828e-01 1.568637e-01 7.891988e-02 159
0.727918 1.593037e-01 1.681315e-01 8.178789e-02 171
0.728413 1.619257e-01 1.821202e-01 9.287468e-02 174
0.728901 1.710492e-01 1.816866e-01 8.958408e-02 184
0.729354 1.532231e-01 1.688071e-01 8.246360e-02 165
0.729836 1.725403e-01 1.807448e-01 8.889867e-02 186
0.730299 1.640169e-01 1.744684e-01 8.572882e-02 177
0.730810 1.601397e-01 1.816790e-01 9.296764e-02 173
0.731258 1.793878e-01 1.950556e-01 9.702602e-02 194
0.731754 1.616469e-01 1.775024e-01 8.810485e-02 175
0.732239 1.411755e-01 1.530324e-01 7.574094e-02 153
0.732724 1.603821e-01 1.722911e-01 8.882418e-02 174
0.733204 1.786272e-01 1.922255e-01 9.488305e-02 194
0.733672 1.517641e-01 1.601623e-01 8.018005e-02 165
0.734145 1.607913e-01 1.859647e-01 9.223319e-02 175
0.734630 1.642924e-01 1.827016e-01 8.968219e-02 179
0.735124 1.485318e-01 1.563427e-01 7.798597e-02 162
0.735601 1.291409e-01 1.340050e-01 6.814654e-02 141
0.736071 1.344938e-01 1.452959e-01 7.138764e-02 147
0.736541 1.462331e-01 1.537107e-01 7.780771e-02 160
0.737036 1.698164e-01 1.824178e-01 9.319411e-02 186
0.737529 1.915258e-01 2.079123e-01 1.046280e-01 210
0.737997 1.685471e-01 1.798114e-01 9.014127e-02 185
0.738475 1.538076e-01 1.631863e-01 8.232475e-02 169
0.738956 1.709193e-01 1.786031e-01 9.300981e-02 188
0.739424 1.344117e-01 1.416871e-01 7.065185e-02 148
0.739935 1.741883e-01 1.808528e-01 9.173279e-02 192
0.740395 1.459104e-01 1.520450e-01 7.795759e-02 161
0.740899 1.656740e-01 1.755304e-01 9.201331e-02 183
0.741381 1.673086e-01 1.768789e-01 9.141608e-02 185
0.741844 1.644225e-01 1.717831e-01 8.878889e-02 182
0.742352 1.425905e-01 1.538012e-01 7.998601e-02 158
0.742809 1.523576e-01 1.625691e-01 8.261223e-02 169
0.743308 1.476949e-01 1.556312e-01 7.982386e-02 164
0.743808 1.466404e-01 1.645616e-01 8.335444e-02 163
0.744269 1.491827e-01 1.529000e-01 7.973455e-02 166
0.744747 1.238895e-01 1.287173e-01 6.713885e-02 138
0.745229 1.533545e-01 1.598940e-01 8.313149e-02 171
0.745724 1.505064e-01 1.658591e-01 8.631556e-02 168
0.746199 1.575085e-01 1.766267e-01 8.919841e-02 176
0.746675 1.430398e-01 1.468387e-01 7.490106e-02 160
0.747177 1.652170e-01 1.787395e-01 9.365065e-02 185
0.747671 1.623681e-01 1.755043e-01 9.188417e-02 182
0.748150 1.238770e-01 1.352360e-01 6.886920e-02 139
0.748645 1.468948e-01 1.558757e-01 8.008352e-02 165
0.749114 1.387376e-01 1.442057e-01 7.382773e-02 156
0.749588 1.217131e-01 1.280767e-01 6.503860e-02 137
0.750071 1.366737e-01 1.560579e-01 8.257486e-02 154
0.750572 1.471702e-01 1.545529e-01 8.225842e-02 166
0.751052 1.487884e-01 1.589359e-01 8.530586e-02 168
0.751558 1.397864e-01 1.463904e-01 7.814967e-02 158
0.752046 1.246164e-01 1.314137e-01 7.021949e-02 141
0.752525 1.394961e-01 1.500474e-01 8.029282e-02 158
0.753001 1.490529e-01 1.606626e-01 8.466629e-02 169
0.753493 1.295150e-01 1.391907e-01 7.343192e-02 147
0.753988 1.293807e-01 1.346991e-01 7.070630e-02 147
0.754456 1.354012e-01 1.409443e-01 7.602300e-02 154
0.754947 1.273560e-01 1.339352e-01 7.098477e-02 145
0.755437 1.412627e-01 1.573964e-01 8.478907e-02 161
0.755934 1.384869e-01 1.495336e-01 7.834812e-02 158
0.756416 1.348413e-01 1.433393e-01 7.643782e-02 154
0.756903 1.163334e-01 1.206014e-01 6.554981e-02 133
0.757394 1.223297e-01 1.298208e-01 6.890754e-02 140
0.757888 1.396610e-01 1.518685e-01 7.964560e-02 160
0.758363 1.613163e-01 1.723584e-01 9.268972e-02 185
0.758849 1.132404e-01 1.285423e-01 6.866860e-02 130
0.759343 1.235658e-01 1.293665e-01 7.007234e-02 142
0.759817 1.347392e-01 1.462015e-01 7.830443e-02 155
0.760302 1.354687e-01 1.471663e-01 8.167688e-02 156
0.760804 1.171118e-01 1.231896e-01 6.956661e-02 135
0.761292 1.403896e-01 1.564623e-01 8.804255e-02 162
0.761776 1.151395e-01 1.219655e-01 6.882345e-02 133
0.762282 1.176156e-01 1.290349e-01 7.310002e-02 136
0.762750 1.200866e-01 1.271482e-01 7.142211e-02 139
0.763215 1.087436e-01 1.153606e-01 6.476178e-02 126
0.763750 1.103563e-01 1.223085e-01 6.880449e-02 128
0.764233 1.154107e-01 1.218968e-01 6.805270e-02 134
0.764727 1.118508e-01 1.255249e-01 7.275662e-02 130
0.765220 1.289264e-01 1.448701e-01 8.298395e-02 150
0.765691 1.279357e-01 1.380618e-01 7.689757e-02 149
0.766196 1.243737e-01 1.296638e-01 7.423736e-02 145
0.766683 1.062521e-01 1.300460e-01 7.270243e-02 124
0.767160 1.121354e-01 1.252827e-01 7.044460e-02 131
0.767689 9.919392e-02 1.052034e-01 5.948160e-02 116
0.768131 1.195945e-01 1.293917e-01 7.424524e-02 140
0.768638 1.211791e-01 1.310216e-01 7.332296e-02 142
0.769131 1.116778e-01 1.183863e-01 6.614122e-02 131
0.769636 1.175253e-01 1.245006e-01 6.958662e-02 138
0.770136 1.182563e-01 1.250933e-01 7.385044e-02 139
0.770635 1.036875e-01 1.111433e-01 6.441849e-02 122
0.771113 1.103741e-01 1.200566e-01 7.039220e-02 130
0.771589 1.128062e-01 1.197910e-01 7.029007e-02 133
0.772097 1.186225e-01 1.237829e-01 7.401793e-02 140
0.772571 1.168090e-01 1.232020e-01 7.301262e-02 138
0.773050 1.056977e-01 1.122203e-01 6.685358e-02 125
0.773551 1.039008e-01 1.111500e-01 6.539706e-02 123
0.774054 1.063269e-01 1.146939e-01 6.732625e-02 126
0.774552 8.851582e-02 9.236662e-02 5.462461e-02 105
0.775055 1.010583e-01 1.055037e-01 6.153261e-02 120
0.775533 1.017971e-01 1.096835e-01 6.398026e-02 121
0.776022 1.033748e-01 1.138257e-01 6.603236e-02 123
0.776540 1.015909e-01 1.067698e-01 6.138390e-02 121
0.777032 9.310062e-02 9.667123e-02 5.726735e-02 111
0.777516 1.147917e-01 1.258525e-01 7.399123e-02 137
0.778010 8.203071e-02 8.612230e-02 5.018060e-02 98
0.778509 1.179045e-01 1.275474e-01 7.495059e-02 141
0.779005 9.021854e-02 9.851041e-02 5.788726e-02 108
0.779497 1.018106e-01 1.099594e-01 6.383160e-02 122
0.779991 1.108782e-01 1.201398e-01 7.093423e-02 133
0.780511 9.410975e-02 9.815468e-02 5.825949e-02 113
0.780965 1.056627e-01 1.121523e-01 6.717932e-02 127
0.781451 9.973814e-02 1.050981e-01 6.235214e-02 120
0.781938 8.137076e-02 9.002333e-02 5.357022e-02 98
0.782449 1.078321e-01 1.197769e-01 7.213049e-02 130
0.782970 9.280802e-02 9.636652e-02 5.692233e-02 112
0.783462 8.692000e-02 9.183350e-02 5.524516e-02 105
0.783959 1.132959e-01 1.205626e-01 7.178658e-02 137
0.784437 9.004994e-02 9.186084e-02 5.487104e-02 109
0.784935 9.161013e-02 9.403724e-02 5.737555e-02 111
0.785433 1.203752e-01 1.274327e-01 7.715012e-02 146
0.785938 8.977901e-02 9.515196e-02 5.752722e-02 109
0.786440 1.003858e-01 1.052821e-01 6.334293e-02 122
0.786945 9.206511e-02 1.000438e-01 5.941912e-02 112
0.787426 1.141449e-01 1.177690e-01 6.984530e-02 139
0.787929 8.531786e-02 8.976129e-02 5.340624e-02 104
0.788427 1.106383e-01 1.171137e-01 6.953870e-02 135
0.788938 8.596593e-02 9.185919e-02 5.493152e-02 105
0.789424 8.996950e-02 9.548201e-02 5.584534e-02 110
0.789899 9.886754e-02 1.088218e-01 6.484033e-02 121
0.790407 1.004013e-01 1.083544e-01 6.553920e-02 123
0.790920 9.377744e-02 9.741792e-02 5.845072e-02 115
0.791425 9.938636e-02 1.035764e-01 6.383362e-02 122
0.791913 9.033511e-02 9.294646e-02 5.570108e-02 111
0.792423 1.056924e-01 1.124971e-01 6.819697e-02 130
0.792928 8.771851e-02 9.306043e-02 5.681703e-02 108
0.793386 8.681976e-02 9.303060e-02 5.671289e-02 107
0.793876 9.321807e-02 9.925505e-02 6.062606e-02 115
0.794406 1.036525e-01 1.073615e-01 6.644581e-02 128
0.794916 9.465069e-02 9.770100e-02 5.914265e-02 117
0.795414 1.050629e-01 1.126652e-01 6.749561e-02 130
0.795929 1.017290e-01 1.067193e-01 6.485459e-02 126
0.796417 9.678861e-02 1.014173e-01 6.164626e-02 120
0.796926 7.896558e-02 8.199677e-02 4.975116e-02 98
0.797416 8.532703e-02 9.268619e-02 5.623003e-02 106
0.797923 1.013259e-01 1.122610e-01 6.752830e-02 126
0.798419 8.917485e-02 9.491991e-02 5.744851e-02 111
0.798946 8.587620e-02 9.246447e-02 5.543100e-02 107
0.799446 8.098047e-02 8.498462e-02 5.173351e-02 101
0.799911 8.250233e-02 8.610308e-02 5.294171e-02 103
0.800438 7.761952e-02 8.298291e-02 5.263017e-02 97
0.800937 8.313867e-02 8.710954e-02 5.487393e-02 104
0.801439 8.864687e-02 9.618607e-02 6.089155e-02 111
0.801940 8.696367e-02 8.983306e-02 5.658112e-02 109
0.802455 7.571921e-02 7.890563e-02 5.004997e-02 95
0.802912 8.281083e-02 8.779692e-02 5.530836e-02 104
0.803427 7.954729e-02 8.429462e-02 5.310914e-02 100
0.803934 7.549544e-02 7.840972e-02 5.039532e-02 95
0.804429 6.986373e-02 7.692977e-02 4.798528e-02 88
0.804929 9.676117e-02 1.005209e-01 6.296457e-02 122
0.805438 6.972626e-02 7.288168e-02 4.546026e-02 88
0.805974 1.013202e-01 1.058281e-01 6.681418e-02 128
0.806473 8.777727e-02 9.142677e-02 5.835063e-02 111
0.806971 7.663089e-02 8.273161e-02 5.189459e-02 97
0.807462 8.918335e-02 9.366407e-02 5.948233e-02 113
0.807975 8.673043e-02 9.115665e-02 5.711322e-02 110
0.808499 8.743301e-02 9.222725e-02 5.873490e-02 111
0.808952 8.262579e-02 8.655234e-02 5.482521e-02 105
0.809465 9.276462e-02 9.958734e-02 6.273644e-02 118
0.810012 8.560540e-02 9.158320e-02 5.924764e-02 109
0.810491 8.238316e-02 8.819452e-02 5.724073e-02 105
0.811001 6.740968e-02 6.875703e-02 4.448936e-02 86
0.811489 6.969293e-02 7.250550e-02 4.690258e-02 89
0.812008 9.231151e-02 9.851157e-02 6.423450e-02 118
0.812496 6.877520e-02 7.191658e-02 4.692743e-02 88
0.813010 8.120038e-02 8.771683e-02 5.644513e-02 104
0.813535 9.204124e-02 9.598770e-02 6.314330e-02 118
0.814051 8.026267e-02 8.363821e-02 5.518589e-02 103
0.814527 6.539308e-02 7.055722e-02 4.624275e-02 84
0.815033 7.543982e-02 8.178693e-02 5.379702e-02 97
0.815549 7.303538e-02 7.604820e-02 4.919377e-02 94
0.816071 7.917396e-02 8.087862e-02 5.235197e-02 102
0.816602 7.211774e-02 7.513632e-02 4.858521e-02 93
0.817082 7.514639e-02 7.790241e-02 5.012962e-02 97
0.817584 6.888168e-02 7.245577e-02 4.662475e-02 89
0.818085 8.041271e-02 8.530154e-02 5.574147e-02 104
0.818572 6.411317e-02 7.117294e-02 4.639219e-02 83
0.819103 6.790939e-02 7.242051e-02 4.660206e-02 88
0.819597 7.709485e-02 8.322003e-02 5.380284e-02 100
0.820131 7.316904e-02 7.491503e-02 5.067837e-02 95
0.820635 6.848136e-02 7.265123e-02 4.960559e-02 89
0.821117 5.688437e-02 5.836840e-02 4.006934e-02 74
0.821634 6.450888e-02 6.796675e-02 4.782707e-02 84
0.822172 6.061032e-02 6.455807e-02 4.455985e-02 79
0.822653 5.748574e-02 6.212341e-02 4.295068e-02 75
0.823156 6.432174e-02 6.775566e-02 4.703305e-02 84
0.823668 5.890458e-02 6.366468e-02 4.369266e-02 77
0.824170 6.572595e-02 6.905030e-02 4.714690e-02 86
0.824698 6.031783e-02 6.538855e-02 4.486275e-02 79
0.825223 7.398963e-02 7.731134e-02 5.300926e-02 97
0.825718 6.248757e-02 6.988519e-02 4.771696e-02 82
0.826217 5.785944e-02 5.980558e-02 4.083469e-02 76
0.826744 7.073341e-02 7.650547e-02 5.246432e-02 93
0.827229 5.698810e-02 6.424483e-02 4.386578e-02 75
0.827749 7.742916e-02 8.523400e-02 5.819699e-02 102
0.828309 6.294542e-02 6.672939e-02 4.646706e-02 83
0.828791 6.061190e-02 6.576062e-02 4.490074e-02 80
0.829296 5.222748e-02 5.471669e-02 3.764336e-02 69
0.829824 5.595823e-02 5.933334e-02 4.085358e-02 74
0.830325 6.194818e-02 6.574987e-02 4.554127e-02 82
0.830800 5.962446e-02 6.353750e-02 4.400889e-02 79
0.831358 5.504313e-02 5.882390e-02 4.094765e-02 73
0.831853 6.176993e-02 6.574979e-02 4.579080e-02 82
0.832376 6.547354e-02 6.908945e-02 4.810106e-02 87
0.832886 5.939599e-02 6.094990e-02 4.221661e-02 79
0.833405 6.309471e-02 6.866905e-02 4.779636e-02 84
0.833871 6.753674e-02 7.035851e-02 4.895105e-02 90
0.834429 5.847581e-02 6.072784e-02 4.249448e-02 78
0.834923 6.366266e-02 6.566087e-02 4.547963e-02 85
0.835467 4.938491e-02 5.012660e-02 3.471990e-02 66
0.835980 6.428852e-02 6.732186e-02 4.684987e-02 86
0.836497 4.705009e-02 4.905828e-02 3.397994e-02 63
0.836962 5.595852e-02 5.793971e-02 4.013162e-02 75
0.837506 6.186831e-02 6.605916e-02 4.600256e-02 83
0.838037 7.074557e-02 7.505897e-02 5.198917e-02 95
0.838524 7.142208e-02 7.605939e-02 5.268211e-02 96
0.839035 5.351551e-02 5.558885e-02 3.871457e-02 72
0.839544 6.237527e-02 6.654844e-02 4.631166e-02 84
0.840064 4.822062e-02 5.204894e-02 3.654076e-02 65
0.840601 4.669242e-02 4.756019e-02 3.361164e-02 63
0.841111 6.071645e-02 6.701624e-02 4.800787e-02 82
0.841640 6.657664e-02 7.000894e-02 4.968204e-02 90
0.842126 4.212513e-02 4.439812e-02 3.137695e-02 57
0.842637 7.014185e-02 7.624942e-02 5.459459e-02 95
0.843182 5.237203e-02 5.461881e-02 3.860010e-02 71
0.843661 5.232232e-02 5.609351e-02 3.964230e-02 71
0.844197 7.362350e-02 7.900953e-02 5.583746e-02 100
0.844724 5.737188e-02 5.997031e-02 4.238210e-02 78
0.845259 5.290847e-02 5.501331e-02 3.910807e-02 72
0.845727 5.799735e-02 6.327369e-02 4.495718e-02 79
0.846228 5.867589e-02 6.263112e-02 4.473233e-02 80
0.846761 5.935311e-02 6.158379e-02 4.352238e-02 81
0.847309 5.344047e-02 5.627416e-02 3.976997e-02 73
0.847822 5.412132e-02 5.513224e-02 3.938648e-02 74
0.848321 5.991559e-02 6.387747e-02 4.536455e-02 82
0.848850 6.204896e-02 6.542273e-02 4.644925e-02 85
0.849382 5.907318e-02 6.043659e-02 4.290520e-02 81
0.849890 4.298801e-02 4.370071e-02 3.158467e-02 59
0.850441 4.221953e-02 4.558516e-02 3.358183e-02 58
0.850878 4.727038e-02 4.875411e-02 3.591634e-02 65
0.851465 5.303825e-02 5.678551e-02 4.200838e-02 73
0.851975 5.153656e-02 5.500136e-02 4.051858e-02 71
0.852456 4.568656e-02 4.887953e-02 3.600874e-02 63
0.852981 6.013359e-02 6.226309e-02 4.586819e-02 83
0.853510 3.691480e-02 4.082582e-02 3.007570e-02 51
0.854039 5.423544e-02 5.780779e-02 4.258604e-02 75
0.854568 3.901282e-02 4.109587e-02 3.027465e-02 54
0.855084 5.413358e-02 6.157884e-02 4.560031e-02 75
0.855603 4.182399e-02 4.573673e-02 3.386443e-02 58
0.856112 4.034389e-02 4.370556e-02 3.288910e-02 56
0.856652 5.110232e-02 5.318142e-02 3.917787e-02 71
0.857167 5.033533e-02 5.093584e-02 3.752359e-02 70
0.857675 5.459858e-02 6.022627e-02 4.453503e-02 76
0.858212 5.670063e-02 5.879338e-02 4.348606e-02 79
0.858722 4.302345e-02 4.544975e-02 3.381681e-02 60
0.859254 5.516176e-02 6.141015e-02 4.545756e-02 77
0.859747 3.650154e-02 3.892569e-02 2.869739e-02 51
0.860287 5.219845e-02 5.416394e-02 4.079649e-02 73
0.860805 5.643595e-02 5.827134e-02 4.351252e-02 79
0.861353 5.281468e-02 5.527604e-02 4.127586e-02 74
0.861893 4.777405e-02 4.973634e-02 3.713924e-02 67
0.862401 4.559233e-02 4.812849e-02 3.593863e-02 64
0.862900 4.697324e-02 5.082780e-02 3.811844e-02 66
0.863446 5.190681e-02 5.412182e-02 4.058821e-02 73
0.863985 4.475455e-02 4.660510e-02 3.497055e-02 63
0.864462 4.329341e-02 4.659517e-02 3.479366e-02 61
0.865014 5.318004e-02 5.523072e-02 4.140825e-02 75
0.865504 4.817170e-02 5.042160e-02 3.784214e-02 68
0.866016 4.883465e-02 5.187054e-02 3.873290e-02 69
0.866560 4.454670e-02 4.623260e-02 3.473245e-02 63
0.867111 3.673454e-02 3.841444e-02 2.868492e-02 52
0.867642 4.799286e-02 5.115421e-02 3.836610e-02 68
0.868168 3.807659e-02 4.021277e-02 3.002778e-02 54
0.868694 4.226807e-02 4.489718e-02 3.369922e-02 60
0.869221 4.082123e-02 4.253659e-02 3.176303e-02 58
0.869728 4.429920e-02 4.434681e-02 3.328541e-02 63
0.870279 3.863806e-02 3.979002e-02 3.086911e-02 55
0.870751 4.000600e-02 4.459591e-02 3.438874e-02 57
0.871300 4.137138e-02 4.290080e-02 3.308161e-02 59
0.871861 4.203365e-02 4.482176e-02 3.456290e-02 60
0.872322 4.129486e-02 4.407238e-02 3.398504e-02 59
0.872867 4.755008e-02 5.038082e-02 3.899807e-02 68
0.873404 3.632822e-02 3.864831e-02 2.980243e-02 52
0.873959 4.327441e-02 4.454418e-02 3.434885e-02 62
0.874476 4.672111e-02 5.071240e-02 3.910528e-02 67
0.874970 3.692438e-02 4.210091e-02 3.261685e-02 53
0.875522 4.245867e-02 4.515820e-02 3.482233e-02 61
0.876012 2.712068e-02 2.872616e-02 2.215128e-02 39
0.876528 4.238044e-02 4.469617e-02 3.446605e-02 61
0.877103 2.776485e-02 2.882532e-02 2.222775e-02 40
0.877583 4.091545e-02 4.316877e-02 3.328824e-02 59
0.878167 4.988477e-02 5.196582e-02 4.022886e-02 72
0.878648 3.945578e-02 4.028180e-02 3.121210e-02 57
0.879232 3.527009e-02 3.680355e-02 2.853883e-02 51
0.879731 4.145609e-02 4.506832e-02 3.475303e-02 60
0.880297 4.072770e-02 4.168538e-02 3.279312e-02 59
0.880769 4.344898e-02 4.463835e-02 3.512463e-02 63
0.881302 4.134200e-02 4.442501e-02 3.510738e-02 60
0.881844 4.749969e-02 5.181059e-02 4.058127e-02 69
0.882377 3.370073e-02 3.678201e-02 2.897621e-02 49
0.882920 3.023415e-02 3.283877e-02 2.586322e-02 44
0.883451 3.775807e-02 3.914206e-02 3.065850e-02 55
0.883979 3.978114e-02 4.212516e-02 3.313387e-02 58
0.884515 4.728253e-02 5.081462e-02 3.980117e-02 69
0.885049 4.039300e-02 4.101854e-02 3.240846e-02 59
0.885571 3.078005e-02 3.274531e-02 2.564816e-02 45
0.886108 3.963581e-02 4.271110e-02 3.345399e-02 58
0.886629 3.618584e-02 3.865892e-02 3.028007e-02 53
0.887148 3.751705e-02 3.888129e-02 3.045424e-02 55
0.887685 2.998625e-02 3.525809e-02 2.761633e-02 44
0.888206 3.132066e-02 3.400342e-02 2.663359e-02 46
0.888706 3.469341e-02 3.495196e-02 2.752925e-02 51
0.889317 3.941929e-02 4.162099e-02 3.277160e-02 58
0.889810 2.919802e-02 3.101584e-02 2.452153e-02 43
0.890349 3.256346e-02 3.617059e-02 2.941422e-02 48
0.890932 3.185603e-02 3.331616e-02 2.723382e-02 47
0.891442 2.640968e-02 2.764636e-02 2.248225e-02 39
0.891955 4.126989e-02 4.552371e-02 3.702026e-02 61
0.892472 3.109326e-02 3.463854e-02 2.816834e-02 46
0.893002 2.971436e-02 3.113107e-02 2.531604e-02 44
0.893536 4.250693e-02 4.670674e-02 3.798230e-02 63
0.894063 2.966043e-02 3.043125e-02 2.474694e-02 44
0.894566 3.030701e-02 3.191517e-02 2.595368e-02 45
0.895159 2.355074e-02 2.523155e-02 2.051850e-02 35
0.895686 3.361341e-02 3.498212e-02 2.861023e-02 50
0.896173 3.223964e-02 3.386666e-02 2.754065e-02 48
0.896752 2.952624e-02 2.970595e-02 2.415712e-02 44
0.897310 2.882906e-02 3.090220e-02 2.512992e-02 43
0.897821 3.282200e-02 3.311430e-02 2.708378e-02 49
0.898371 3.480000e-02 3.498422e-02 2.844945e-02 52
0.898915 3.008816e-02 3.052681e-02 2.482465e-02 45
0.899445 3.006097e-02 3.084946e-02 2.508703e-02 45
0.900019 2.602931e-02 2.703443e-02 2.234374e-02 39
0.900492 3.000671e-02 3.078358e-02 2.567392e-02 45
0.901025 2.931341e-02 2.946259e-02 2.457219e-02 44
0.901558 1.730594e-02 1.754050e-02 1.462901e-02 26
0.902112 3.192062e-02 3.365267e-02 2.817269e-02 48
0.902644 2.657654e-02 2.868815e-02 2.392630e-02 40
0.903165 2.190590e-02 2.333870e-02 1.946479e-02 33
0.903679 2.785513e-02 2.832777e-02 2.362574e-02 42
0.904240 2.385434e-02 2.424297e-02 2.021896e-02 36
0.904805 3.111515e-02 3.172014e-02 2.645502e-02 47
0.905353 2.976431e-02 3.168187e-02 2.642311e-02 45
0.905850 2.445088e-02 2.694015e-02 2.246845e-02 37
0.906420 2.971085e-02 3.070167e-02 2.560560e-02 45
0.906963 3.364206e-02 3.508741e-02 2.926337e-02 51
0.907512 2.965752e-02 3.161558e-02 2.636782e-02 45
0.908025 2.633859e-02 2.860740e-02 2.385896e-02 40
0.908527 2.697285e-02 2.897352e-02 2.426574e-02 41
0.909108 1.906126e-02 1.910906e-02 1.593721e-02 29
0.909633 2.758122e-02 2.886526e-02 2.407401e-02 42
0.910180 2.558820e-02 2.958690e-02 2.545290e-02 39
0.910698 2.228769e-02 2.269433e-02 1.961593e-02 34
0.911232 2.226775e-02 2.419875e-02 2.091628e-02 34
0.911789 1.963044e-02 2.154099e-02 1.861904e-02 30
0.912369 2.615053e-02 2.616328e-02 2.261433e-02 40
0.912887 2.612716e-02 2.734848e-02 2.363876e-02 40
0.913436 1.957787e-02 2.105894e-02 1.828981e-02 30
0.913980 2.412448e-02 2.449934e-02 2.117610e-02 37
0.914498 1.628578e-02 1.704951e-02 1.473680e-02 25
0.915042 1.952550e-02 2.065151e-02 1.785021e-02 30
0.915570 1.950810e-02 1.984570e-02 1.715371e-02 30
0.916135 1.559257e-02 1.595715e-02 1.379262e-02 24
0.916650 1.947335e-02 2.003264e-02 1.731528e-02 30
0.917226 1.945601e-02 2.022162e-02 1.747863e-02 30
0.917786 1.943870e-02 2.011436e-02 1.738592e-02 30
0.918273 2.460045e-02 2.617071e-02 2.262075e-02 38
0.918815 2.716579e-02 2.782187e-02 2.404793e-02 42
0.919384 2.455673e-02 2.576859e-02 2.227317e-02 38
0.919943 1.936967e-02 2.130367e-02 1.851624e-02 30
0.920530 2.257788e-02 2.430438e-02 2.140649e-02 35
0.921068 1.417921e-02 1.521401e-02 1.337463e-02 22
0.921502 2.060601e-02 2.116506e-02 1.849512e-02 32
0.922071 2.316120e-02 2.468356e-02 2.156977e-02 36
0.922590 1.671271e-02 1.778447e-02 1.561951e-02 26
0.923171 2.568908e-02 2.671113e-02 2.334156e-02 40
0.923759 2.245804e-02 2.290586e-02 2.009390e-02 35
0.924269 1.602725e-02 1.761619e-02 1.539393e-02 25
0.924859 2.498039e-02 2.554397e-02 2.232164e-02 39
0.925330 1.919869e-02 2.008379e-02 1.755025e-02 30
0.925824 1.982111e-02 2.035771e-02 1.778962e-02 31
0.926474 1.980359e-02 1.994515e-02 1.742910e-02 31
0.927030 2.106262e-02 2.436104e-02 2.137037e-02 33
0.927570 2.168173e-02 2.280867e-02 1.993139e-02 34
0.928145 1.720265e-02 1.857155e-02 1.622877e-02 27
0.928605 1.527775e-02 1.523271e-02 1.338932e-02 24
0.929200 1.780833e-02 1.784822e-02 1.559669e-02 28
0.929703 1.779263e-02 1.789568e-02 1.563817e-02 28
0.930248 1.968163e-02 2.027090e-02 1.806994e-02 31
0.930816 1.966430e-02 2.010029e-02 1.798220e-02 31
0.931346 2.344964e-02 2.513200e-02 2.240324e-02 37
0.931904 1.583041e-02 1.678153e-02 1.495944e-02 25
0.932463 1.391851e-02 1.445825e-02 1.288841e-02 22
0.933095 2.022731e-02 2.089580e-02 1.862699e-02 32
0.933539 1.578870e-02 1.625439e-02 1.448953e-02 25
0.934085 2.208477e-02 2.353768e-02 2.098202e-02 35
0.934684 1.260879e-02 1.293122e-02 1.152718e-02 20
0.935202 1.133795e-02 1.149166e-02 1.024393e-02 18
0.935767 1.447468e-02 1.519784e-02 1.361666e-02 23
0.936316 1.571955e-02 1.567561e-02 1.397359e-02 25
0.936873 2.073163e-02 2.093795e-02 1.866457e-02 33
0.937449 2.071347e-02 2.148496e-02 1.915218e-02 33
0.937981 1.630541e-02 1.713686e-02 1.527618e-02 26
0.938576 1.566456e-02 1.573367e-02 1.402535e-02 25
0.939041 8.138446e-03 8.719272e-03 7.772556e-03 13
0.939631 1.813912e-02 1.928760e-02 1.719340e-02 29
0.940202 1.874821e-02 1.949671e-02 1.770904e-02 30
0.940706 1.623425e-02 1.621068e-02 1.474359e-02 26
0.941334 9.981583e-03 1.122256e-02 1.020691e-02 16
0.941781 1.745252e-02 1.833045e-02 1.667152e-02 28
0.942357 1.556901e-02 1.759950e-02 1.600672e-02 25
0.942961 1.306657e-02 1.320152e-02 1.205925e-02 21
0.943407 9.946801e-03 9.673264e-03 8.851623e-03 16
0.943968 9.938134e-03 9.873294e-03 8.979747e-03 16
0.944609 1.179126e-02 1.200285e-02 1.097943e-02 19
0.945098 1.302109e-02 1.320760e-02 1.201229e-02 21
0.945745 1.672684e-02 1.776974e-02 1.616155e-02 27
0.946195 1.733126e-02 1.778033e-02 1.622571e-02 28
0.946769 1.236871e-02 1.263960e-02 1.149569e-02 20
0.947324 1.112216e-02 1.104492e-02 1.004534e-02 18
0.947879 9.877779e-03 1.037149e-02 9.432855e-03 16
0.948418 1.171968e-02 1.246719e-02 1.133889e-02 19
0.949014 1.725611e-02 1.739332e-02 1.581920e-02 28
0.949543 1.662539e-02 1.736306e-02 1.579168e-02 27
0.950157 1.107398e-02 1.151466e-02 1.043747e-02 18
0.950622 9.220317e-03 9.953728e-03 9.013723e-03 15
0.951243 1.596804e-02 1.706100e-02 1.544980e-02 26
0.951721 9.204350e-03 1.126939e-02 1.020513e-02 15
0.952320 1.777967e-02 1.881906e-02 1.704184e-02 29
0.952836 2.082709e-02 2.210339e-02 2.001600e-02 34
0.953529 1.530079e-02 1.643058e-02 1.487892e-02 25
0.953962 1.712207e-02 1.822152e-02 1.650072e-02 28
0.954582 1.405241e-02 1.443596e-02 1.307266e-02 23
0.955102 1.220893e-02 1.217879e-02 1.102865e-02 20
0.955703 1.463806e-02 1.538254e-02 1.392985e-02 24
0.956263 1.340664e-02 1.334575e-02 1.213751e-02 22
0.956740 1.400394e-02 1.906328e-02 1.726299e-02 23
0.957304 1.155850e-02 1.159403e-02 1.049912e-02 19
0.957906 1.276417e-02 1.269758e-02 1.149845e-02 21
0.958451 1.882612e-02 1.977226e-02 1.790502e-02 31
0.959031 1.274219e-02 1.336732e-02 1.210495e-02 21
0.959526 1.273122e-02 1.424038e-02 1.289555e-02 21
0.960121 1.029736e-02 1.003182e-02 9.258513e-03 17
0.960724 9.683296e-03 9.428777e-03 8.810622e-03 16
0.961171 9.070286e-03 9.777334e-03 9.135119e-03 15
0.961782 1.329165e-02 1.312981e-02 1.229083e-02 22
0.962328 5.432824e-03 5.393887e-03 5.056353e-03 9
0.962933 1.145945e-02 1.182597e-02 1.100033e-02 19
0.963486 1.265483e-02 1.358802e-02 1.263936e-02 21
0.964062 1.143979e-02 1.177988e-02 1.095745e-02 19
0.964597 6.015778e-03 6.009146e-03 5.589610e-03 10
0.965210 1.202124e-02 1.215083e-02 1.134497e-02 20
0.965725 9.608755e-03 9.541516e-03 8.875363e-03 16
0.966330 1.440079e-02 1.490905e-02 1.386815e-02 24
0.966838 8.992788e-03 9.519161e-03 8.854568e-03 15
0.967409 1.138112e-02 1.198597e-02 1.114916e-02 19
0.967950 1.196988e-02 1.252698e-02 1.165240e-02 20
0.968493 1.195964e-02 1.253995e-02 1.166446e-02 20
0.969097 1.135195e-02 1.168524e-02 1.086942e-02 19
0.969698 8.954411e-03 8.965911e-03 8.339944e-03 15
0.970237 8.946765e-03 8.887140e-03 8.380302e-03 15
0.970737 6.555361e-03 6.950101e-03 6.559768e-03 11
0.971310 8.931503e-03 8.986929e-03 8.482204e-03 15
0.971940 7.139109e-03 7.267991e-03 6.859805e-03 12
0.972466 9.510698e-03 9.832671e-03 9.280447e-03 16
0.972980 7.720858e-03 9.161421e-03 8.646896e-03 13
0.973546 4.747250e-03 4.697278e-03 4.433469e-03 8
0.974174 1.067222e-02 1.117425e-02 1.054668e-02 18
0.974680 1.303273e-02 1.310151e-02 1.242955e-02 22
0.975322 8.878390e-03 9.056021e-03 8.547415e-03 15
0.975767 7.688063e-03 8.805466e-03 8.310932e-03 13
0.976460 7.090642e-03 7.151017e-03 6.749400e-03 12
0.976943 8.855773e-03 1.002700e-02 9.463860e-03 15
0.977437 8.848253e-03 8.737306e-03 8.246600e-03 15
0.978137 4.715063e-03 4.657809e-03 4.396216e-03 8
0.978735 2.944414e-03 2.841249e-03 2.681678e-03 5
0.979244 1.353282e-02 1.439502e-02 1.358656e-02 23
0.979886 7.642500e-03 7.697675e-03 7.260959e-03 13
0.980360 1.233512e-02 1.310521e-02 1.234315e-02 21
0.980855 7.629556e-03 7.495378e-03 7.059527e-03 13
0.981461 8.795881e-03 8.834501e-03 8.320781e-03 15
0.982071 9.374333e-03 1.115623e-02 1.053985e-02 16
0.982614 8.195602e-03 8.698080e-03 8.192293e-03 14
0.983117 9.943388e-03 9.898138e-03 9.322569e-03 17
0.983711 7.597341e-03 7.680954e-03 7.234312e-03 13
0.984295 6.423088e-03 6.883748e-03 6.483463e-03 11
0.984940 1.283533e-02 1.364918e-02 1.285549e-02 22
0.985466 4.663452e-03 4.536717e-03 4.272910e-03 8
0.986015 1.164879e-02 1.194531e-02 1.125070e-02 20
0.986595 8.729225e-03 8.526832e-03 8.031003e-03 15
0.987231 1.104770e-02 1.087711e-02 1.027795e-02 19
0.987726 6.390645e-03 6.601051e-03 6.217205e-03 11
0.988282 8.126697e-03 8.562217e-03 8.064331e-03 14
0.988906 6.959875e-03 7.201422e-03 6.782665e-03 12
0.989436 7.533519e-03 7.672333e-03 7.226193e-03 13
0.990032 4.053097e-03 4.021514e-03 3.806516e-03 7
0.990505 8.099378e-03 8.292052e-03 7.877855e-03 14
0.991097 2.312163e-03 2.397741e-03 2.306197e-03 4
0.991726 6.353105e-03 6.509721e-03 6.184554e-03 11
0.992280 6.924839e-03 6.888549e-03 6.544458e-03 12
0.992856 9.225367e-03 1.005319e-02 9.551024e-03 16
0.993419 6.913219e-03 6.754562e-03 6.417165e-03 12
0.993993 8.634275e-03 8.639971e-03 8.208396e-03 15
0.994609 4.601085e-03 4.560150e-03 4.332365e-03 8
0.995097 7.470497e-03 7.509218e-03 7.134125e-03 13
0.995706 9.760928e-03 9.857027e-03 9.364658e-03 17
0.996257 8.605371e-03 8.885878e-03 8.442019e-03 15
0.996815 8.598167e-03 8.620965e-03 8.190339e-03 15
0.997464 8.590973e-03 9.588289e-03 9.109344e-03 15
0.998047 5.722525e-03 6.257876e-03 5.945288e-03 10
0.998661 1.200726e-02 1.207767e-02 1.147437e-02 21
0.999209 6.284259e-03 6.646306e-03 6.314316e-03 11
0.999752 6.849829e-03 7.718747e-03 7.333187e-03 12
