#Interval: 1.000000 Mpc/h, Area= 1.000000 deg^2
# z <nobs> <wc nobs> <wc wfkp nobs> N_objects
0.600227 6.313528e-01 6.839363e-01 1.787499e-01 464
0.600681 6.087964e-01 6.681934e-01 1.738114e-01 448
0.601157 6.785851e-01 7.220754e-01 1.888956e-01 500
0.601623 6.384043e-01 6.926860e-01 1.824127e-01 471
0.602082 6.335221e-01 6.861366e-01 1.799010e-01 468
0.602547 6.151324e-01 6.766053e-01 1.774359e-01 455
0.603009 6.507976e-01 7.010638e-01 1.849215e-01 482
0.603454 6.445682e-01 6.924219e-01 1.830136e-01 478
0.603923 5.885249e-01 6.446821e-01 1.687732e-01 437
0.604390 6.267756e-01 6.941114e-01 1.834234e-01 466
0.604852 6.461218e-01 6.952517e-01 1.820822e-01 481
0.605313 5.969979e-01 6.277060e-01 1.655935e-01 445
0.605767 5.975737e-01 6.578948e-01 1.745091e-01 446
0.606238 5.874425e-01 6.401974e-01 1.698997e-01 439
0.606706 6.214387e-01 6.797722e-01 1.806427e-01 465
0.607163 5.445659e-01 6.030277e-01 1.619540e-01 408
0.607624 5.891933e-01 6.369672e-01 1.701379e-01 442
0.608094 5.418456e-01 5.903910e-01 1.591344e-01 407
0.608552 5.318475e-01 6.031318e-01 1.610653e-01 400
0.609017 6.294363e-01 6.791530e-01 1.813817e-01 474
0.609473 5.477346e-01 5.901912e-01 1.579464e-01 413
0.609944 5.443885e-01 5.758309e-01 1.563673e-01 411
0.610410 5.582477e-01 6.014115e-01 1.675969e-01 422
0.610876 6.103855e-01 6.695179e-01 1.866252e-01 462
0.611343 5.370377e-01 5.870353e-01 1.639891e-01 407
0.611797 5.429452e-01 5.959113e-01 1.675241e-01 412
0.612264 5.909543e-01 6.367664e-01 1.786031e-01 449
0.612737 5.980921e-01 6.557726e-01 1.790004e-01 455
0.613206 5.605754e-01 5.994636e-01 1.676533e-01 427
0.613665 5.703550e-01 6.088442e-01 1.714120e-01 435
0.614123 5.905854e-01 6.418454e-01 1.778929e-01 451
0.614598 5.623739e-01 5.972773e-01 1.664567e-01 430
0.615061 5.943181e-01 6.529964e-01 1.832773e-01 455
0.615523 5.870449e-01 6.316201e-01 1.754825e-01 450
0.615994 5.433084e-01 5.994519e-01 1.669023e-01 417
0.616447 5.608407e-01 6.002829e-01 1.684796e-01 431
0.616930 5.380404e-01 5.858667e-01 1.655739e-01 414
0.617384 5.814939e-01 6.519181e-01 1.814040e-01 448
0.617858 5.690948e-01 6.026072e-01 1.714937e-01 439
0.618322 5.334216e-01 5.950284e-01 1.669095e-01 412
0.618788 5.469749e-01 5.945864e-01 1.669149e-01 423
0.619259 5.669510e-01 6.256208e-01 1.752140e-01 439
0.619732 5.236744e-01 5.731702e-01 1.627461e-01 406
0.620189 5.616638e-01 6.103652e-01 1.780283e-01 436
0.620643 5.648193e-01 6.171699e-01 1.805874e-01 439
0.621120 5.795313e-01 6.391619e-01 1.884040e-01 451
0.621593 5.505710e-01 5.792579e-01 1.694794e-01 429
0.622061 4.742570e-01 5.156595e-01 1.517570e-01 370
0.622517 5.811982e-01 6.544828e-01 1.918094e-01 454
0.622995 5.344430e-01 5.736265e-01 1.692425e-01 418
0.623459 5.299444e-01 5.930610e-01 1.768347e-01 415
0.623926 5.267319e-01 5.654008e-01 1.667953e-01 413
0.624394 5.069678e-01 5.365814e-01 1.554217e-01 398
0.624881 4.872526e-01 5.210538e-01 1.528413e-01 383
0.625325 4.917278e-01 5.245312e-01 1.542888e-01 387
0.625800 5.190340e-01 5.622223e-01 1.669560e-01 409
0.626276 5.171205e-01 5.645240e-01 1.683126e-01 408
0.626749 5.152113e-01 5.474069e-01 1.636814e-01 407
0.627207 4.766418e-01 5.184481e-01 1.551004e-01 377
0.627685 4.773123e-01 5.174314e-01 1.563459e-01 378
0.628148 4.691527e-01 5.096925e-01 1.517416e-01 372
0.628605 5.063585e-01 5.382350e-01 1.627671e-01 402
0.629098 4.654734e-01 5.041022e-01 1.536331e-01 370
0.629549 4.523317e-01 4.873190e-01 1.473916e-01 360
0.630024 4.718502e-01 5.128222e-01 1.629712e-01 376
0.630492 4.863066e-01 5.192693e-01 1.703883e-01 388
0.630970 4.619205e-01 4.965199e-01 1.601568e-01 369
0.631436 4.438456e-01 4.800290e-01 1.566289e-01 355
0.631895 3.958457e-01 4.236219e-01 1.391394e-01 317
0.632377 4.714351e-01 5.031801e-01 1.630488e-01 378
0.632847 4.309927e-01 4.554133e-01 1.479836e-01 346
0.633316 4.516111e-01 5.011179e-01 1.630151e-01 363
0.633797 4.498119e-01 4.820345e-01 1.572604e-01 362
0.634252 4.368474e-01 4.967022e-01 1.622226e-01 352
0.634739 4.053218e-01 4.451938e-01 1.448905e-01 327
0.635213 4.617708e-01 5.024013e-01 1.619359e-01 373
0.635657 5.069524e-01 5.359018e-01 1.746848e-01 410
0.636156 3.914792e-01 4.224469e-01 1.364387e-01 317
0.636616 4.193674e-01 4.430729e-01 1.437631e-01 340
0.637106 4.829126e-01 5.283018e-01 1.740746e-01 392
0.637551 4.527906e-01 4.923811e-01 1.590080e-01 368
0.638043 4.178264e-01 4.440956e-01 1.461855e-01 340
0.638514 4.087228e-01 4.523934e-01 1.455416e-01 333
0.638981 4.069965e-01 4.324782e-01 1.417978e-01 332
0.639440 4.628207e-01 5.058434e-01 1.674155e-01 378
0.639927 4.377969e-01 4.782115e-01 1.596835e-01 358
0.640387 4.494760e-01 4.875113e-01 1.684701e-01 368
0.640863 4.196492e-01 4.626989e-01 1.601809e-01 344
0.641344 3.984239e-01 4.440617e-01 1.537314e-01 327
0.641817 4.332291e-01 4.659401e-01 1.632463e-01 356
0.642295 4.120383e-01 4.540273e-01 1.568211e-01 339
0.642759 4.066805e-01 4.281017e-01 1.495140e-01 335
0.643246 3.807230e-01 4.235658e-01 1.481359e-01 314
0.643691 4.044801e-01 4.544156e-01 1.568967e-01 334
0.644187 3.955215e-01 4.313482e-01 1.515730e-01 327
0.644667 3.684631e-01 3.887538e-01 1.319497e-01 305
0.645140 3.909412e-01 4.262174e-01 1.473122e-01 324
0.645608 4.037233e-01 4.260225e-01 1.494975e-01 335
0.646073 3.875857e-01 4.187805e-01 1.454392e-01 322
0.646548 3.654758e-01 3.999910e-01 1.400580e-01 304
0.647006 3.746391e-01 4.111964e-01 1.439243e-01 312
0.647517 3.585945e-01 3.838125e-01 1.315212e-01 299
0.647969 3.809199e-01 4.133009e-01 1.445148e-01 318
0.648444 3.637094e-01 3.884782e-01 1.378823e-01 304
0.648924 3.943390e-01 4.256497e-01 1.496472e-01 330
0.649412 4.165396e-01 4.578089e-01 1.593359e-01 349
0.649878 4.160368e-01 4.492895e-01 1.616246e-01 349
0.650353 3.345710e-01 3.612456e-01 1.308731e-01 281
0.650823 4.067094e-01 4.279396e-01 1.563168e-01 342
0.651311 3.741493e-01 4.092065e-01 1.462583e-01 315
0.651784 3.570899e-01 3.892313e-01 1.397087e-01 301
0.652245 3.519205e-01 3.781446e-01 1.363088e-01 297
0.652743 3.716166e-01 3.996536e-01 1.476429e-01 314
0.653207 3.794443e-01 4.232439e-01 1.531811e-01 321
0.653680 3.931563e-01 4.095847e-01 1.486228e-01 333
0.654157 3.702788e-01 3.961394e-01 1.432969e-01 314
0.654655 3.827905e-01 4.273860e-01 1.561615e-01 325
0.655116 3.529213e-01 3.856441e-01 1.396947e-01 300
0.655586 3.524984e-01 3.781657e-01 1.395010e-01 300
0.656075 3.790686e-01 4.036787e-01 1.490057e-01 323
0.656550 3.985420e-01 4.260108e-01 1.572477e-01 340
0.657013 3.477216e-01 3.758707e-01 1.343724e-01 297
0.657505 3.414590e-01 3.779638e-01 1.403437e-01 292
0.657971 3.597387e-01 3.989721e-01 1.457292e-01 308
0.658448 3.593091e-01 4.012548e-01 1.478459e-01 308
0.658937 3.612107e-01 3.991247e-01 1.425942e-01 310
0.659416 3.770731e-01 4.155673e-01 1.508564e-01 324
0.659878 3.464007e-01 3.751518e-01 1.394660e-01 298
0.660377 3.610815e-01 3.991368e-01 1.517795e-01 311
0.660848 2.991900e-01 3.275061e-01 1.255513e-01 258
0.661339 3.301074e-01 3.550710e-01 1.347000e-01 285
0.661812 3.563233e-01 3.893382e-01 1.454240e-01 308
0.662291 3.639885e-01 3.900620e-01 1.481444e-01 315
0.662758 3.520147e-01 3.765779e-01 1.459878e-01 305
0.663236 3.227774e-01 3.441572e-01 1.310872e-01 280
0.663729 3.408170e-01 3.711215e-01 1.406296e-01 296
0.664197 3.484632e-01 3.618310e-01 1.393793e-01 303
0.664680 3.595370e-01 3.836830e-01 1.429486e-01 313
0.665174 3.510800e-01 3.806285e-01 1.493082e-01 306
0.665641 3.896272e-01 4.217229e-01 1.588757e-01 340
0.666130 3.262129e-01 3.598507e-01 1.393548e-01 285
0.666615 2.995324e-01 3.386333e-01 1.288479e-01 262
0.667097 3.517061e-01 3.732955e-01 1.407545e-01 308
0.667573 3.535719e-01 3.956810e-01 1.533628e-01 310
0.668047 3.292313e-01 3.635673e-01 1.408738e-01 289
0.668537 3.197400e-01 3.491411e-01 1.347751e-01 281
0.669009 3.432301e-01 3.756785e-01 1.406359e-01 302
0.669496 3.019592e-01 3.300431e-01 1.251310e-01 266
0.669970 2.970683e-01 3.155931e-01 1.227033e-01 262
0.670454 3.454168e-01 3.782044e-01 1.511718e-01 305
0.670934 3.155999e-01 3.405995e-01 1.375301e-01 279
0.671406 3.389559e-01 3.645804e-01 1.458366e-01 300
0.671903 3.047020e-01 3.229596e-01 1.292355e-01 270
0.672384 3.223795e-01 3.434874e-01 1.372355e-01 286
0.672873 3.141202e-01 3.376414e-01 1.351721e-01 279
0.673349 3.193747e-01 3.489086e-01 1.425784e-01 284
0.673832 3.190004e-01 3.369916e-01 1.374302e-01 284
0.674308 3.298461e-01 3.521087e-01 1.453101e-01 294
0.674794 3.182539e-01 3.589948e-01 1.467349e-01 284
0.675295 2.775868e-01 2.924685e-01 1.172114e-01 248
0.675752 2.549024e-01 2.761747e-01 1.114606e-01 228
0.676235 2.825217e-01 3.083779e-01 1.280441e-01 253
0.676734 2.966918e-01 3.191732e-01 1.289830e-01 266
0.677199 3.152849e-01 3.502674e-01 1.454223e-01 283
0.677702 2.948871e-01 3.075754e-01 1.249575e-01 265
0.678171 3.056582e-01 3.314399e-01 1.392326e-01 275
0.678671 2.664455e-01 2.810140e-01 1.152074e-01 240
0.679150 2.827687e-01 3.049856e-01 1.247503e-01 255
0.679623 2.879777e-01 3.025920e-01 1.229950e-01 260
0.680127 2.710481e-01 2.968070e-01 1.241200e-01 245
0.680600 2.895186e-01 3.001119e-01 1.242114e-01 262
0.681082 2.958048e-01 3.182101e-01 1.304171e-01 268
0.681573 2.745145e-01 2.835746e-01 1.174701e-01 249
0.682049 2.664877e-01 2.922911e-01 1.212171e-01 242
0.682530 2.815774e-01 3.055837e-01 1.252333e-01 256
0.683028 3.065197e-01 3.280092e-01 1.369102e-01 279
0.683497 2.995805e-01 3.208679e-01 1.353456e-01 273
0.683983 3.222517e-01 3.500235e-01 1.468137e-01 294
0.684491 2.704221e-01 2.965532e-01 1.257610e-01 247
0.684964 2.777643e-01 3.083559e-01 1.299941e-01 254
0.685459 2.905509e-01 3.157132e-01 1.329510e-01 266
0.685960 2.869423e-01 3.042654e-01 1.263439e-01 263
0.686416 3.193043e-01 3.371996e-01 1.402940e-01 293
0.686908 2.819264e-01 2.992792e-01 1.258253e-01 259
0.687417 2.729032e-01 2.924413e-01 1.202978e-01 251
0.687883 2.389224e-01 2.720390e-01 1.129834e-01 220
0.688374 2.863767e-01 3.086460e-01 1.248418e-01 264
0.688855 2.795461e-01 2.940456e-01 1.213602e-01 258
0.689339 2.684019e-01 2.868243e-01 1.182863e-01 248
0.689836 2.680933e-01 2.869030e-01 1.178876e-01 248
0.690315 2.526684e-01 2.675242e-01 1.179322e-01 234
0.690806 2.610066e-01 2.919976e-01 1.294923e-01 242
0.691276 2.585525e-01 2.778618e-01 1.183997e-01 240
0.691788 2.302782e-01 2.643264e-01 1.174896e-01 214
0.692266 2.676334e-01 2.831434e-01 1.246671e-01 249
0.692764 3.027556e-01 3.220243e-01 1.389792e-01 282
0.693244 2.788168e-01 2.959095e-01 1.295369e-01 260
0.693738 2.988495e-01 3.249890e-01 1.408546e-01 279
0.694215 2.525011e-01 2.729185e-01 1.168496e-01 236
0.694723 2.693117e-01 2.901387e-01 1.247721e-01 252
0.695184 2.743414e-01 3.027881e-01 1.337215e-01 257
0.695687 2.569681e-01 2.715518e-01 1.160153e-01 241
0.696173 2.438944e-01 2.590493e-01 1.102851e-01 229
0.696651 2.904246e-01 3.157516e-01 1.322389e-01 273
0.697165 2.486516e-01 2.674272e-01 1.159269e-01 234
0.697665 2.377543e-01 2.550515e-01 1.099110e-01 224
0.698140 2.056778e-01 2.213806e-01 9.666537e-02 194
0.698623 2.308595e-01 2.435884e-01 1.074290e-01 218
0.699108 2.506949e-01 2.716047e-01 1.188797e-01 237
0.699594 2.313915e-01 2.428992e-01 1.052113e-01 219
0.700092 2.205749e-01 2.365253e-01 1.067486e-01 209
0.700581 2.424623e-01 2.553457e-01 1.204736e-01 230
0.701068 2.442932e-01 2.634400e-01 1.194108e-01 232
0.701594 2.503269e-01 2.702260e-01 1.212786e-01 238
0.702060 2.111710e-01 2.236877e-01 1.010347e-01 201
0.702545 2.350683e-01 2.577760e-01 1.196948e-01 224
0.703027 2.316575e-01 2.520588e-01 1.153218e-01 221
0.703532 2.512891e-01 2.671731e-01 1.235133e-01 240
0.704032 2.415923e-01 2.620447e-01 1.204732e-01 231
0.704523 2.131131e-01 2.281174e-01 1.071145e-01 204
0.705025 2.034810e-01 2.145151e-01 1.009736e-01 195
0.705496 2.303515e-01 2.463091e-01 1.130889e-01 221
0.705993 2.363384e-01 2.491263e-01 1.169083e-01 227
0.706483 2.256723e-01 2.408830e-01 1.104723e-01 217
0.706973 2.285344e-01 2.464898e-01 1.124401e-01 220
0.707480 2.376156e-01 2.567245e-01 1.157174e-01 229
0.707951 2.166190e-01 2.359725e-01 1.146393e-01 209
0.708456 2.029166e-01 2.176521e-01 9.834543e-02 196
0.708954 2.275074e-01 2.494507e-01 1.130665e-01 220
0.709445 2.096914e-01 2.279691e-01 1.052880e-01 203
0.709925 1.826290e-01 1.996216e-01 9.547033e-02 177
0.710450 1.989143e-01 2.125432e-01 1.003971e-01 193
0.710912 2.264873e-01 2.438604e-01 1.162811e-01 220
0.711415 2.437151e-01 2.651566e-01 1.255996e-01 237
0.711902 2.362517e-01 2.556451e-01 1.219203e-01 230
0.712414 2.052062e-01 2.203387e-01 1.047573e-01 200
0.712896 2.305985e-01 2.499095e-01 1.162753e-01 225
0.713401 2.006522e-01 2.129330e-01 9.967148e-02 196
0.713877 2.167893e-01 2.357322e-01 1.105922e-01 212
0.714380 1.644532e-01 1.754237e-01 8.423667e-02 161
0.714869 1.928382e-01 2.105760e-01 9.982226e-02 189
0.715372 2.201405e-01 2.331733e-01 1.115048e-01 216
0.715855 2.066605e-01 2.244213e-01 1.050370e-01 203
0.716362 2.115145e-01 2.324753e-01 1.137866e-01 208
0.716862 2.072158e-01 2.198465e-01 1.069705e-01 204
0.717365 1.907509e-01 2.114344e-01 1.004052e-01 188
0.717849 2.027006e-01 2.264201e-01 1.047599e-01 200
0.718348 2.014627e-01 2.147931e-01 1.039266e-01 199
0.718831 2.214637e-01 2.400096e-01 1.147517e-01 219
0.719339 2.040454e-01 2.155564e-01 1.010778e-01 202
0.719829 1.907018e-01 2.105580e-01 9.873819e-02 189
0.720348 1.955295e-01 2.142568e-01 1.080824e-01 194
0.720830 2.174614e-01 2.391477e-01 1.169618e-01 216
0.721305 1.880565e-01 1.968094e-01 9.687691e-02 187
0.721831 2.029161e-01 2.266278e-01 1.121712e-01 202
0.722306 1.886434e-01 2.005228e-01 9.886634e-02 188
0.722806 1.954508e-01 2.175112e-01 1.061664e-01 195
0.723312 2.222670e-01 2.382793e-01 1.171613e-01 222
0.723799 1.800173e-01 2.012498e-01 1.004198e-01 180
0.724326 1.808173e-01 1.967561e-01 9.525474e-02 181
0.724795 1.746303e-01 1.804360e-01 8.925348e-02 175
0.725310 1.455307e-01 1.624214e-01 8.100678e-02 146
0.725816 2.100897e-01 2.306921e-01 1.160603e-01 211
0.726299 1.849934e-01 2.000243e-01 1.012016e-01 186
0.726818 1.698871e-01 1.819277e-01 8.887360e-02 171
0.727313 1.528292e-01 1.655894e-01 8.331963e-02 154
0.727817 1.824001e-01 1.927699e-01 9.384453e-02 184
0.728330 1.752680e-01 1.951018e-01 9.799010e-02 177
0.728818 1.760643e-01 1.876820e-01 9.349492e-02 178
0.729273 1.748828e-01 1.897665e-01 9.212218e-02 177
0.729788 1.904820e-01 2.029694e-01 1.001111e-01 193
0.730277 1.863294e-01 1.974105e-01 9.712965e-02 189
0.730810 1.762770e-01 2.006641e-01 1.024169e-01 179
0.731268 1.928068e-01 2.090193e-01 1.039391e-01 196
0.731788 1.866997e-01 2.057610e-01 1.020964e-01 190
0.732310 1.560670e-01 1.668563e-01 8.385469e-02 159
0.732796 1.696228e-01 1.825428e-01 9.277876e-02 173
0.733281 2.027370e-01 2.171273e-01 1.086090e-01 207
0.733799 1.751219e-01 1.979519e-01 9.777272e-02 179
0.734303 1.798168e-01 1.973877e-01 9.824574e-02 184
0.734787 1.659536e-01 1.819526e-01 8.883722e-02 170
0.735284 1.599216e-01 1.679647e-01 8.540443e-02 164
0.735799 1.480583e-01 1.555087e-01 7.712580e-02 152
0.736314 1.683299e-01 1.827749e-01 9.144713e-02 173
0.736818 1.613428e-01 1.695505e-01 8.624231e-02 166
0.737303 1.951481e-01 2.143894e-01 1.084387e-01 201
0.737795 2.094830e-01 2.207074e-01 1.118567e-01 216
0.738303 1.734104e-01 1.835173e-01 9.165299e-02 179
0.738806 1.838667e-01 1.945433e-01 9.856097e-02 190
0.739298 1.672335e-01 1.760892e-01 8.964729e-02 173
0.739842 1.747767e-01 1.823906e-01 9.233456e-02 181
0.740308 1.745869e-01 1.809274e-01 9.302395e-02 181
0.740837 1.724704e-01 1.812542e-01 9.517521e-02 179
0.741316 1.790207e-01 1.893805e-01 9.713528e-02 186
0.741811 1.951709e-01 2.051481e-01 1.068612e-01 203
0.742347 1.546230e-01 1.664940e-01 8.650776e-02 161
0.742813 1.650084e-01 1.765246e-01 8.964684e-02 172
0.743320 1.590799e-01 1.667773e-01 8.551627e-02 166
0.743850 1.751815e-01 1.958359e-01 1.006839e-01 183
0.744349 1.625610e-01 1.671014e-01 8.554052e-02 170
0.744859 1.385051e-01 1.426075e-01 7.565881e-02 145
0.745337 1.669808e-01 1.739341e-01 8.924888e-02 175
0.745863 1.791915e-01 1.974145e-01 1.014598e-01 188
0.746376 1.751897e-01 1.929460e-01 9.879535e-02 184
0.746875 1.493213e-01 1.587133e-01 8.162576e-02 157
0.747362 1.795625e-01 1.931640e-01 1.014714e-01 189
0.747848 1.651334e-01 1.792681e-01 9.228416e-02 174
0.748385 1.459952e-01 1.574242e-01 8.101408e-02 154
0.748875 1.638312e-01 1.724429e-01 8.815848e-02 173
0.749375 1.456813e-01 1.514803e-01 7.720109e-02 154
0.749896 1.483596e-01 1.655753e-01 8.655889e-02 157
0.750406 1.510321e-01 1.624907e-01 8.649987e-02 160
0.750905 1.706716e-01 1.820304e-01 9.801837e-02 181
0.751422 1.507081e-01 1.594784e-01 8.475492e-02 160
0.751917 1.420782e-01 1.470653e-01 7.836118e-02 151
0.752425 1.503850e-01 1.620118e-01 8.706967e-02 160
0.752926 1.671241e-01 1.812138e-01 9.567138e-02 178
0.753438 1.481873e-01 1.593889e-01 8.392990e-02 158
0.753963 1.442811e-01 1.496198e-01 7.846718e-02 154
0.754450 1.478703e-01 1.541817e-01 8.305545e-02 158
0.754966 1.467774e-01 1.562810e-01 8.301277e-02 157
0.755473 1.494222e-01 1.637662e-01 8.790441e-02 160
0.755981 1.557929e-01 1.687601e-01 8.897143e-02 167
0.756480 1.435119e-01 1.524975e-01 8.172803e-02 154
0.756988 1.293953e-01 1.348562e-01 7.204870e-02 139
0.757497 1.366966e-01 1.444651e-01 7.691129e-02 147
0.758018 1.727787e-01 1.879123e-01 9.899787e-02 186
0.758500 1.521803e-01 1.652370e-01 8.998487e-02 164
0.759013 1.316256e-01 1.454891e-01 7.719640e-02 142
0.759543 1.527825e-01 1.618057e-01 8.660698e-02 165
0.760056 1.498451e-01 1.608467e-01 8.854299e-02 162
0.760542 1.302821e-01 1.410446e-01 7.780773e-02 141
0.761059 1.439888e-01 1.565603e-01 8.897834e-02 156
0.761547 1.410699e-01 1.543611e-01 8.630684e-02 153
0.762083 1.252624e-01 1.335704e-01 7.624462e-02 136
0.762579 1.416908e-01 1.538292e-01 8.675181e-02 154
0.763089 1.286733e-01 1.353087e-01 7.540579e-02 140
0.763619 1.074202e-01 1.207348e-01 6.877714e-02 117
0.764112 1.311523e-01 1.391150e-01 7.708756e-02 143
0.764624 1.218517e-01 1.341829e-01 7.714054e-02 133
0.765144 1.427726e-01 1.591170e-01 9.138214e-02 156
0.765635 1.417074e-01 1.555365e-01 8.709209e-02 155
0.766163 1.397311e-01 1.456893e-01 8.359047e-02 153
0.766671 1.186004e-01 1.438837e-01 8.034972e-02 130
0.767166 1.221206e-01 1.361584e-01 7.650546e-02 134
0.767723 1.165295e-01 1.259653e-01 7.187746e-02 128
0.768194 1.327763e-01 1.423373e-01 8.097255e-02 146
0.768719 1.326364e-01 1.415186e-01 7.949209e-02 146
0.769224 1.179765e-01 1.269067e-01 7.049437e-02 130
0.769723 1.260113e-01 1.332502e-01 7.411563e-02 139
0.770232 1.276899e-01 1.345130e-01 8.011358e-02 141
0.770760 1.185091e-01 1.261063e-01 7.336748e-02 131
0.771269 1.310363e-01 1.410533e-01 8.282986e-02 145
0.771784 1.227739e-01 1.320249e-01 7.766037e-02 136
0.772312 1.415828e-01 1.475404e-01 8.812065e-02 157
0.772816 1.216154e-01 1.305189e-01 7.741863e-02 135
0.773334 1.169883e-01 1.221819e-01 7.275063e-02 130
0.773863 1.159667e-01 1.232854e-01 7.269447e-02 129
0.774360 1.032729e-01 1.123176e-01 6.581890e-02 115
0.774896 1.067530e-01 1.114977e-01 6.502957e-02 119
0.775385 1.111220e-01 1.164017e-01 6.821864e-02 124
0.775896 1.163770e-01 1.254521e-01 7.306968e-02 130
0.776418 1.064183e-01 1.159291e-01 6.664321e-02 119
0.776917 1.054138e-01 1.108163e-01 6.488046e-02 118
0.777444 1.276138e-01 1.380360e-01 8.169559e-02 143
0.777934 9.093020e-02 9.632668e-02 5.607702e-02 102
0.778460 1.246759e-01 1.354671e-01 7.929163e-02 140
0.778968 1.058640e-01 1.145348e-01 6.747103e-02 119
0.779495 1.128632e-01 1.216806e-01 7.059665e-02 127
0.780010 1.233987e-01 1.340986e-01 7.916465e-02 139
0.780555 1.037598e-01 1.072879e-01 6.365652e-02 117
0.781028 1.204842e-01 1.284325e-01 7.711956e-02 136
0.781538 1.061990e-01 1.146258e-01 6.798150e-02 120
0.782078 9.990009e-02 1.053605e-01 6.264018e-02 113
0.782570 1.042120e-01 1.174782e-01 7.116242e-02 118
0.783092 1.067505e-01 1.103064e-01 6.515696e-02 121
0.783645 1.031144e-01 1.097876e-01 6.552245e-02 117
0.784120 1.206156e-01 1.264814e-01 7.563054e-02 137
0.784655 1.011417e-01 1.044998e-01 6.233030e-02 115
0.785195 1.168513e-01 1.230490e-01 7.513275e-02 133
0.785682 1.176079e-01 1.252338e-01 7.512836e-02 134
0.786214 9.995092e-02 1.028839e-01 6.310176e-02 114
0.786711 1.033509e-01 1.109349e-01 6.579477e-02 118
0.787236 1.181182e-01 1.226141e-01 7.340578e-02 135
0.787727 1.075075e-01 1.141922e-01 6.744107e-02 123
0.788293 1.152547e-01 1.209528e-01 7.139442e-02 132
0.788771 9.769090e-02 1.034535e-01 6.223786e-02 112
0.789307 1.028181e-01 1.115686e-01 6.557762e-02 118
0.789818 1.105460e-01 1.198085e-01 7.115808e-02 127
0.790335 1.060843e-01 1.146475e-01 6.935228e-02 122
0.790862 1.077123e-01 1.121628e-01 6.688864e-02 124
0.791394 1.084691e-01 1.136636e-01 7.002184e-02 125
0.791895 9.968884e-02 1.021479e-01 6.154575e-02 115
0.792421 1.151737e-01 1.229278e-01 7.486178e-02 133
0.792946 9.861878e-02 1.046550e-01 6.344560e-02 114
0.793426 9.506066e-02 1.017055e-01 6.196646e-02 110
0.793944 1.087758e-01 1.154313e-01 7.106076e-02 126
0.794487 1.095265e-01 1.119895e-01 6.896325e-02 127
0.795018 1.076911e-01 1.121392e-01 6.784376e-02 125
0.795520 1.101625e-01 1.184625e-01 7.064550e-02 128
0.796056 1.203667e-01 1.244122e-01 7.548450e-02 140
0.796568 9.104142e-02 9.678308e-02 5.895820e-02 106
0.797079 9.438018e-02 9.815760e-02 5.944395e-02 110
0.797625 1.045691e-01 1.142638e-01 6.977922e-02 122
0.798132 1.036058e-01 1.148959e-01 6.882149e-02 121
0.798646 9.238005e-02 9.936407e-02 5.985070e-02 108
0.799164 9.143113e-02 9.687080e-02 5.807745e-02 107
0.799702 1.015812e-01 1.080950e-01 6.651071e-02 119
0.800213 7.930594e-02 8.295603e-02 5.223407e-02 93
0.800737 9.115134e-02 9.700832e-02 6.110220e-02 107
0.801253 9.531343e-02 1.013024e-01 6.414505e-02 112
0.801780 9.861684e-02 1.028959e-01 6.475879e-02 116
0.802322 9.087284e-02 9.479046e-02 6.029112e-02 107
0.802835 9.417395e-02 9.856477e-02 6.206053e-02 111
0.803357 8.390748e-02 9.003130e-02 5.672212e-02 99
0.803886 8.805556e-02 9.152991e-02 5.867639e-02 104
0.804397 7.358695e-02 8.125289e-02 5.068184e-02 87
0.804912 1.064659e-01 1.106405e-01 6.929396e-02 126
0.805439 7.765803e-02 8.106000e-02 5.056153e-02 92
0.805987 1.104660e-01 1.153361e-01 7.279734e-02 131
0.806506 9.771795e-02 1.022151e-01 6.516620e-02 116
0.807032 8.415417e-02 8.998629e-02 5.643867e-02 100
0.807533 1.008826e-01 1.067223e-01 6.796717e-02 120
0.808060 8.818285e-02 9.256251e-02 5.835032e-02 105
0.808593 1.057122e-01 1.106752e-01 6.970712e-02 126
0.809124 9.806201e-02 1.013120e-01 6.447249e-02 117
0.809618 8.456617e-02 9.361845e-02 5.893462e-02 101
0.810140 9.870017e-02 1.055920e-01 6.871840e-02 118
0.810667 8.940885e-02 9.391874e-02 6.069721e-02 107
0.811218 7.512773e-02 7.732877e-02 5.002110e-02 90
0.811747 8.922834e-02 9.297265e-02 6.008900e-02 107
0.812263 9.413670e-02 1.009518e-01 6.612895e-02 113
0.812807 7.822941e-02 8.432238e-02 5.468338e-02 94
0.813319 9.477832e-02 9.838846e-02 6.385202e-02 114
0.813822 9.053006e-02 9.556366e-02 6.331388e-02 109
0.814358 8.794974e-02 9.377353e-02 6.179865e-02 106
0.814904 7.625689e-02 8.195185e-02 5.397995e-02 92
0.815415 7.949235e-02 8.464227e-02 5.474090e-02 96
0.815942 8.189404e-02 8.355756e-02 5.409603e-02 99
0.816477 8.346449e-02 8.647475e-02 5.564586e-02 101
0.816999 8.503174e-02 8.795221e-02 5.684735e-02 103
0.817515 7.504969e-02 7.787915e-02 5.011465e-02 91
0.818052 9.227615e-02 9.838993e-02 6.421952e-02 112
0.818563 7.078382e-02 7.879054e-02 5.133291e-02 86
0.819109 7.400182e-02 7.880781e-02 5.071224e-02 90
0.819623 8.707036e-02 9.370349e-02 6.084642e-02 106
0.820169 7.631540e-02 7.807002e-02 5.278298e-02 93
0.820679 7.623900e-02 8.080999e-02 5.517631e-02 93
0.821194 6.224050e-02 6.384021e-02 4.408116e-02 76
0.821712 6.954146e-02 7.321545e-02 5.124227e-02 85
0.822272 6.947195e-02 7.469168e-02 5.173560e-02 85
0.822811 7.021904e-02 7.566132e-02 5.253531e-02 86
0.823328 6.362344e-02 6.804040e-02 4.674694e-02 78
0.823856 7.007890e-02 7.263106e-02 4.982936e-02 86
0.824369 7.000899e-02 7.547530e-02 5.176419e-02 86
0.824924 6.912593e-02 7.557002e-02 5.183498e-02 85
0.825448 8.286845e-02 8.819497e-02 6.021871e-02 102
0.825997 6.817662e-02 7.119445e-02 4.861091e-02 84
0.826511 6.405465e-02 6.863499e-02 4.686333e-02 79
0.827033 7.776110e-02 8.816622e-02 6.044093e-02 96
0.827594 7.201932e-02 7.786906e-02 5.316828e-02 89
0.828096 7.113932e-02 7.787406e-02 5.389982e-02 88
0.828632 7.187623e-02 7.795108e-02 5.346045e-02 89
0.829142 5.808931e-02 6.122038e-02 4.210268e-02 72
0.829693 6.044963e-02 6.320014e-02 4.338928e-02 75
0.830233 7.005200e-02 7.321129e-02 5.068613e-02 87
0.830754 7.239572e-02 7.826954e-02 5.421295e-02 90
0.831326 5.464477e-02 5.872920e-02 4.089544e-02 68
0.831812 6.663269e-02 7.075516e-02 4.927415e-02 83
0.832358 7.458679e-02 7.843320e-02 5.458915e-02 93
0.832898 6.650082e-02 6.810508e-02 4.717260e-02 83
0.833438 6.963673e-02 7.586967e-02 5.279914e-02 87
0.833911 7.196677e-02 7.488119e-02 5.209794e-02 90
0.834506 7.109681e-02 7.346726e-02 5.134667e-02 89
0.835017 6.384412e-02 6.588022e-02 4.563156e-02 80
0.835595 5.820024e-02 5.887503e-02 4.077946e-02 73
0.836086 6.371814e-02 6.834336e-02 4.757179e-02 80
0.836639 5.888115e-02 6.139942e-02 4.252796e-02 74
0.837151 6.279764e-02 6.493287e-02 4.523885e-02 79
0.837690 6.670638e-02 7.094562e-02 4.914008e-02 84
0.838209 8.171417e-02 8.630824e-02 5.978091e-02 103
0.838740 7.608581e-02 8.043770e-02 5.571472e-02 96
0.839308 6.175890e-02 6.669666e-02 4.642213e-02 78
0.839813 5.932516e-02 6.104407e-02 4.265605e-02 75
0.840339 4.899393e-02 5.261010e-02 3.718051e-02 62
0.840909 6.315586e-02 6.781018e-02 4.814811e-02 80
0.841416 6.703721e-02 7.211254e-02 5.142641e-02 85
0.841944 6.460772e-02 6.833510e-02 4.851249e-02 82
0.842540 6.769284e-02 7.419456e-02 5.295727e-02 86
0.843030 5.819022e-02 5.944980e-02 4.224590e-02 74
0.843555 6.127553e-02 6.616723e-02 4.676157e-02 78
0.844115 7.298772e-02 7.687611e-02 5.432974e-02 93
0.844628 6.821198e-02 7.195875e-02 5.085455e-02 87
0.845176 5.404622e-02 5.721787e-02 4.068117e-02 69
0.845680 6.964360e-02 7.516376e-02 5.337595e-02 89
0.846220 6.488503e-02 6.926535e-02 4.945180e-02 83
0.846768 6.482163e-02 6.714895e-02 4.745537e-02 83
0.847330 5.851655e-02 6.163699e-02 4.355997e-02 75
0.847851 5.767997e-02 5.857318e-02 4.184610e-02 74
0.848362 6.774677e-02 7.221007e-02 5.149599e-02 87
0.848919 6.923658e-02 7.352187e-02 5.195923e-02 89
0.849477 6.606037e-02 6.670442e-02 4.757241e-02 85
0.850013 4.037403e-02 4.175329e-02 3.028051e-02 52
0.850594 6.127773e-02 6.478335e-02 4.772481e-02 79
0.851099 4.184527e-02 4.349834e-02 3.223163e-02 54
0.851602 5.573942e-02 5.894790e-02 4.342594e-02 72
0.852136 6.109906e-02 6.712568e-02 4.945037e-02 79
0.852731 6.103967e-02 6.405714e-02 4.718983e-02 79
0.853194 4.940182e-02 5.204259e-02 3.833891e-02 64
0.853790 5.089616e-02 5.597523e-02 4.123602e-02 66
0.854303 4.853555e-02 5.056820e-02 3.725275e-02 63
0.854847 5.079745e-02 5.602820e-02 4.127505e-02 66
0.855382 5.766840e-02 6.400424e-02 4.758476e-02 75
0.855945 4.455368e-02 4.922863e-02 3.700371e-02 58
0.856501 4.911506e-02 5.058093e-02 3.726213e-02 64
0.857004 5.750098e-02 5.925231e-02 4.365019e-02 75
0.857565 6.280691e-02 6.767019e-02 4.985151e-02 82
0.858115 5.738978e-02 6.044496e-02 4.489250e-02 75
0.858605 5.045418e-02 5.322403e-02 3.956613e-02 66
0.859168 5.727889e-02 6.279768e-02 4.626200e-02 75
0.859667 4.501588e-02 4.897104e-02 3.630804e-02 59
0.860262 5.793058e-02 5.998735e-02 4.515334e-02 76
0.860795 6.092071e-02 6.262298e-02 4.676199e-02 80
0.861356 5.857964e-02 6.221390e-02 4.645652e-02 77
0.861916 5.244284e-02 5.446372e-02 4.066929e-02 69
0.862437 4.935508e-02 5.147011e-02 3.843389e-02 65
0.862945 5.082470e-02 5.510588e-02 4.132379e-02 67
0.863498 5.759640e-02 5.965743e-02 4.473325e-02 76
0.864057 4.694133e-02 4.901523e-02 3.678139e-02 62
0.864563 5.143453e-02 5.512288e-02 4.116149e-02 68
0.865130 6.120872e-02 6.437862e-02 4.825011e-02 81
0.865687 5.511041e-02 5.715183e-02 4.288031e-02 73
0.866214 5.128643e-02 5.540583e-02 4.137278e-02 68
0.866747 4.068837e-02 4.190376e-02 3.151375e-02 54
0.867306 4.667146e-02 4.976035e-02 3.733646e-02 62
0.867846 4.888284e-02 5.022757e-02 3.750605e-02 65
0.868395 4.282541e-02 4.539426e-02 3.389691e-02 57
0.868918 4.428559e-02 4.789109e-02 3.594620e-02 59
0.869491 5.249191e-02 5.300693e-02 3.958147e-02 70
0.870020 3.970584e-02 3.977445e-02 3.036348e-02 53
0.870554 5.089461e-02 5.412001e-02 4.195000e-02 68
0.871135 4.187313e-02 4.465259e-02 3.443245e-02 56
0.871668 4.258014e-02 4.541175e-02 3.501785e-02 57
0.872187 5.373406e-02 5.858490e-02 4.517591e-02 72
0.872772 4.771800e-02 5.002920e-02 3.873676e-02 64
0.873270 4.022364e-02 4.245803e-02 3.274018e-02 54
0.873866 4.762699e-02 4.980913e-02 3.840875e-02 64
0.874419 5.427275e-02 5.841556e-02 4.504533e-02 73
0.874951 4.233697e-02 4.782203e-02 3.703857e-02 57
0.875505 4.229664e-02 4.521457e-02 3.486580e-02 57
0.875989 3.187762e-02 3.354921e-02 2.587042e-02 43
0.876533 4.591934e-02 4.837595e-02 3.730360e-02 62
0.877116 2.959720e-02 3.070655e-02 2.367840e-02 40
0.877612 4.657127e-02 4.912951e-02 3.788468e-02 63
0.878230 5.908193e-02 6.226822e-02 4.818360e-02 80
0.878734 3.615331e-02 3.592510e-02 2.803200e-02 49
0.879314 4.201597e-02 4.352436e-02 3.356245e-02 57
0.879836 4.565822e-02 5.063114e-02 3.917075e-02 62
0.880438 4.929354e-02 5.064770e-02 3.999420e-02 67
0.880939 4.483664e-02 4.491552e-02 3.518063e-02 61
0.881488 4.773148e-02 5.295082e-02 4.180576e-02 65
0.882021 4.768628e-02 5.193066e-02 4.085266e-02 65
0.882592 3.444821e-02 3.884092e-02 3.057393e-02 47
0.883149 3.734460e-02 3.788237e-02 2.967183e-02 51
0.883718 4.243016e-02 4.476900e-02 3.506586e-02 58
0.884240 4.604437e-02 4.928068e-02 3.874762e-02 63
0.884782 4.746121e-02 4.918910e-02 3.882680e-02 65
0.885299 4.012156e-02 4.171257e-02 3.267187e-02 55
0.885895 4.008369e-02 4.169920e-02 3.266140e-02 55
0.886430 4.295829e-02 4.701381e-02 3.682414e-02 59
0.886993 4.073552e-02 4.351395e-02 3.408283e-02 56
0.887552 3.779019e-02 4.281141e-02 3.353256e-02 52
0.888117 3.412433e-02 3.748028e-02 2.935689e-02 47
0.888635 3.699366e-02 3.718215e-02 2.928619e-02 51
0.889232 3.913289e-02 4.090141e-02 3.221934e-02 54
0.889691 3.330406e-02 3.549271e-02 2.785548e-02 46
0.890298 3.905931e-02 4.340518e-02 3.529744e-02 54
0.890914 3.468675e-02 3.618000e-02 2.957204e-02 48
0.891421 2.743454e-02 2.875675e-02 2.338522e-02 38
0.891950 4.616216e-02 5.071409e-02 4.124111e-02 64
0.892485 3.314791e-02 3.700040e-02 3.008903e-02 46
0.893048 3.599653e-02 3.826405e-02 3.111664e-02 50
0.893585 4.315533e-02 4.677204e-02 3.803541e-02 60
0.894152 3.664765e-02 3.745971e-02 3.046254e-02 51
0.894651 2.728051e-02 2.906840e-02 2.363866e-02 38
0.895269 3.012391e-02 3.260605e-02 2.651551e-02 42
0.895843 4.299387e-02 4.494094e-02 3.671953e-02 60
0.896379 2.863576e-02 2.892001e-02 2.351799e-02 40
0.896899 3.003944e-02 3.092383e-02 2.514751e-02 42
0.897486 3.715692e-02 3.872552e-02 3.149191e-02 52
0.898046 3.498054e-02 3.593885e-02 2.939092e-02 49
0.898556 3.423465e-02 3.435130e-02 2.793475e-02 48
0.899117 3.277759e-02 3.342566e-02 2.718202e-02 46
0.899640 2.918755e-02 2.993639e-02 2.434452e-02 41
0.900235 3.627261e-02 3.759551e-02 3.134015e-02 51
0.900781 3.055428e-02 3.082583e-02 2.570916e-02 43
0.901298 2.697630e-02 2.711756e-02 2.261641e-02 38
0.901935 2.695118e-02 2.778890e-02 2.317632e-02 38
0.902466 3.472050e-02 3.724959e-02 3.117951e-02 49
0.903026 2.477728e-02 2.701275e-02 2.252900e-02 35
0.903564 2.899782e-02 2.950426e-02 2.460695e-02 41
0.904105 2.543784e-02 2.598632e-02 2.167295e-02 36
0.904694 3.247371e-02 3.282607e-02 2.737739e-02 46
0.905267 3.526473e-02 3.679129e-02 3.068443e-02 50
0.905800 2.818560e-02 3.170418e-02 2.644172e-02 40
0.906376 2.956742e-02 3.053177e-02 2.546391e-02 42
0.906921 3.727667e-02 3.857838e-02 3.217489e-02 53
0.907493 3.372871e-02 3.610469e-02 3.011180e-02 48
0.908025 2.808122e-02 3.050014e-02 2.543752e-02 40
0.908535 2.945798e-02 3.165600e-02 2.650967e-02 42
0.909174 2.452559e-02 2.504682e-02 2.088939e-02 35
0.909712 2.800332e-02 2.892118e-02 2.412066e-02 40
0.910257 2.797742e-02 3.208184e-02 2.771008e-02 40
0.910816 2.585519e-02 2.629755e-02 2.273039e-02 37
0.911377 2.373688e-02 2.656815e-02 2.296428e-02 34
0.911952 2.022746e-02 2.150209e-02 1.858541e-02 29
0.912489 2.996476e-02 3.039800e-02 2.627462e-02 43
0.913011 2.506363e-02 2.681528e-02 2.317788e-02 36
0.913604 2.364938e-02 2.450488e-02 2.127408e-02 34
0.914118 2.362758e-02 2.468757e-02 2.133880e-02 34
0.914693 2.013437e-02 2.047109e-02 1.769426e-02 29
0.915304 2.427772e-02 2.535232e-02 2.191337e-02 35
0.915841 1.593925e-02 1.642209e-02 1.419450e-02 23
0.916405 2.215594e-02 2.210831e-02 1.910940e-02 32
0.916961 1.798514e-02 1.943685e-02 1.680032e-02 26
0.917526 2.280631e-02 2.350413e-02 2.031588e-02 33
0.918101 2.761862e-02 2.843727e-02 2.457986e-02 40
0.918695 3.104241e-02 3.273112e-02 2.829126e-02 45
0.919245 2.412193e-02 2.495440e-02 2.156943e-02 35
0.919763 2.203410e-02 2.361133e-02 2.044969e-02 32
0.920336 2.063803e-02 2.253442e-02 1.969173e-02 30
0.920857 2.061911e-02 2.182863e-02 1.925405e-02 30
0.921439 2.472026e-02 2.621322e-02 2.299152e-02 36
0.922022 2.332553e-02 2.453236e-02 2.143764e-02 34
0.922546 1.987709e-02 2.137202e-02 1.875970e-02 29
0.923134 2.533722e-02 2.605811e-02 2.277092e-02 37
0.923720 2.599821e-02 2.677396e-02 2.347918e-02 38
0.924259 1.777199e-02 1.950136e-02 1.704130e-02 26
0.924859 2.663363e-02 2.723450e-02 2.379891e-02 39
0.925394 2.524472e-02 2.596833e-02 2.269247e-02 37
0.925897 1.772334e-02 1.859327e-02 1.624776e-02 26
0.926525 2.247448e-02 2.256119e-02 1.971513e-02 33
0.927104 2.313440e-02 2.673162e-02 2.344735e-02 34
0.927636 2.175371e-02 2.280341e-02 1.992679e-02 32
0.928222 1.969633e-02 2.113890e-02 1.855568e-02 29
0.928770 1.899983e-02 1.920945e-02 1.678620e-02 28
0.929381 1.966048e-02 1.944996e-02 1.699638e-02 29
0.929905 2.031992e-02 2.051631e-02 1.807133e-02 30
0.930493 2.300829e-02 2.388782e-02 2.129414e-02 34
0.931082 2.231127e-02 2.300691e-02 2.057747e-02 33
0.931563 2.094003e-02 2.214522e-02 1.974075e-02 31
0.932167 1.754665e-02 1.834597e-02 1.635401e-02 26
0.932755 1.281091e-02 1.358103e-02 1.210643e-02 19
0.933265 2.559857e-02 2.699962e-02 2.406807e-02 38
0.933930 2.355624e-02 2.401839e-02 2.141054e-02 35
0.934381 1.210365e-02 1.318105e-02 1.174989e-02 18
0.934950 1.612358e-02 1.644877e-02 1.466280e-02 24
0.935612 1.476656e-02 1.565630e-02 1.395638e-02 22
0.936139 1.609438e-02 1.588028e-02 1.422952e-02 24
0.936717 2.076976e-02 2.109205e-02 1.880193e-02 31
0.937278 2.142036e-02 2.227205e-02 1.985381e-02 32
0.937804 2.073221e-02 2.163013e-02 1.928158e-02 31
0.938416 1.536806e-02 1.552812e-02 1.384212e-02 23
0.938914 1.335146e-02 1.373117e-02 1.224028e-02 20
0.939594 1.800819e-02 1.934272e-02 1.724254e-02 27
0.940127 1.865830e-02 1.960276e-02 1.776678e-02 28
0.940638 1.930724e-02 1.917418e-02 1.743889e-02 29
0.941293 1.197299e-02 1.331480e-02 1.210980e-02 18
0.941781 1.860787e-02 1.954392e-02 1.777516e-02 28
0.942357 1.659920e-02 1.876404e-02 1.706587e-02 25
0.942973 1.459414e-02 1.472501e-02 1.344833e-02 22
0.943495 1.259269e-02 1.230390e-02 1.124774e-02 19
0.944053 8.608295e-03 8.575474e-03 7.799381e-03 13
0.944687 1.521636e-02 1.531619e-02 1.399706e-02 23
0.945186 1.189775e-02 1.242606e-02 1.130149e-02 18
0.945838 2.245334e-02 2.347233e-02 2.134805e-02 34
0.946349 1.649498e-02 1.708210e-02 1.559427e-02 25
0.946935 1.318414e-02 1.313087e-02 1.194250e-02 20
0.947485 1.053784e-02 1.051564e-02 9.563963e-03 16
0.948082 1.316049e-02 1.402582e-02 1.275646e-02 20
0.948650 1.314869e-02 1.373328e-02 1.249039e-02 20
0.949232 2.101905e-02 2.118662e-02 1.926920e-02 32
0.949738 1.246888e-02 1.331962e-02 1.211148e-02 19
0.950376 1.573607e-02 1.647450e-02 1.491869e-02 24
0.951029 1.048132e-02 1.113562e-02 1.008400e-02 16
0.951502 1.636242e-02 1.950490e-02 1.766290e-02 25
0.952134 1.373214e-02 1.420421e-02 1.286280e-02 21
0.952653 2.286645e-02 2.389229e-02 2.163596e-02 35
0.953188 1.305487e-02 1.452903e-02 1.315694e-02 20
0.953774 2.347778e-02 2.535922e-02 2.296435e-02 36
0.954385 1.563788e-02 1.553536e-02 1.406824e-02 24
0.954939 1.432194e-02 1.475406e-02 1.336072e-02 22
0.955555 1.365875e-02 1.362960e-02 1.234245e-02 21
0.956077 1.559608e-02 1.635544e-02 1.486643e-02 24
0.956613 1.558219e-02 2.091033e-02 1.893561e-02 24
0.957214 1.427095e-02 1.440835e-02 1.304766e-02 22
0.957853 1.361015e-02 1.349304e-02 1.221879e-02 21
0.958403 1.942577e-02 1.984472e-02 1.797064e-02 30
0.958964 1.423289e-02 1.520639e-02 1.377034e-02 22
0.959490 1.422024e-02 1.606142e-02 1.454462e-02 22
0.960105 1.162440e-02 1.135057e-02 1.046424e-02 18
0.960724 1.032363e-02 1.005227e-02 9.393243e-03 16
0.961194 1.031446e-02 1.101738e-02 1.033137e-02 16
0.961808 1.416980e-02 1.403284e-02 1.309587e-02 22
0.962392 5.791593e-03 5.909978e-03 5.538990e-03 9
0.963001 1.414468e-02 1.450458e-02 1.349192e-02 22
0.963567 1.220503e-02 1.310427e-02 1.218938e-02 19
0.964141 1.283602e-02 1.318252e-02 1.226217e-02 20
0.964784 7.053560e-03 6.879147e-03 6.398870e-03 11
0.965332 1.345397e-02 1.374549e-02 1.283109e-02 21
0.965852 8.321279e-03 8.483243e-03 7.890974e-03 13
0.966421 1.790691e-02 1.835993e-02 1.707810e-02 28
0.967092 1.086244e-02 1.146499e-02 1.066454e-02 17
0.967632 1.212965e-02 1.309187e-02 1.217784e-02 19
0.968197 1.339462e-02 1.419821e-02 1.320694e-02 21
0.968734 1.147096e-02 1.185004e-02 1.102271e-02 18
0.969275 1.082413e-02 1.095120e-02 1.018663e-02 17
0.969917 1.081458e-02 1.054469e-02 9.860392e-03 17
0.970494 9.533868e-03 9.909805e-03 9.353249e-03 15
0.971134 8.890436e-03 8.989417e-03 8.484552e-03 14
0.971642 6.979190e-03 7.159433e-03 6.757344e-03 11
0.972309 1.141044e-02 1.157623e-02 1.092608e-02 18
0.972814 8.233621e-03 8.822405e-03 8.326920e-03 13
0.973421 7.593580e-03 8.612679e-03 8.128972e-03 12
0.974055 6.322420e-03 6.952977e-03 6.562483e-03 10
0.974529 1.642385e-02 1.639109e-02 1.553861e-02 26
0.975157 8.835840e-03 9.008823e-03 8.502868e-03 14
0.975689 1.135039e-02 1.256919e-02 1.186328e-02 18
0.976421 6.300238e-03 6.443407e-03 6.081531e-03 10
0.976891 1.007154e-02 1.123224e-02 1.060141e-02 16
0.977399 9.433787e-03 9.367390e-03 8.841298e-03 15
0.978095 5.655311e-03 5.551745e-03 5.239947e-03 9
0.978735 3.139087e-03 3.029101e-03 2.858980e-03 5
0.979244 1.442715e-02 1.534633e-02 1.448445e-02 23
0.979886 8.147340e-03 8.206160e-03 7.740596e-03 13
0.980385 1.440191e-02 1.512671e-02 1.424710e-02 23
0.980893 6.881847e-03 6.834868e-03 6.437425e-03 11
0.981482 1.000121e-02 1.002360e-02 9.440733e-03 16
0.982106 9.992469e-03 1.192100e-02 1.126228e-02 16
0.982719 1.123171e-02 1.189369e-02 1.120208e-02 18
0.983236 8.728146e-03 8.499700e-03 8.005448e-03 14
0.983859 9.966319e-03 1.051103e-02 9.899822e-03 16
0.984509 4.978813e-03 5.077858e-03 4.782584e-03 8
0.984995 1.367980e-02 1.447806e-02 1.363617e-02 22
0.985691 8.076471e-03 7.861429e-03 7.404293e-03 13
0.986196 1.117306e-02 1.151043e-02 1.084111e-02 18
0.986785 9.302779e-03 9.130200e-03 8.634839e-03 15
0.987363 1.115362e-02 1.124429e-02 1.059045e-02 18
0.988001 8.667489e-03 8.527671e-03 8.031793e-03 14
0.988529 7.422815e-03 8.212371e-03 7.734828e-03 12
0.989166 8.034393e-03 8.392995e-03 7.904948e-03 13
0.989648 6.174932e-03 6.036919e-03 5.685877e-03 10
0.990318 8.020440e-03 8.080695e-03 7.677056e-03 13
0.990827 4.931370e-03 5.153900e-03 4.896457e-03 8
0.991578 4.927091e-03 5.016038e-03 4.795555e-03 8
0.992055 6.153522e-03 6.244398e-03 5.932484e-03 10
0.992627 9.837098e-03 1.028518e-02 9.771423e-03 16
0.993222 9.214287e-03 9.483034e-03 9.009347e-03 15
0.993852 8.592552e-03 8.508589e-03 8.083576e-03 14
0.994367 5.519000e-03 5.529229e-03 5.253038e-03 9
0.995023 9.190372e-03 9.227422e-03 8.766503e-03 15
0.995639 9.182421e-03 9.205514e-03 8.745689e-03 15
0.996180 1.039774e-02 1.078629e-02 1.024751e-02 17
0.996777 9.166550e-03 9.149099e-03 8.692092e-03 15
0.997363 7.326904e-03 8.356082e-03 7.938687e-03 12
0.997941 8.540672e-03 9.158318e-03 8.700850e-03 14
0.998618 1.036186e-02 1.040347e-02 9.883803e-03 17
0.999112 9.134932e-03 9.554295e-03 9.077048e-03 15
0.999752 7.301642e-03 8.227873e-03 7.816882e-03 12
