#Interval: 1.000000 Mpc/h, Area= 1.000000 deg^2
# z <nobs> <wc nobs> <wc wfkp nobs> N_objects
0.600237 6.828427e-01 7.409737e-01 1.935571e-01 482
0.600711 6.649674e-01 7.246925e-01 1.883987e-01 470
0.601198 7.163738e-01 7.621751e-01 1.998963e-01 507
0.601676 6.829780e-01 7.419124e-01 1.948120e-01 484
0.602148 6.778544e-01 7.426996e-01 1.953539e-01 481
0.602633 6.769659e-01 7.351050e-01 1.924655e-01 481
0.603124 7.547910e-01 8.227446e-01 2.166660e-01 537
0.603606 6.667717e-01 7.083353e-01 1.871916e-01 475
0.604089 6.224407e-01 6.993833e-01 1.834935e-01 444
0.604561 6.958302e-01 7.540903e-01 1.990146e-01 497
0.605039 6.851335e-01 7.261576e-01 1.908276e-01 490
0.605533 6.702749e-01 7.224422e-01 1.909949e-01 480
0.606013 6.219845e-01 6.766336e-01 1.797821e-01 446
0.606486 6.183879e-01 6.710313e-01 1.783265e-01 444
0.606950 6.537468e-01 7.231190e-01 1.922604e-01 470
0.607460 6.348367e-01 6.967555e-01 1.873256e-01 457
0.607933 5.896159e-01 6.364923e-01 1.709032e-01 425
0.608413 5.860780e-01 6.575139e-01 1.751691e-01 423
0.608899 6.337467e-01 7.012964e-01 1.879760e-01 458
0.609368 6.439790e-01 6.900473e-01 1.843243e-01 466
0.609863 5.699960e-01 5.984130e-01 1.614991e-01 413
0.610338 5.968235e-01 6.480340e-01 1.803232e-01 433
0.610828 6.662543e-01 7.290841e-01 2.037097e-01 484
0.611310 5.815299e-01 6.368168e-01 1.776812e-01 423
0.611785 5.931340e-01 6.491636e-01 1.825692e-01 432
0.612274 6.444729e-01 6.925317e-01 1.941529e-01 470
0.612763 6.381618e-01 6.984741e-01 1.907879e-01 466
0.613247 6.004099e-01 6.416456e-01 1.793550e-01 439
0.613727 6.406119e-01 6.878505e-01 1.936662e-01 469
0.614212 6.356928e-01 6.881828e-01 1.899928e-01 466
0.614711 6.253363e-01 6.662900e-01 1.871260e-01 459
0.615192 6.381367e-01 6.940637e-01 1.936506e-01 469
0.615661 6.047016e-01 6.555947e-01 1.820376e-01 445
0.616158 6.188517e-01 6.840680e-01 1.915548e-01 456
0.616625 5.557080e-01 6.024604e-01 1.690181e-01 410
0.617115 6.307976e-01 6.829941e-01 1.915157e-01 466
0.617602 6.124125e-01 6.698801e-01 1.880802e-01 453
0.618088 6.102761e-01 6.683032e-01 1.899046e-01 452
0.618580 5.919634e-01 6.505985e-01 1.822552e-01 439
0.619066 5.938978e-01 6.602070e-01 1.849379e-01 441
0.619541 5.648922e-01 6.132865e-01 1.735352e-01 420
0.620036 6.313318e-01 6.809112e-01 1.961751e-01 470
0.620516 6.171084e-01 6.864695e-01 2.008171e-01 460
0.621007 6.042608e-01 6.636676e-01 1.956932e-01 451
0.621491 6.061647e-01 6.414296e-01 1.876847e-01 453
0.621976 5.345611e-01 5.775919e-01 1.700876e-01 400
0.622468 6.192994e-01 6.875370e-01 2.012249e-01 464
0.622951 5.691886e-01 6.164236e-01 1.814117e-01 427
0.623433 5.817759e-01 6.486046e-01 1.938464e-01 437
0.623920 5.664091e-01 6.127627e-01 1.809602e-01 426
0.624404 5.470972e-01 5.775175e-01 1.668979e-01 412
0.624908 5.304865e-01 5.669591e-01 1.667226e-01 400
0.625383 5.563025e-01 6.005774e-01 1.766965e-01 420
0.625878 5.450128e-01 5.828562e-01 1.725999e-01 412
0.626366 5.667805e-01 6.166575e-01 1.841270e-01 429
0.626858 5.515468e-01 5.917584e-01 1.769820e-01 418
0.627335 5.007702e-01 5.430964e-01 1.633443e-01 380
0.627827 5.277745e-01 5.748535e-01 1.734221e-01 401
0.628327 5.494521e-01 5.851555e-01 1.738140e-01 418
0.628800 4.857414e-01 5.333764e-01 1.645371e-01 370
0.629290 5.323284e-01 5.692899e-01 1.721006e-01 406
0.629791 4.976084e-01 5.383760e-01 1.639737e-01 380
0.630277 5.192129e-01 5.578419e-01 1.833735e-01 397
0.630764 5.002706e-01 5.364587e-01 1.740568e-01 383
0.631246 4.944211e-01 5.355603e-01 1.738094e-01 379
0.631727 4.560136e-01 4.844040e-01 1.581348e-01 350
0.632237 4.710539e-01 5.071752e-01 1.650245e-01 362
0.632721 5.016513e-01 5.315255e-01 1.729699e-01 386
0.633222 4.802522e-01 5.294295e-01 1.715144e-01 370
0.633702 4.666846e-01 4.996626e-01 1.641981e-01 360
0.634182 4.984658e-01 5.649315e-01 1.838147e-01 385
0.634690 4.344781e-01 4.760225e-01 1.548896e-01 336
0.635182 4.946314e-01 5.378702e-01 1.738417e-01 383
0.635646 5.507639e-01 5.796519e-01 1.886510e-01 427
0.636163 4.276916e-01 4.642404e-01 1.499149e-01 332
0.636640 4.477414e-01 4.724564e-01 1.532938e-01 348
0.637147 5.422708e-01 5.972743e-01 1.963575e-01 422
0.637616 4.671552e-01 5.047883e-01 1.629440e-01 364
0.638119 4.575983e-01 4.851350e-01 1.600305e-01 357
0.638614 4.403838e-01 4.865204e-01 1.561841e-01 344
0.639108 4.730769e-01 5.066648e-01 1.668932e-01 370
0.639577 4.699322e-01 5.120193e-01 1.689818e-01 368
0.640087 5.152601e-01 5.670122e-01 1.931408e-01 404
0.640582 4.649391e-01 5.054315e-01 1.738036e-01 365
0.641064 4.261931e-01 4.759382e-01 1.657349e-01 335
0.641559 4.599694e-01 5.001460e-01 1.730269e-01 362
0.642054 4.479755e-01 4.797762e-01 1.670753e-01 353
0.642541 4.575580e-01 5.018836e-01 1.749100e-01 361
0.643028 4.050874e-01 4.383581e-01 1.537735e-01 320
0.643536 4.817079e-01 5.285856e-01 1.822225e-01 381
0.644042 3.977680e-01 4.460474e-01 1.579617e-01 315
0.644521 4.073639e-01 4.357077e-01 1.486877e-01 323
0.645019 4.156761e-01 4.510326e-01 1.545592e-01 330
0.645507 4.403223e-01 4.680049e-01 1.634238e-01 350
0.645997 4.347509e-01 4.612556e-01 1.611427e-01 346
0.646497 3.978192e-01 4.374760e-01 1.532929e-01 317
0.646978 4.111145e-01 4.533708e-01 1.580675e-01 328
0.647504 3.830656e-01 4.092476e-01 1.406233e-01 306
0.647972 4.125996e-01 4.461875e-01 1.557924e-01 330
0.648473 4.058464e-01 4.364701e-01 1.547231e-01 325
0.648974 4.253010e-01 4.582924e-01 1.607363e-01 341
0.649475 4.521815e-01 4.940923e-01 1.735660e-01 363
0.649955 4.379386e-01 4.704494e-01 1.684316e-01 352
0.650469 3.852096e-01 4.182285e-01 1.521130e-01 310
0.650947 4.244500e-01 4.506880e-01 1.647085e-01 342
0.651447 4.016159e-01 4.346395e-01 1.555216e-01 324
0.651958 4.110264e-01 4.506625e-01 1.625721e-01 332
0.652445 3.610610e-01 3.916012e-01 1.406926e-01 292
0.652946 4.273072e-01 4.547439e-01 1.661257e-01 346
0.653446 4.230824e-01 4.625517e-01 1.684945e-01 343
0.653935 4.090120e-01 4.358102e-01 1.582934e-01 332
0.654434 3.962061e-01 4.321484e-01 1.580301e-01 322
0.654926 4.129261e-01 4.590742e-01 1.653305e-01 336
0.655429 3.829620e-01 4.100322e-01 1.516368e-01 312
0.655931 3.959788e-01 4.210597e-01 1.559368e-01 323
0.656427 4.334524e-01 4.669913e-01 1.711945e-01 354
0.656900 3.876738e-01 4.152244e-01 1.500560e-01 317
0.657412 3.676571e-01 4.087810e-01 1.506055e-01 301
0.657899 3.879478e-01 4.289655e-01 1.572373e-01 318
0.658398 3.972224e-01 4.400978e-01 1.608394e-01 326
0.658908 3.906533e-01 4.306235e-01 1.545078e-01 321
0.659407 4.096255e-01 4.525207e-01 1.644373e-01 337
0.659888 3.763481e-01 4.073514e-01 1.519077e-01 310
0.660406 3.940785e-01 4.395596e-01 1.679408e-01 325
0.660903 3.197238e-01 3.437683e-01 1.306884e-01 264
0.661410 3.725578e-01 4.039881e-01 1.527752e-01 308
0.661903 3.829785e-01 4.125262e-01 1.554006e-01 317
0.662405 4.066470e-01 4.374740e-01 1.660092e-01 337
0.662899 3.784341e-01 4.011404e-01 1.541477e-01 314
0.663404 3.370481e-01 3.658374e-01 1.388910e-01 280
0.663902 3.919448e-01 4.218916e-01 1.623600e-01 326
0.664407 3.902694e-01 4.125899e-01 1.562584e-01 325
0.664902 3.586134e-01 3.705003e-01 1.407142e-01 299
0.665409 4.240656e-01 4.748143e-01 1.828419e-01 354
0.665897 3.864623e-01 4.160641e-01 1.592545e-01 323
0.666412 3.286339e-01 3.732407e-01 1.427332e-01 275
0.666905 3.473347e-01 3.705225e-01 1.397114e-01 291
0.667384 3.802959e-01 4.256350e-01 1.629438e-01 319
0.667893 3.869816e-01 4.293780e-01 1.669615e-01 325
0.668414 3.544048e-01 3.849219e-01 1.483075e-01 298
0.668909 3.599173e-01 3.880288e-01 1.476965e-01 303
0.669398 3.345694e-01 3.656874e-01 1.383326e-01 282
0.669910 3.389069e-01 3.652781e-01 1.394940e-01 286
0.670424 3.692722e-01 4.052824e-01 1.625333e-01 312
0.670917 3.416393e-01 3.682381e-01 1.489563e-01 289
0.671408 3.672051e-01 3.940389e-01 1.576624e-01 311
0.671926 3.349232e-01 3.559649e-01 1.421872e-01 284
0.672426 3.474784e-01 3.695924e-01 1.473529e-01 295
0.672941 3.541208e-01 3.879406e-01 1.567279e-01 301
0.673441 3.419459e-01 3.688493e-01 1.491509e-01 291
0.673942 3.520996e-01 3.676461e-01 1.518304e-01 300
0.674446 3.657455e-01 3.912075e-01 1.605251e-01 312
0.674940 3.091070e-01 3.477988e-01 1.405312e-01 264
0.675457 3.239406e-01 3.528280e-01 1.415423e-01 277
0.675967 2.756632e-01 2.974074e-01 1.257378e-01 236
0.676462 3.091676e-01 3.313395e-01 1.349118e-01 265
0.676975 3.565753e-01 3.895227e-01 1.569804e-01 306
0.677470 3.014474e-01 3.230143e-01 1.334443e-01 259
0.677980 3.580510e-01 3.831137e-01 1.580754e-01 308
0.678480 2.821519e-01 3.012392e-01 1.246061e-01 243
0.678979 2.992123e-01 3.201416e-01 1.317651e-01 258
0.679479 3.254987e-01 3.476729e-01 1.409338e-01 281
0.679996 2.892454e-01 3.089386e-01 1.272686e-01 250
0.680495 3.166364e-01 3.348062e-01 1.405282e-01 274
0.681005 3.278029e-01 3.512674e-01 1.439579e-01 284
0.681510 2.939809e-01 3.052190e-01 1.267814e-01 255
0.682004 2.924808e-01 3.184737e-01 1.321731e-01 254
0.682513 3.128367e-01 3.391518e-01 1.389796e-01 272
0.683034 3.319953e-01 3.546005e-01 1.478526e-01 289
0.683527 3.316024e-01 3.546951e-01 1.502017e-01 289
0.684026 3.369404e-01 3.666784e-01 1.537173e-01 294
0.684552 2.964776e-01 3.265174e-01 1.384791e-01 259
0.685045 3.029874e-01 3.335324e-01 1.401809e-01 265
0.685545 2.980616e-01 3.233973e-01 1.353126e-01 261
0.686067 3.444766e-01 3.638142e-01 1.507080e-01 302
0.686566 3.474883e-01 3.692133e-01 1.553314e-01 305
0.687074 2.731111e-01 2.878251e-01 1.195830e-01 240
0.687577 3.046148e-01 3.469025e-01 1.437556e-01 268
0.688099 2.770094e-01 2.958231e-01 1.207995e-01 244
0.688600 3.118358e-01 3.328155e-01 1.359981e-01 275
0.689106 3.058061e-01 3.223341e-01 1.339342e-01 270
0.689622 2.839523e-01 3.088850e-01 1.260795e-01 251
0.690134 2.994382e-01 3.173912e-01 1.372769e-01 265
0.690654 2.753855e-01 2.990342e-01 1.321880e-01 244
0.691145 2.874627e-01 3.158540e-01 1.356374e-01 255
0.691663 2.488423e-01 2.787310e-01 1.221652e-01 221
0.692171 2.867893e-01 3.110957e-01 1.381323e-01 255
0.692684 3.156604e-01 3.362172e-01 1.462193e-01 281
0.693186 3.231452e-01 3.429846e-01 1.491743e-01 288
0.693708 3.149222e-01 3.392046e-01 1.460809e-01 281
0.694196 2.787329e-01 3.027348e-01 1.304191e-01 249
0.694730 2.974150e-01 3.191389e-01 1.380181e-01 266
0.695212 2.948341e-01 3.254020e-01 1.424633e-01 264
0.695738 2.844506e-01 3.025791e-01 1.296837e-01 255
0.696265 2.852330e-01 3.051681e-01 1.286441e-01 256
0.696747 2.871264e-01 3.135716e-01 1.317540e-01 258
0.697266 2.656715e-01 2.785037e-01 1.217179e-01 239
0.697785 2.653622e-01 2.836923e-01 1.254494e-01 239
0.698318 2.306741e-01 2.522246e-01 1.062347e-01 208
0.698812 2.603143e-01 2.741426e-01 1.200282e-01 235
0.699310 2.721826e-01 2.890247e-01 1.277140e-01 246
0.699836 2.398171e-01 2.576314e-01 1.122020e-01 217
0.700349 2.583044e-01 2.737578e-01 1.273777e-01 234
0.700867 2.679280e-01 2.881308e-01 1.328138e-01 243
0.701358 2.334768e-01 2.555656e-01 1.163563e-01 212
0.701860 2.816076e-01 2.974151e-01 1.340405e-01 256
0.702409 2.472200e-01 2.671227e-01 1.225775e-01 225
0.702902 2.546162e-01 2.773230e-01 1.267300e-01 232
0.703420 2.587065e-01 2.754326e-01 1.270684e-01 236
0.703935 2.715468e-01 2.965383e-01 1.364973e-01 248
0.704450 2.395162e-01 2.566572e-01 1.205793e-01 219
0.704973 2.195761e-01 2.275124e-01 1.076315e-01 201
0.705467 2.498751e-01 2.706556e-01 1.239150e-01 229
0.705984 2.572161e-01 2.706774e-01 1.272214e-01 236
0.706497 2.492991e-01 2.652375e-01 1.212546e-01 229
0.707013 2.511866e-01 2.698187e-01 1.233437e-01 231
0.707541 2.617587e-01 2.905278e-01 1.333692e-01 241
0.708033 2.234865e-01 2.384254e-01 1.134568e-01 206
0.708566 2.405676e-01 2.622528e-01 1.199801e-01 222
0.709087 2.381263e-01 2.555752e-01 1.161424e-01 220
0.709590 2.237978e-01 2.424741e-01 1.112300e-01 207
0.710107 1.943833e-01 2.095381e-01 1.007883e-01 180
0.710648 2.470150e-01 2.665523e-01 1.280013e-01 229
0.711151 2.521188e-01 2.747454e-01 1.287199e-01 234
0.711661 2.636680e-01 2.823499e-01 1.348473e-01 245
0.712171 2.300421e-01 2.513477e-01 1.204597e-01 214
0.712682 2.383686e-01 2.576230e-01 1.208376e-01 222
0.713189 2.327333e-01 2.506261e-01 1.157706e-01 217
0.713723 2.431799e-01 2.602648e-01 1.213858e-01 227
0.714238 1.968897e-01 2.146158e-01 1.036092e-01 184
0.714757 1.934583e-01 2.104446e-01 9.967057e-02 181
0.715275 2.370094e-01 2.492495e-01 1.190846e-01 222
0.715777 2.303406e-01 2.498154e-01 1.175650e-01 216
0.716304 2.258173e-01 2.451116e-01 1.190119e-01 212
0.716825 2.319437e-01 2.496840e-01 1.215658e-01 218
0.717351 2.061735e-01 2.284080e-01 1.085935e-01 194
0.717857 2.229234e-01 2.477372e-01 1.147558e-01 210
0.718386 2.279714e-01 2.456952e-01 1.192143e-01 215
0.718888 2.330078e-01 2.492370e-01 1.182055e-01 220
0.719410 2.221638e-01 2.353363e-01 1.100398e-01 210
0.719922 2.028905e-01 2.287019e-01 1.082737e-01 192
0.720459 2.258816e-01 2.423190e-01 1.225749e-01 214
0.720970 2.340599e-01 2.567355e-01 1.243915e-01 222
0.721472 1.979882e-01 2.095795e-01 1.050283e-01 188
0.722005 2.314257e-01 2.579909e-01 1.275995e-01 220
0.722538 2.154025e-01 2.328393e-01 1.135659e-01 205
0.723067 2.172577e-01 2.393610e-01 1.170103e-01 207
0.723565 2.264472e-01 2.391335e-01 1.190831e-01 216
0.724089 1.801152e-01 2.040530e-01 9.998733e-02 172
0.724602 2.112916e-01 2.246138e-01 1.101128e-01 202
0.725123 1.577673e-01 1.725722e-01 8.459662e-02 151
0.725679 2.139457e-01 2.355847e-01 1.193662e-01 205
0.726163 2.095345e-01 2.222835e-01 1.120524e-01 201
0.726701 1.874312e-01 2.061909e-01 1.019920e-01 180
0.727219 1.716184e-01 1.803542e-01 8.981834e-02 165
0.727744 1.859702e-01 2.010396e-01 9.778231e-02 179
0.728265 1.971764e-01 2.172587e-01 1.094943e-01 190
0.728793 2.000644e-01 2.135087e-01 1.064655e-01 193
0.729282 1.915559e-01 2.105231e-01 1.023235e-01 185
0.729827 2.161632e-01 2.276765e-01 1.121153e-01 209
0.730337 1.942251e-01 2.078442e-01 1.026139e-01 188
0.730895 2.053586e-01 2.333841e-01 1.195812e-01 199
0.731377 2.020358e-01 2.170107e-01 1.070556e-01 196
0.731893 1.884240e-01 2.048703e-01 1.017908e-01 183
0.732442 1.779280e-01 1.899325e-01 9.575836e-02 173
0.732970 2.106034e-01 2.303446e-01 1.151658e-01 205
0.733464 1.960011e-01 2.082174e-01 1.049073e-01 191
0.733999 1.998820e-01 2.269463e-01 1.125079e-01 195
0.734540 1.996585e-01 2.243517e-01 1.102032e-01 195
0.735073 1.840942e-01 1.926131e-01 9.599180e-02 180
0.735593 1.563053e-01 1.619100e-01 8.192894e-02 153
0.736103 1.612332e-01 1.734508e-01 8.540385e-02 158
0.736621 1.865364e-01 1.977179e-01 1.008264e-01 183
0.737161 2.117832e-01 2.334677e-01 1.180251e-01 208
0.737677 2.227348e-01 2.380280e-01 1.204730e-01 219
0.738190 1.970887e-01 2.076684e-01 1.045159e-01 194
0.738737 2.080320e-01 2.184410e-01 1.101813e-01 205
0.739258 1.855000e-01 1.949000e-01 9.925353e-02 183
0.739821 1.873188e-01 1.958713e-01 9.895120e-02 185
0.740301 1.881221e-01 1.949335e-01 1.004357e-01 186
0.740848 1.889235e-01 1.980705e-01 1.040758e-01 187
0.741358 2.038512e-01 2.169647e-01 1.120143e-01 202
0.741860 1.945527e-01 2.033753e-01 1.048267e-01 193
0.742416 1.802400e-01 1.931616e-01 1.005518e-01 179
0.742919 1.820519e-01 1.943887e-01 9.858116e-02 181
0.743458 1.738127e-01 1.910045e-01 9.772039e-02 173
0.743989 1.876705e-01 2.009397e-01 1.036886e-01 187
0.744497 1.654084e-01 1.705685e-01 8.768152e-02 165
0.745065 1.812474e-01 1.873836e-01 9.845810e-02 181
0.745587 1.790465e-01 1.926985e-01 1.009488e-01 179
0.746084 1.768505e-01 1.927237e-01 9.705946e-02 177
0.746600 1.856377e-01 2.003196e-01 1.014545e-01 186
0.747157 1.973963e-01 2.130000e-01 1.119388e-01 198
0.747688 1.961828e-01 2.128138e-01 1.108836e-01 197
0.748211 1.442394e-01 1.555226e-01 7.986614e-02 145
0.748739 1.907825e-01 2.023713e-01 1.037626e-01 192
0.749280 1.667509e-01 1.741346e-01 8.811483e-02 168
0.749816 1.526868e-01 1.624865e-01 8.452977e-02 154
0.750332 1.644035e-01 1.843254e-01 9.787734e-02 166
0.750854 1.830194e-01 1.945529e-01 1.054278e-01 185
0.751389 1.689835e-01 1.788018e-01 9.481808e-02 171
0.751912 1.559654e-01 1.619101e-01 8.612353e-02 158
0.752452 1.705849e-01 1.840769e-01 9.891824e-02 173
0.752976 1.802474e-01 1.943430e-01 1.022140e-01 183
0.753505 1.554529e-01 1.668507e-01 8.819996e-02 158
0.754044 1.621622e-01 1.690901e-01 8.854767e-02 165
0.754563 1.629664e-01 1.710695e-01 9.192263e-02 166
0.755104 1.618074e-01 1.712063e-01 9.195692e-02 165
0.755639 1.684875e-01 1.866233e-01 9.868092e-02 172
0.756163 1.643893e-01 1.753260e-01 9.352429e-02 168
0.756690 1.524805e-01 1.605071e-01 8.675493e-02 156
0.757222 1.425503e-01 1.527158e-01 8.029962e-02 146
0.757768 1.687280e-01 1.818627e-01 9.593180e-02 173
0.758288 1.890031e-01 1.989035e-01 1.061405e-01 194
0.758797 1.420844e-01 1.619985e-01 8.719967e-02 146
0.759345 1.526229e-01 1.604314e-01 8.680467e-02 157
0.759871 1.679937e-01 1.822764e-01 9.867840e-02 173
0.760409 1.639309e-01 1.762621e-01 9.766708e-02 169
0.760969 1.492183e-01 1.622981e-01 9.160750e-02 154
0.761477 1.597030e-01 1.742988e-01 9.761464e-02 165
0.762027 1.343915e-01 1.408319e-01 8.069404e-02 139
0.762546 1.545273e-01 1.696621e-01 9.518597e-02 160
0.763074 1.408531e-01 1.480495e-01 8.240066e-02 146
0.763623 1.166078e-01 1.304707e-01 7.455989e-02 121
0.764138 1.453611e-01 1.539988e-01 8.561492e-02 151
0.764688 1.394339e-01 1.552061e-01 8.983721e-02 145
0.765237 1.604155e-01 1.791111e-01 1.020794e-01 167
0.765755 1.525656e-01 1.623988e-01 9.068321e-02 159
0.766281 1.389816e-01 1.466282e-01 8.388103e-02 145
0.766814 1.388314e-01 1.682783e-01 9.443555e-02 145
0.767333 1.224221e-01 1.371569e-01 7.746267e-02 128
0.767916 1.509516e-01 1.577177e-01 8.997567e-02 158
0.768440 1.383820e-01 1.495747e-01 8.408299e-02 145
0.768960 1.382327e-01 1.496095e-01 8.333388e-02 145
0.769509 1.390360e-01 1.478580e-01 8.225879e-02 146
0.770049 1.436425e-01 1.524448e-01 8.969997e-02 151
0.770577 1.254330e-01 1.338254e-01 7.757169e-02 132
0.771112 1.404856e-01 1.520481e-01 8.919496e-02 148
0.771647 1.384381e-01 1.467257e-01 8.624062e-02 146
0.772195 1.439723e-01 1.509947e-01 8.997264e-02 152
0.772717 1.457099e-01 1.541792e-01 9.202191e-02 154
0.773265 1.247600e-01 1.310668e-01 7.764042e-02 132
0.773810 1.274585e-01 1.367298e-01 8.082944e-02 135
0.774331 1.150611e-01 1.245213e-01 7.287816e-02 122
0.774897 1.187062e-01 1.235428e-01 7.198201e-02 126
0.775412 1.214022e-01 1.277116e-01 7.476978e-02 129
0.775941 1.259727e-01 1.346177e-01 7.837798e-02 134
0.776487 1.183251e-01 1.301842e-01 7.481339e-02 126
0.777023 1.191365e-01 1.243463e-01 7.333023e-02 127
0.777549 1.340024e-01 1.455806e-01 8.551265e-02 143
0.778105 1.067128e-01 1.130241e-01 6.567635e-02 114
0.778610 1.309108e-01 1.410847e-01 8.326341e-02 140
0.779163 1.176939e-01 1.289146e-01 7.512621e-02 126
0.779714 1.306315e-01 1.408102e-01 8.191849e-02 140
0.780242 1.221033e-01 1.309394e-01 7.812113e-02 131
0.780801 1.322152e-01 1.394351e-01 8.290549e-02 142
0.781335 1.255636e-01 1.321693e-01 7.902741e-02 135
0.781853 1.003439e-01 1.106648e-01 6.571192e-02 108
0.782420 1.290088e-01 1.429070e-01 8.627144e-02 139
0.782970 1.094017e-01 1.132256e-01 6.684933e-02 118
0.783507 1.092854e-01 1.152163e-01 6.910347e-02 118
0.784036 1.369242e-01 1.444652e-01 8.626613e-02 148
0.784586 1.109017e-01 1.136268e-01 6.770868e-02 120
0.785150 1.264783e-01 1.330258e-01 8.144975e-02 137
0.785657 1.281885e-01 1.370804e-01 8.215274e-02 139
0.786212 1.114702e-01 1.147368e-01 7.018280e-02 121
0.786742 1.159534e-01 1.244739e-01 7.375968e-02 126
0.787294 1.314585e-01 1.375236e-01 8.221175e-02 143
0.787808 1.120346e-01 1.186356e-01 7.040245e-02 122
0.788383 1.330150e-01 1.400390e-01 8.273474e-02 145
0.788932 1.072158e-01 1.166701e-01 6.992300e-02 117
0.789465 1.080179e-01 1.126643e-01 6.589492e-02 118
0.789982 1.234492e-01 1.364233e-01 8.176116e-02 135
0.790524 1.141841e-01 1.203132e-01 7.246559e-02 125
0.791083 1.186261e-01 1.242121e-01 7.548385e-02 130
0.791633 1.248818e-01 1.288315e-01 7.843416e-02 137
0.792199 1.120019e-01 1.181204e-01 7.107383e-02 123
0.792703 1.137032e-01 1.218133e-01 7.364384e-02 125
0.793256 1.181267e-01 1.255738e-01 7.703779e-02 130
0.793809 1.116484e-01 1.190660e-01 7.263244e-02 123
0.794357 1.142512e-01 1.170621e-01 7.250132e-02 126
0.794891 1.186601e-01 1.233762e-01 7.487402e-02 131
0.795443 1.293935e-01 1.382818e-01 8.280894e-02 143
0.796012 1.274498e-01 1.321292e-01 8.015280e-02 141
0.796524 9.932453e-02 1.052847e-01 6.409187e-02 110
0.797064 1.055343e-01 1.095045e-01 6.625724e-02 117
0.797640 1.162363e-01 1.266114e-01 7.722669e-02 129
0.798173 1.134141e-01 1.259106e-01 7.603137e-02 126
0.798715 1.016061e-01 1.099963e-01 6.559665e-02 113
0.799260 1.006015e-01 1.046800e-01 6.306632e-02 112
0.799810 1.112636e-01 1.181148e-01 7.279644e-02 124
0.800375 8.784215e-02 9.277761e-02 5.884410e-02 98
0.800913 1.038677e-01 1.091259e-01 6.867144e-02 116
0.801459 1.055481e-01 1.140195e-01 7.244312e-02 118
0.801984 1.000766e-01 1.038934e-01 6.541953e-02 112
0.802564 1.062204e-01 1.098219e-01 6.941572e-02 119
0.803095 9.630113e-02 1.035085e-01 6.486991e-02 108
0.803647 9.620070e-02 1.007156e-01 6.433210e-02 108
0.804196 8.987170e-02 9.866390e-02 6.229107e-02 101
0.804773 1.040003e-01 1.076105e-01 6.741863e-02 117
0.805289 9.945223e-02 1.040801e-01 6.492040e-02 112
0.805886 1.055580e-01 1.107508e-01 6.998170e-02 119
0.806388 1.089927e-01 1.131349e-01 7.205067e-02 123
0.806932 9.560142e-02 1.026270e-01 6.401403e-02 108
0.807486 1.131877e-01 1.193367e-01 7.623302e-02 128
0.808038 9.716963e-02 1.020365e-01 6.429157e-02 110
0.808591 1.138352e-01 1.189595e-01 7.490933e-02 129
0.809142 1.084279e-01 1.122384e-01 7.135410e-02 123
0.809683 9.862875e-02 1.092133e-01 6.937508e-02 112
0.810216 1.011656e-01 1.080901e-01 7.029654e-02 115
0.810749 9.578810e-02 9.941310e-02 6.424596e-02 109
0.811339 8.866589e-02 9.292534e-02 5.979677e-02 101
0.811908 1.017287e-01 1.062381e-01 6.958378e-02 116
0.812421 9.198680e-02 9.752164e-02 6.348268e-02 105
0.812992 9.539235e-02 1.032009e-01 6.640904e-02 109
0.813547 1.101561e-01 1.144671e-01 7.520090e-02 126
0.814112 1.013089e-01 1.062836e-01 7.086496e-02 116
0.814670 7.939303e-02 8.428182e-02 5.458305e-02 91
0.815185 8.802664e-02 9.639512e-02 6.299019e-02 101
0.815749 9.141849e-02 9.382458e-02 6.100831e-02 105
0.816277 8.262673e-02 8.534811e-02 5.492087e-02 95
0.816821 9.644338e-02 1.000651e-01 6.465505e-02 111
0.817403 9.547613e-02 9.963384e-02 6.411363e-02 110
0.817978 9.190961e-02 9.727240e-02 6.354790e-02 106
0.818496 8.488565e-02 9.424008e-02 6.130767e-02 98
0.819080 7.960666e-02 8.458952e-02 5.443273e-02 92
0.819611 9.421970e-02 1.012601e-01 6.573776e-02 109
0.820175 8.376079e-02 8.592657e-02 5.808379e-02 97
0.820702 8.194958e-02 8.763175e-02 5.983415e-02 95
0.821263 7.324810e-02 7.514118e-02 5.260906e-02 85
0.821792 7.145129e-02 7.419653e-02 5.119229e-02 83
0.822370 7.997784e-02 8.733245e-02 6.040506e-02 93
0.822952 7.817774e-02 8.218375e-02 5.703438e-02 91
0.823516 7.552306e-02 8.238773e-02 5.680844e-02 88
0.824074 7.716047e-02 7.839314e-02 5.352611e-02 90
0.824618 7.108633e-02 7.821418e-02 5.364627e-02 83
0.825192 9.069217e-02 9.574732e-02 6.562417e-02 106
0.825727 7.435998e-02 8.255085e-02 5.636495e-02 87
0.826268 7.086870e-02 7.320291e-02 4.998227e-02 83
0.826824 8.529684e-02 9.306827e-02 6.380083e-02 100
0.827398 8.009725e-02 8.884149e-02 6.066015e-02 94
0.827941 8.001560e-02 8.801091e-02 6.058959e-02 94
0.828493 7.483189e-02 8.191938e-02 5.645234e-02 88
0.829015 7.050820e-02 7.474851e-02 5.135555e-02 83
0.829614 6.619327e-02 6.960591e-02 4.777561e-02 78
0.830186 7.799468e-02 8.108399e-02 5.605591e-02 92
0.830734 7.876228e-02 8.487040e-02 5.878500e-02 93
0.831321 6.006923e-02 6.448301e-02 4.489225e-02 71
0.831853 7.944748e-02 8.496005e-02 5.912713e-02 94
0.832418 7.514518e-02 7.810593e-02 5.437634e-02 89
0.832968 7.506892e-02 7.769342e-02 5.407571e-02 89
0.833556 8.510417e-02 9.211893e-02 6.380565e-02 101
0.834066 7.070795e-02 7.334534e-02 5.129364e-02 84
0.834646 7.652266e-02 7.816946e-02 5.438082e-02 91
0.835162 6.132414e-02 6.340836e-02 4.391944e-02 73
0.835768 7.468937e-02 7.685719e-02 5.348141e-02 89
0.836280 6.120009e-02 6.439203e-02 4.460077e-02 73
0.836870 7.621337e-02 7.869055e-02 5.450457e-02 91
0.837469 7.195303e-02 7.673897e-02 5.343012e-02 86
0.838031 8.441761e-02 8.988452e-02 6.225801e-02 101
0.838553 8.600232e-02 9.144529e-02 6.333906e-02 103
0.839150 7.507182e-02 8.059802e-02 5.606287e-02 90
0.839704 6.416333e-02 6.572134e-02 4.576532e-02 77
0.840244 5.743905e-02 6.108417e-02 4.313437e-02 69
0.840843 6.403406e-02 6.934991e-02 4.924830e-02 77
0.841371 7.643117e-02 8.122150e-02 5.788860e-02 92
0.841921 6.888479e-02 7.388118e-02 5.244368e-02 83
0.842534 7.544831e-02 8.220204e-02 5.864417e-02 91
0.843060 6.460494e-02 6.574572e-02 4.670769e-02 78
0.843607 6.702232e-02 7.246573e-02 5.121284e-02 81
0.844189 8.514029e-02 9.120513e-02 6.445631e-02 103
0.844749 7.101663e-02 7.498280e-02 5.299170e-02 86
0.845342 6.599568e-02 6.729748e-02 4.808788e-02 80
0.845874 7.746714e-02 8.609148e-02 6.108521e-02 94
0.846441 6.750996e-02 7.051352e-02 5.011795e-02 82
0.846989 6.661984e-02 6.873921e-02 4.857924e-02 81
0.847566 6.573148e-02 6.916195e-02 4.935380e-02 80
0.848118 7.059060e-02 7.384556e-02 5.218799e-02 86
0.848686 7.625996e-02 8.005028e-02 5.706141e-02 93
0.849252 6.963026e-02 7.240138e-02 5.138478e-02 85
0.849793 5.810361e-02 5.900146e-02 4.234079e-02 71
0.850411 5.232276e-02 5.598150e-02 4.124064e-02 64
0.850906 5.798759e-02 5.958963e-02 4.409591e-02 71
0.851523 6.364110e-02 6.755707e-02 4.976817e-02 78
0.852092 6.683800e-02 7.324272e-02 5.395670e-02 82
0.852677 5.944279e-02 6.174770e-02 4.548851e-02 73
0.853157 6.101050e-02 6.477279e-02 4.771704e-02 75
0.853798 5.526108e-02 6.055033e-02 4.460642e-02 68
0.854346 5.601792e-02 5.849763e-02 4.309423e-02 69
0.854913 5.352904e-02 5.948298e-02 4.382012e-02 66
0.855442 6.076795e-02 6.678271e-02 4.965494e-02 75
0.856033 4.937547e-02 5.460776e-02 4.100606e-02 61
0.856625 6.145585e-02 6.388118e-02 4.706020e-02 76
0.857181 6.139481e-02 6.251158e-02 4.605124e-02 76
0.857734 6.698304e-02 7.290328e-02 5.389462e-02 83
0.858305 6.611036e-02 6.896204e-02 5.118711e-02 82
0.858903 6.040683e-02 6.599414e-02 4.880445e-02 75
0.859457 5.954233e-02 6.321135e-02 4.681129e-02 74
0.860068 5.305271e-02 5.810577e-02 4.319273e-02 66
0.860618 6.665174e-02 6.795805e-02 5.114006e-02 83
0.861171 6.257459e-02 6.556853e-02 4.896149e-02 78
0.861723 5.610113e-02 5.888826e-02 4.397319e-02 70
0.862278 5.844762e-02 6.093999e-02 4.550526e-02 73
0.862851 5.998958e-02 6.132032e-02 4.597378e-02 75
0.863448 6.232754e-02 6.794870e-02 5.093462e-02 78
0.864021 5.268662e-02 5.492317e-02 4.120281e-02 66
0.864551 5.502711e-02 5.884913e-02 4.394397e-02 69
0.865137 6.772017e-02 7.133493e-02 5.345417e-02 85
0.865733 6.367380e-02 6.543121e-02 4.907378e-02 80
0.866299 5.486454e-02 5.937555e-02 4.457268e-02 69
0.866872 4.527824e-02 4.675790e-02 3.491518e-02 57
0.867434 4.920154e-02 5.268223e-02 3.952801e-02 62
0.867976 5.390989e-02 5.685609e-02 4.245572e-02 68
0.868563 4.672876e-02 4.977499e-02 3.736315e-02 59
0.869118 5.143024e-02 5.342450e-02 3.989327e-02 65
0.869700 5.691291e-02 5.672940e-02 4.255296e-02 72
0.870319 4.974990e-02 5.214933e-02 4.044233e-02 63
0.870840 4.496764e-02 4.882008e-02 3.764608e-02 57
0.871382 4.571166e-02 4.744953e-02 3.658922e-02 58
0.871994 6.298874e-02 6.836712e-02 5.271917e-02 80
0.872607 5.270137e-02 5.655944e-02 4.361404e-02 67
0.873137 4.872067e-02 5.025870e-02 3.892228e-02 62
0.873751 4.553278e-02 4.836788e-02 3.729738e-02 58
0.874308 5.960525e-02 6.403544e-02 4.937892e-02 76
0.874854 4.857778e-02 5.418879e-02 4.195699e-02 62
0.875464 5.087853e-02 5.426342e-02 4.184354e-02 65
0.875996 3.440720e-02 3.613457e-02 2.786404e-02 44
0.876542 4.843552e-02 5.103922e-02 3.935730e-02 62
0.877208 4.214459e-02 4.354371e-02 3.357737e-02 54
0.877720 4.444255e-02 4.780863e-02 3.686613e-02 57
0.878306 6.620935e-02 6.838552e-02 5.307876e-02 85
0.878901 3.890872e-02 3.968466e-02 3.078041e-02 50
0.879494 5.130947e-02 5.369293e-02 4.140362e-02 66
0.880025 4.193959e-02 4.576884e-02 3.558022e-02 54
0.880597 6.052045e-02 6.177230e-02 4.872536e-02 78
0.881225 5.581068e-02 5.938406e-02 4.686310e-02 72
0.881819 5.343323e-02 5.826548e-02 4.563714e-02 69
0.882355 3.945574e-02 4.292950e-02 3.381206e-02 51
0.882942 3.864452e-02 4.230970e-02 3.329914e-02 50
0.883510 4.401198e-02 4.472213e-02 3.502915e-02 57
0.884090 5.399734e-02 5.820470e-02 4.574567e-02 70
0.884653 4.932111e-02 5.191193e-02 4.097604e-02 64
0.885206 4.927329e-02 5.077828e-02 3.977270e-02 64
0.885828 4.153405e-02 4.334035e-02 3.394685e-02 54
0.886380 4.764105e-02 5.172912e-02 4.051746e-02 62
0.886972 4.605961e-02 4.927564e-02 3.859574e-02 60
0.887566 4.218045e-02 4.747609e-02 3.718622e-02 55
0.888148 3.524408e-02 3.888541e-02 3.045747e-02 46
0.888682 4.286435e-02 4.312344e-02 3.394877e-02 56
0.889325 4.588172e-02 4.858578e-02 3.824831e-02 60
0.889852 3.514201e-02 3.710135e-02 2.943521e-02 46
0.890416 3.739774e-02 4.151064e-02 3.391539e-02 49
0.891029 3.964911e-02 4.239573e-02 3.447655e-02 52
0.891648 4.037262e-02 4.406014e-02 3.583007e-02 53
0.892163 4.337775e-02 4.710951e-02 3.830984e-02 57
0.892761 4.029484e-02 4.225488e-02 3.436201e-02 53
0.893365 4.405378e-02 4.843914e-02 3.939110e-02 58
0.893888 4.097610e-02 4.348482e-02 3.536221e-02 54
0.894488 4.017860e-02 4.162453e-02 3.384940e-02 53
0.895110 2.650752e-02 2.841062e-02 2.310375e-02 35
0.895674 4.085801e-02 4.248535e-02 3.473231e-02 54
0.896198 3.779514e-02 3.953380e-02 3.214921e-02 50
0.896805 3.549332e-02 3.567090e-02 2.900787e-02 47
0.897426 3.847706e-02 4.077097e-02 3.315528e-02 51
0.897989 3.844015e-02 3.942082e-02 3.223170e-02 51
0.898549 4.066231e-02 4.083256e-02 3.320537e-02 54
0.899154 3.610964e-02 3.677964e-02 2.990950e-02 48
0.899712 3.231723e-02 3.331917e-02 2.717804e-02 43
0.900315 3.979472e-02 4.095936e-02 3.416066e-02 53
0.900923 3.825639e-02 3.874807e-02 3.231641e-02 51
0.901474 2.098342e-02 2.085867e-02 1.739642e-02 28
0.902095 3.818325e-02 4.034281e-02 3.376568e-02 51
0.902659 3.141498e-02 3.382294e-02 2.820878e-02 42
0.903262 3.138497e-02 3.330699e-02 2.777847e-02 42
0.903844 3.359465e-02 3.379584e-02 2.818619e-02 45
0.904458 2.834175e-02 2.837349e-02 2.366387e-02 38
0.905014 3.725620e-02 3.881024e-02 3.236826e-02 50
0.905609 3.647627e-02 4.088289e-02 3.409688e-02 49
0.906186 2.900447e-02 2.923204e-02 2.437992e-02 39
0.906776 4.160777e-02 4.395270e-02 3.665714e-02 56
0.907380 3.859901e-02 4.093833e-02 3.414312e-02 52
0.907957 3.411278e-02 3.674525e-02 3.064603e-02 46
0.908499 3.037595e-02 3.272056e-02 2.740361e-02 41
0.909117 2.516587e-02 2.546702e-02 2.123984e-02 34
0.909692 3.327612e-02 3.446690e-02 2.874586e-02 45
0.910292 3.176698e-02 3.627345e-02 3.135309e-02 43
0.910884 2.804650e-02 2.975336e-02 2.571743e-02 38
0.911456 2.433306e-02 2.610832e-02 2.256683e-02 33
0.912058 2.430998e-02 2.557317e-02 2.210426e-02 33
0.912616 3.459048e-02 3.559618e-02 3.076769e-02 47
0.913207 2.646974e-02 2.859351e-02 2.471490e-02 36
0.913826 2.864839e-02 2.898161e-02 2.514878e-02 39
0.914381 2.275024e-02 2.358397e-02 2.038489e-02 31
0.915003 2.346190e-02 2.477627e-02 2.141546e-02 32
0.915561 2.270722e-02 2.307752e-02 1.994714e-02 31
0.916193 2.195396e-02 2.229567e-02 1.927134e-02 30
0.916738 1.973989e-02 2.106459e-02 1.820726e-02 27
0.917304 2.337334e-02 2.423916e-02 2.095121e-02 32
0.917944 3.064855e-02 3.142957e-02 2.716627e-02 42
0.918563 3.207771e-02 3.374074e-02 2.916393e-02 44
0.919096 2.767735e-02 2.870027e-02 2.480718e-02 38
0.919643 2.474060e-02 2.623112e-02 2.267296e-02 34
0.920243 2.326333e-02 2.503622e-02 2.187794e-02 32
0.920828 2.469402e-02 2.641541e-02 2.327237e-02 34
0.921439 2.612200e-02 2.769961e-02 2.429523e-02 36
0.922048 2.682235e-02 2.846914e-02 2.487780e-02 37
0.922595 2.027891e-02 2.142879e-02 1.881405e-02 28
0.923200 3.038977e-02 3.146360e-02 2.758199e-02 42
0.923820 2.674679e-02 2.749297e-02 2.402477e-02 37
0.924425 2.094401e-02 2.267545e-02 1.981497e-02 29
0.925025 3.463341e-02 3.626783e-02 3.169270e-02 48
0.925663 2.378813e-02 2.445769e-02 2.137239e-02 33
0.926256 2.160530e-02 2.142502e-02 1.872228e-02 30
0.926842 2.374355e-02 2.672087e-02 2.335007e-02 33
0.927390 2.444013e-02 2.622881e-02 2.301292e-02 34
0.927963 2.226278e-02 2.358042e-02 2.060579e-02 31
0.928533 2.152447e-02 2.216098e-02 1.945353e-02 30
0.929199 2.150433e-02 2.147638e-02 1.876717e-02 30
0.929770 2.363264e-02 2.366251e-02 2.075113e-02 33
0.930360 2.217961e-02 2.295422e-02 2.046191e-02 31
0.930973 2.716251e-02 2.812547e-02 2.514419e-02 38
0.931533 2.499474e-02 2.632236e-02 2.346434e-02 35
0.932167 1.855019e-02 1.939523e-02 1.728934e-02 26
0.932782 1.496887e-02 1.571754e-02 1.401097e-02 21
0.933304 2.777341e-02 2.933484e-02 2.614974e-02 39
0.933985 2.561310e-02 2.626934e-02 2.341708e-02 36
0.934588 1.777030e-02 1.896829e-02 1.690876e-02 25
0.935173 1.278270e-02 1.291972e-02 1.151693e-02 18
0.935754 1.702774e-02 1.792221e-02 1.605401e-02 24
0.936338 1.913839e-02 1.909014e-02 1.701738e-02 27
0.936936 2.620229e-02 2.628166e-02 2.342806e-02 37
0.937558 2.405540e-02 2.494981e-02 2.224083e-02 34
0.938140 1.837822e-02 1.936024e-02 1.725816e-02 26
0.938729 1.694876e-02 1.750654e-02 1.560573e-02 24
0.939331 1.269977e-02 1.420828e-02 1.266558e-02 18
0.939904 2.396620e-02 2.445051e-02 2.198140e-02 34
0.940482 2.183127e-02 2.218152e-02 2.017406e-02 31
0.941091 1.336805e-02 1.423113e-02 1.294319e-02 19
0.941716 2.319669e-02 2.462283e-02 2.239443e-02 33
0.942320 1.685470e-02 1.926168e-02 1.751847e-02 24
0.942933 1.613747e-02 1.629884e-02 1.488295e-02 23
0.943497 1.472058e-02 1.433099e-02 1.309469e-02 21
0.944118 9.804644e-03 9.845277e-03 8.954265e-03 14
0.944739 1.609274e-02 1.609790e-02 1.471189e-02 23
0.945284 1.398076e-02 1.471792e-02 1.338593e-02 20
0.945916 2.514213e-02 2.616811e-02 2.379986e-02 36
0.946473 1.604820e-02 1.682342e-02 1.536235e-02 23
0.947075 1.533629e-02 1.531366e-02 1.392775e-02 22
0.947716 1.253630e-02 1.221757e-02 1.111186e-02 18
0.948342 1.530803e-02 1.680650e-02 1.528549e-02 22
0.948995 1.946499e-02 1.951369e-02 1.774768e-02 28
0.949532 1.944707e-02 2.040118e-02 1.855484e-02 28
0.950157 1.249018e-02 1.298721e-02 1.177227e-02 18
0.950697 1.317195e-02 1.426546e-02 1.291827e-02 19
0.951323 1.731557e-02 1.839289e-02 1.665591e-02 25
0.951957 1.660767e-02 1.936788e-02 1.753882e-02 24
0.952578 2.488861e-02 2.605017e-02 2.359005e-02 36
0.953124 1.588646e-02 1.747230e-02 1.582226e-02 23
0.953758 2.484293e-02 2.667788e-02 2.415849e-02 36
0.954361 1.654676e-02 1.660526e-02 1.503710e-02 24
0.954927 1.584277e-02 1.624109e-02 1.470732e-02 23
0.955597 1.720462e-02 1.778733e-02 1.610754e-02 25
0.956154 1.512619e-02 1.525929e-02 1.387701e-02 22
0.956702 1.854696e-02 2.425478e-02 2.196422e-02 27
0.957349 1.509850e-02 1.506987e-02 1.364671e-02 22
0.958040 1.782736e-02 1.810968e-02 1.639944e-02 26
0.958573 1.918114e-02 2.024505e-02 1.833316e-02 28
0.959221 1.916360e-02 2.044879e-02 1.851766e-02 28
0.959869 1.299199e-02 1.357877e-02 1.237628e-02 19
0.960424 9.564302e-03 9.323803e-03 8.718146e-03 14
0.960983 1.365082e-02 1.419426e-02 1.324888e-02 20
0.961681 1.500220e-02 1.496841e-02 1.401106e-02 22
0.962186 8.175552e-03 8.186172e-03 7.658713e-03 12
0.962854 1.089080e-02 1.120262e-02 1.042050e-02 16
0.963406 1.564126e-02 1.673128e-02 1.556317e-02 23
0.964033 1.426814e-02 1.467261e-02 1.364822e-02 21
0.964653 8.145800e-03 8.030548e-03 7.469885e-03 12
0.965276 1.424218e-02 1.445782e-02 1.349633e-02 21
0.965815 1.016373e-02 1.036099e-02 9.637625e-03 15
0.966433 1.963202e-02 2.020707e-02 1.879629e-02 29
0.967138 1.217432e-02 1.279667e-02 1.190325e-02 18
0.967705 1.351473e-02 1.441428e-02 1.340793e-02 20
0.968322 1.687807e-02 1.767888e-02 1.644460e-02 25
0.968978 1.281570e-02 1.319935e-02 1.227782e-02 19
0.969538 1.010848e-02 1.018171e-02 9.470858e-03 15
0.970126 1.144589e-02 1.134591e-02 1.066412e-02 17
0.970694 8.744804e-03 9.157132e-03 8.642847e-03 13
0.971310 1.008102e-02 1.014358e-02 9.573893e-03 15
0.971960 8.728971e-03 8.829600e-03 8.333711e-03 13
0.972552 1.274618e-02 1.372954e-02 1.295846e-02 19
0.973116 7.372692e-03 8.345493e-03 7.876792e-03 11
0.973763 7.366026e-03 7.996961e-03 7.547835e-03 11
0.974403 1.672584e-02 1.669158e-02 1.582625e-02 25
0.974951 1.069486e-02 1.089455e-02 1.028269e-02 16
0.975595 1.335651e-02 1.434141e-02 1.353596e-02 20
0.976299 6.672227e-03 7.233317e-03 6.827079e-03 10
0.976835 1.133255e-02 1.254521e-02 1.184065e-02 17
0.977407 1.132233e-02 1.116134e-02 1.053449e-02 17
0.978137 5.323354e-03 5.258713e-03 4.963373e-03 8
0.978820 5.318558e-03 5.174986e-03 4.884348e-03 8
0.979286 1.328442e-02 1.428483e-02 1.348256e-02 20
0.979976 1.327246e-02 1.317788e-02 1.242390e-02 20
0.980545 1.326052e-02 1.404656e-02 1.322976e-02 20
0.981164 1.059887e-02 1.070657e-02 1.008399e-02 16
0.981803 8.603845e-03 1.014415e-02 9.590811e-03 13
0.982346 1.124107e-02 1.211087e-02 1.140664e-02 17
0.982984 1.387356e-02 1.407460e-02 1.325618e-02 21
0.983618 8.580683e-03 8.617275e-03 8.116187e-03 13
0.984189 7.254063e-03 7.827658e-03 7.372485e-03 11
0.984887 1.449511e-02 1.532926e-02 1.443787e-02 22
0.985406 6.582781e-03 6.470941e-03 6.094660e-03 10
0.986030 1.381145e-02 1.409046e-02 1.327111e-02 21
0.986648 1.051358e-02 1.028910e-02 9.690800e-03 16
0.987317 1.378673e-02 1.386603e-02 1.309737e-02 21
0.987960 7.871078e-03 7.745121e-03 7.294747e-03 12
0.988488 9.174710e-03 9.989044e-03 9.408188e-03 14
0.989186 9.166507e-03 9.500469e-03 8.948024e-03 14
0.989670 5.887488e-03 5.787184e-03 5.450664e-03 9
0.990382 1.045730e-02 1.051954e-02 9.994079e-03 16
0.990927 3.264987e-03 3.502306e-03 3.327362e-03 5
0.991608 5.871731e-03 5.924628e-03 5.660544e-03 9
0.992216 9.777487e-03 9.856202e-03 9.363874e-03 15
0.992874 1.107127e-02 1.198581e-02 1.138710e-02 17
0.993537 1.041073e-02 1.030086e-02 9.786324e-03 16
0.994156 7.801092e-03 7.710348e-03 7.325208e-03 12
0.994806 7.144633e-03 7.187247e-03 6.828236e-03 11
0.995339 9.085075e-03 9.014372e-03 8.564095e-03 14
0.995958 1.296713e-02 1.351101e-02 1.283612e-02 20
0.996650 1.166004e-02 1.166097e-02 1.107850e-02 18
0.997262 7.766449e-03 8.652458e-03 8.220259e-03 12
0.997827 8.406177e-03 9.214696e-03 8.754412e-03 13
0.998492 1.033687e-02 1.043713e-02 9.915782e-03 16
0.999025 1.161866e-02 1.205697e-02 1.145471e-02 18
0.999725 8.383808e-03 9.333203e-03 8.866999e-03 13
