#Interval: 1.000000 Mpc/h, Area= 1.000000 deg^2
# z <nobs> <wc nobs> <wc wfkp nobs> N_objects
0.600247 1.783448e+00 1.903782e+00 5.426530e-01 1222
0.600726 1.703822e+00 1.797441e+00 5.210991e-01 1169
0.601206 1.743762e+00 1.830044e+00 5.279304e-01 1198
0.601702 1.593170e+00 1.705163e+00 4.937306e-01 1096
0.602184 1.621534e+00 1.734814e+00 5.034115e-01 1117
0.602673 1.702013e+00 1.797768e+00 5.189024e-01 1174
0.603151 1.662107e+00 1.759181e+00 5.119446e-01 1148
0.603644 1.607846e+00 1.683184e+00 4.885855e-01 1112
0.604134 1.709679e+00 1.823922e+00 5.292675e-01 1184
0.604614 1.746346e+00 1.850107e+00 5.415888e-01 1211
0.605106 1.709467e+00 1.826088e+00 5.350007e-01 1187
0.605600 1.701449e+00 1.780334e+00 5.186176e-01 1183
0.606074 1.769577e+00 1.872823e+00 5.510412e-01 1232
0.606563 1.585061e+00 1.678020e+00 4.950057e-01 1105
0.607056 1.574370e+00 1.702132e+00 5.054033e-01 1099
0.607536 1.669574e+00 1.780216e+00 5.276245e-01 1167
0.608026 1.543066e+00 1.610387e+00 4.820713e-01 1080
0.608526 1.566714e+00 1.673450e+00 5.005164e-01 1098
0.609005 1.516198e+00 1.599765e+00 4.762470e-01 1064
0.609490 1.531277e+00 1.602424e+00 4.803553e-01 1076
0.609983 1.497992e+00 1.586984e+00 4.803088e-01 1054
0.610472 1.637958e+00 1.737474e+00 5.373455e-01 1154
0.610958 1.601783e+00 1.688406e+00 5.195005e-01 1130
0.611442 1.588353e+00 1.697131e+00 5.194687e-01 1122
0.611935 1.579197e+00 1.671488e+00 5.160453e-01 1117
0.612431 1.476877e+00 1.602924e+00 4.916864e-01 1046
0.612919 1.486220e+00 1.577675e+00 4.859927e-01 1054
0.613408 1.430759e+00 1.517720e+00 4.662761e-01 1016
0.613891 1.527331e+00 1.632746e+00 5.045142e-01 1086
0.614380 1.571681e+00 1.685136e+00 5.214094e-01 1119
0.614869 1.492476e+00 1.590788e+00 4.963137e-01 1064
0.615356 1.413476e+00 1.509277e+00 4.701265e-01 1009
0.615854 1.492774e+00 1.584620e+00 4.901495e-01 1067
0.616344 1.574657e+00 1.696487e+00 5.293567e-01 1127
0.616832 1.465157e+00 1.534075e+00 4.824222e-01 1050
0.617320 1.449310e+00 1.552928e+00 4.838105e-01 1040
0.617815 1.511442e+00 1.625620e+00 5.181056e-01 1086
0.618303 1.502523e+00 1.584622e+00 5.010527e-01 1081
0.618797 1.357590e+00 1.423155e+00 4.510299e-01 978
0.619285 1.483366e+00 1.565782e+00 4.947612e-01 1070
0.619776 1.449594e+00 1.543424e+00 4.931106e-01 1047
0.620271 1.420056e+00 1.503748e+00 4.970737e-01 1027
0.620765 1.393356e+00 1.477257e+00 4.927872e-01 1009
0.621254 1.420510e+00 1.477873e+00 4.898591e-01 1030
0.621746 1.442083e+00 1.536955e+00 5.171367e-01 1047
0.622245 1.405825e+00 1.488876e+00 5.009516e-01 1022
0.622733 1.432854e+00 1.542552e+00 5.207719e-01 1043
0.623220 1.321239e+00 1.425456e+00 4.817440e-01 963
0.623713 1.312679e+00 1.373829e+00 4.698576e-01 958
0.624215 1.260350e+00 1.333632e+00 4.534487e-01 921
0.624702 1.255989e+00 1.326488e+00 4.497668e-01 919
0.625191 1.277571e+00 1.346814e+00 4.639175e-01 936
0.625677 1.270470e+00 1.348401e+00 4.626855e-01 932
0.626173 1.247050e+00 1.306709e+00 4.528839e-01 916
0.626676 1.265838e+00 1.343674e+00 4.646656e-01 931
0.627168 1.175945e+00 1.253776e+00 4.373264e-01 866
0.627659 1.243596e+00 1.317647e+00 4.555005e-01 917
0.628151 1.281275e+00 1.359388e+00 4.719896e-01 946
0.628639 1.220111e+00 1.291771e+00 4.529007e-01 902
0.629137 1.261774e+00 1.344019e+00 4.705144e-01 934
0.629637 1.268250e+00 1.336231e+00 4.688345e-01 940
0.630123 1.321870e+00 1.389781e+00 4.870489e-01 981
0.630614 1.246160e+00 1.315022e+00 4.653240e-01 926
0.631110 1.190803e+00 1.267400e+00 4.543299e-01 886
0.631604 1.291293e+00 1.370617e+00 4.877903e-01 962
0.632106 1.258808e+00 1.322124e+00 4.749811e-01 939
0.632595 1.237116e+00 1.299515e+00 4.641240e-01 924
0.633091 1.226175e+00 1.314248e+00 4.678569e-01 917
0.633585 1.237964e+00 1.319311e+00 4.677152e-01 927
0.634081 1.252389e+00 1.314667e+00 4.698258e-01 939
0.634585 1.208167e+00 1.269318e+00 4.556394e-01 907
0.635071 1.226583e+00 1.283670e+00 4.636752e-01 922
0.635571 1.190476e+00 1.277234e+00 4.638958e-01 896
0.636071 1.142517e+00 1.243333e+00 4.560035e-01 861
0.636571 1.180822e+00 1.238735e+00 4.494173e-01 891
0.637051 1.185939e+00 1.255643e+00 4.585545e-01 896
0.637563 1.216158e+00 1.272804e+00 4.648524e-01 920
0.638052 1.035063e+00 1.098644e+00 4.067669e-01 784
0.638548 1.153738e+00 1.230124e+00 4.508295e-01 875
0.639041 1.111452e+00 1.172643e+00 4.355966e-01 844
0.639546 1.137663e+00 1.196504e+00 4.432083e-01 865
0.640045 1.201900e+00 1.277803e+00 4.815213e-01 915
0.640532 1.150528e+00 1.230871e+00 4.714563e-01 877
0.641030 1.168726e+00 1.253346e+00 4.747773e-01 892
0.641538 1.059946e+00 1.137245e+00 4.312359e-01 810
0.642028 1.067755e+00 1.157356e+00 4.400071e-01 817
0.642519 1.069018e+00 1.151872e+00 4.373420e-01 819
0.643029 1.087224e+00 1.168238e+00 4.433233e-01 834
0.643525 1.098873e+00 1.171895e+00 4.507369e-01 844
0.644026 1.068881e+00 1.133954e+00 4.287670e-01 822
0.644528 1.040263e+00 1.112109e+00 4.197600e-01 801
0.645024 1.028577e+00 1.089300e+00 4.160733e-01 793
0.645519 1.160714e+00 1.242411e+00 4.751747e-01 896
0.646017 1.091977e+00 1.161265e+00 4.455123e-01 844
0.646520 1.051840e+00 1.100046e+00 4.255961e-01 814
0.647014 1.066007e+00 1.120071e+00 4.320248e-01 826
0.647521 1.090448e+00 1.164895e+00 4.541299e-01 846
0.648019 1.015704e+00 1.084495e+00 4.158103e-01 789
0.648520 1.077431e+00 1.140013e+00 4.426707e-01 838
0.649005 9.964678e-01 1.046595e+00 4.064832e-01 776
0.649515 9.400734e-01 9.890247e-01 3.882294e-01 733
0.650014 9.734822e-01 1.030956e+00 4.089283e-01 760
0.650511 9.799415e-01 1.036547e+00 4.187728e-01 766
0.651015 9.621076e-01 1.027028e+00 4.197355e-01 753
0.651510 1.005570e+00 1.065409e+00 4.328854e-01 788
0.652017 1.006865e+00 1.070400e+00 4.353008e-01 790
0.652517 9.037762e-01 9.585066e-01 3.905946e-01 710
0.653016 9.446045e-01 9.987535e-01 4.148767e-01 743
0.653524 9.777119e-01 1.047458e+00 4.317203e-01 770
0.654023 9.600091e-01 1.025279e+00 4.263288e-01 757
0.654514 9.866806e-01 1.058108e+00 4.363916e-01 779
0.655016 8.779274e-01 9.265343e-01 3.776507e-01 694
0.655527 9.261118e-01 9.579894e-01 3.984540e-01 733
0.656035 9.754378e-01 1.024537e+00 4.262807e-01 773
0.656532 9.225548e-01 9.687623e-01 4.087383e-01 732
0.657039 8.861660e-01 9.454790e-01 3.923291e-01 704
0.657532 9.240414e-01 9.920566e-01 4.144791e-01 735
0.658029 9.354538e-01 9.846917e-01 4.136545e-01 745
0.658540 8.728460e-01 9.275574e-01 3.863137e-01 696
0.659045 8.730193e-01 9.596948e-01 3.971468e-01 697
0.659547 9.332390e-01 9.958288e-01 4.132555e-01 746
0.660051 8.921042e-01 9.373983e-01 3.884530e-01 714
0.660545 9.271923e-01 9.837300e-01 4.158542e-01 743
0.661066 8.437886e-01 8.901150e-01 3.794567e-01 677
0.661553 9.012554e-01 9.525490e-01 4.068868e-01 724
0.662069 9.001451e-01 9.698879e-01 4.162258e-01 724
0.662565 8.754434e-01 9.373601e-01 3.976483e-01 705
0.663078 9.004112e-01 9.613389e-01 4.116520e-01 726
0.663576 9.178846e-01 9.657233e-01 4.098440e-01 741
0.664071 8.437625e-01 9.293668e-01 4.027541e-01 682
0.664584 8.662039e-01 9.178737e-01 4.008183e-01 701
0.665082 8.021990e-01 8.531575e-01 3.674114e-01 650
0.665589 8.098434e-01 8.539682e-01 3.763274e-01 657
0.666093 8.248553e-01 8.782387e-01 3.831167e-01 670
0.666601 7.832673e-01 8.279488e-01 3.600989e-01 637
0.667107 8.768730e-01 9.359477e-01 4.023564e-01 714
0.667609 8.083365e-01 8.452778e-01 3.656731e-01 659
0.668119 8.771793e-01 9.293774e-01 4.094812e-01 716
0.668623 7.977960e-01 8.454292e-01 3.779985e-01 652
0.669136 7.540474e-01 8.094631e-01 3.564467e-01 617
0.669642 8.263645e-01 8.875111e-01 3.842092e-01 677
0.670143 7.790292e-01 8.070311e-01 3.659314e-01 639
0.670650 7.792971e-01 8.158905e-01 3.743131e-01 640
0.671163 7.953739e-01 8.501069e-01 3.929953e-01 654
0.671650 7.664676e-01 8.075251e-01 3.689827e-01 631
0.672175 7.364178e-01 7.687684e-01 3.531349e-01 607
0.672675 7.488513e-01 7.948472e-01 3.647360e-01 618
0.673186 6.922691e-01 7.223762e-01 3.330010e-01 572
0.673688 7.373622e-01 7.658069e-01 3.432726e-01 610
0.674195 7.412963e-01 7.749950e-01 3.552079e-01 614
0.674700 7.693376e-01 8.136593e-01 3.751660e-01 638
0.675213 7.407036e-01 7.956088e-01 3.605309e-01 615
0.675714 7.205591e-01 7.558025e-01 3.474087e-01 599
0.676226 7.088731e-01 7.480664e-01 3.403311e-01 590
0.676741 7.320156e-01 7.714523e-01 3.560781e-01 610
0.677249 7.874632e-01 8.234576e-01 3.804275e-01 657
0.677755 7.242608e-01 7.842554e-01 3.543786e-01 605
0.678256 8.011049e-01 8.528705e-01 3.928150e-01 670
0.678777 7.284835e-01 7.692030e-01 3.522425e-01 610
0.679285 7.371468e-01 7.779595e-01 3.583975e-01 618
0.679783 7.231530e-01 7.559502e-01 3.482206e-01 607
0.680301 6.592157e-01 6.925102e-01 3.236813e-01 554
0.680808 7.737049e-01 8.070521e-01 3.769815e-01 651
0.681320 6.706867e-01 7.292406e-01 3.508507e-01 565
0.681825 6.722511e-01 7.129267e-01 3.362658e-01 567
0.682332 6.868374e-01 7.324799e-01 3.461453e-01 580
0.682846 6.457976e-01 7.020965e-01 3.372059e-01 546
0.683352 7.348054e-01 8.004333e-01 3.754434e-01 622
0.683863 6.855460e-01 7.221766e-01 3.379022e-01 581
0.684383 6.470109e-01 6.719591e-01 3.172810e-01 549
0.684891 6.344641e-01 6.822743e-01 3.281596e-01 539
0.685392 7.371659e-01 7.804551e-01 3.717642e-01 627
0.685901 6.540827e-01 6.810717e-01 3.186972e-01 557
0.686411 6.814494e-01 7.250683e-01 3.474385e-01 581
0.686915 6.173741e-01 6.591770e-01 3.093201e-01 527
0.687451 6.751407e-01 7.343830e-01 3.506007e-01 577
0.687957 6.240806e-01 6.914409e-01 3.365231e-01 534
0.688466 6.513507e-01 6.957434e-01 3.297064e-01 558
0.688979 6.494078e-01 6.965287e-01 3.355691e-01 557
0.689484 6.008885e-01 6.464187e-01 3.101554e-01 516
0.690007 6.420450e-01 6.745891e-01 3.295593e-01 552
0.690509 6.052664e-01 6.331972e-01 3.147065e-01 521
0.691043 5.883011e-01 6.192615e-01 3.103130e-01 507
0.691529 5.876013e-01 6.137887e-01 2.992122e-01 507
0.692050 6.389948e-01 6.637234e-01 3.287437e-01 552
0.692565 6.324545e-01 6.690176e-01 3.408066e-01 547
0.693074 6.548006e-01 6.922847e-01 3.474995e-01 567
0.693586 6.182657e-01 6.623026e-01 3.354340e-01 536
0.694103 6.198367e-01 6.438769e-01 3.269174e-01 538
0.694616 5.903334e-01 6.347378e-01 3.204819e-01 513
0.695136 5.804391e-01 6.035965e-01 3.073984e-01 505
0.695640 5.556434e-01 5.875596e-01 2.932068e-01 484
0.696145 5.916794e-01 6.411589e-01 3.296923e-01 516
0.696667 5.508939e-01 5.930775e-01 3.072885e-01 481
0.697182 5.445231e-01 5.737883e-01 2.910630e-01 476
0.697705 5.735878e-01 6.055439e-01 3.059313e-01 502
0.698203 5.649220e-01 6.063590e-01 3.130319e-01 495
0.698731 5.505766e-01 5.803950e-01 2.893781e-01 483
0.699238 5.726989e-01 6.041819e-01 2.975865e-01 503
0.699742 4.946928e-01 5.218611e-01 2.658425e-01 435
0.700276 5.895247e-01 6.202772e-01 3.167833e-01 519
0.700801 5.638708e-01 6.000520e-01 3.093179e-01 497
0.701307 5.156126e-01 5.510184e-01 2.880868e-01 455
0.701823 5.399080e-01 5.795194e-01 2.977961e-01 477
0.702342 5.630153e-01 5.930714e-01 3.136464e-01 498
0.702845 4.968592e-01 5.266560e-01 2.693145e-01 440
0.703378 5.628223e-01 5.950054e-01 3.010450e-01 499
0.703898 5.700483e-01 6.066963e-01 3.032534e-01 506
0.704401 4.816102e-01 5.100870e-01 2.637308e-01 428
0.704910 5.192600e-01 5.448828e-01 2.732374e-01 462
0.705432 5.343688e-01 5.782621e-01 3.009481e-01 476
0.705942 5.505633e-01 5.837461e-01 2.993822e-01 491
0.706475 5.151996e-01 5.349388e-01 2.747952e-01 460
0.706978 5.358526e-01 5.775756e-01 3.099873e-01 479
0.707501 5.128791e-01 5.431165e-01 2.735860e-01 459
0.708022 5.067001e-01 5.337591e-01 2.779334e-01 454
0.708527 4.726657e-01 5.123089e-01 2.651460e-01 424
0.709058 5.355828e-01 5.844919e-01 3.011582e-01 481
0.709572 4.982568e-01 5.350960e-01 2.757181e-01 448
0.710088 4.710153e-01 4.990105e-01 2.662396e-01 424
0.710612 4.860015e-01 5.205440e-01 2.825230e-01 438
0.711119 5.153603e-01 5.373154e-01 2.813457e-01 465
0.711639 4.892999e-01 5.132947e-01 2.745110e-01 442
0.712162 5.318548e-01 5.615944e-01 2.998416e-01 481
0.712691 4.616573e-01 4.871626e-01 2.609426e-01 418
0.713204 5.096607e-01 5.367829e-01 2.866810e-01 462
0.713717 4.804207e-01 5.033000e-01 2.618832e-01 436
0.714244 4.556505e-01 4.794303e-01 2.561581e-01 414
0.714772 4.331360e-01 4.607592e-01 2.509070e-01 394
0.715288 4.589879e-01 4.807598e-01 2.573349e-01 418
0.715804 5.045219e-01 5.244528e-01 2.764214e-01 460
0.716314 4.568311e-01 4.895102e-01 2.600998e-01 417
0.716863 4.705284e-01 4.881388e-01 2.573393e-01 430
0.717353 4.514041e-01 4.776783e-01 2.542349e-01 413
0.717882 4.661672e-01 4.984092e-01 2.656416e-01 427
0.718412 4.939815e-01 5.336166e-01 2.852988e-01 453
0.718921 4.226133e-01 4.405728e-01 2.434210e-01 388
0.719455 4.319178e-01 4.624273e-01 2.456718e-01 397
0.719971 4.455475e-01 4.683256e-01 2.490105e-01 410
0.720483 4.428637e-01 4.742941e-01 2.584916e-01 408
0.721010 4.174176e-01 4.453805e-01 2.465353e-01 385
0.721543 4.234354e-01 4.451324e-01 2.465252e-01 391
0.722056 4.489098e-01 4.710432e-01 2.549135e-01 415
0.722584 3.835662e-01 4.051542e-01 2.235206e-01 355
0.723103 4.133443e-01 4.406039e-01 2.420020e-01 383
0.723616 4.678476e-01 5.016085e-01 2.762127e-01 434
0.724162 4.123968e-01 4.456606e-01 2.470605e-01 383
0.724673 4.173019e-01 4.301232e-01 2.358979e-01 388
0.725204 3.824467e-01 4.128175e-01 2.265583e-01 356
0.725718 4.163469e-01 4.373392e-01 2.401114e-01 388
0.726247 4.233735e-01 4.595890e-01 2.539817e-01 395
0.726758 3.832770e-01 4.015122e-01 2.219835e-01 358
0.727296 3.978105e-01 4.156376e-01 2.293952e-01 372
0.727804 3.717203e-01 4.094567e-01 2.255758e-01 348
0.728328 4.107730e-01 4.342839e-01 2.382871e-01 385
0.728852 3.847271e-01 4.006503e-01 2.247304e-01 361
0.729372 4.300625e-01 4.619670e-01 2.484568e-01 404
0.729912 3.912937e-01 4.186389e-01 2.282714e-01 368
0.730419 4.184625e-01 4.525891e-01 2.570802e-01 394
0.730958 3.914643e-01 4.093259e-01 2.265658e-01 369
0.731481 4.111528e-01 4.389376e-01 2.433104e-01 388
0.732002 3.535282e-01 3.663141e-01 2.021892e-01 334
0.732521 3.954172e-01 4.259485e-01 2.395737e-01 374
0.733047 3.801833e-01 4.070565e-01 2.235815e-01 360
0.733588 3.839714e-01 4.026816e-01 2.189623e-01 364
0.734090 4.014483e-01 4.188511e-01 2.309953e-01 381
0.734621 3.894160e-01 4.169381e-01 2.274046e-01 370
0.735133 4.036928e-01 4.235125e-01 2.368789e-01 384
0.735680 3.654324e-01 3.745848e-01 2.111872e-01 348
0.736203 3.922904e-01 4.110471e-01 2.241597e-01 374
0.736730 3.405085e-01 3.629137e-01 2.007710e-01 325
0.737259 3.390771e-01 3.654912e-01 2.039908e-01 324
0.737789 3.721454e-01 4.073518e-01 2.280452e-01 356
0.738314 3.915645e-01 4.133506e-01 2.281582e-01 375
0.738839 3.462739e-01 3.639741e-01 2.010492e-01 332
0.739359 3.385907e-01 3.513726e-01 1.980749e-01 325
0.739909 3.704690e-01 4.006606e-01 2.286561e-01 356
0.740413 3.669333e-01 3.826232e-01 2.127318e-01 353
0.740939 3.810564e-01 3.971127e-01 2.239196e-01 367
0.741466 3.484765e-01 3.621454e-01 2.049248e-01 336
0.742005 3.563723e-01 3.755743e-01 2.131679e-01 344
0.742535 3.487282e-01 3.678697e-01 2.119504e-01 337
0.743057 3.121591e-01 3.282755e-01 1.876983e-01 302
0.743583 3.582702e-01 3.852842e-01 2.159020e-01 347
0.744118 3.135214e-01 3.333321e-01 1.857439e-01 304
0.744643 3.533462e-01 3.761929e-01 2.055000e-01 343
0.745179 3.416311e-01 3.612339e-01 2.041709e-01 332
0.745697 3.402205e-01 3.632440e-01 2.053602e-01 331
0.746226 3.336794e-01 3.506904e-01 1.971924e-01 325
0.746769 3.117694e-01 3.353080e-01 1.875414e-01 304
0.747299 3.011766e-01 3.147229e-01 1.798352e-01 294
0.747811 3.520033e-01 3.792821e-01 2.151954e-01 344
0.748343 3.454773e-01 3.698615e-01 2.024922e-01 338
0.748874 3.205881e-01 3.432689e-01 1.969075e-01 314
0.749420 3.263494e-01 3.497171e-01 1.983821e-01 320
0.749949 2.821812e-01 2.977930e-01 1.735215e-01 277
0.750468 2.991654e-01 3.245831e-01 1.911613e-01 294
0.751008 3.028979e-01 3.220122e-01 1.864259e-01 298
0.751531 3.238820e-01 3.392704e-01 1.930914e-01 319
0.752062 3.356918e-01 3.688380e-01 2.123702e-01 331
0.752583 3.099923e-01 3.281558e-01 1.894269e-01 306
0.753111 3.076239e-01 3.201321e-01 1.884824e-01 304
0.753677 3.032390e-01 3.291225e-01 1.894108e-01 300
0.754167 3.029023e-01 3.157380e-01 1.800265e-01 300
0.754731 2.934893e-01 3.094106e-01 1.797991e-01 291
0.755247 3.052530e-01 3.302600e-01 1.874342e-01 303
0.755801 3.220221e-01 3.372664e-01 1.908821e-01 320
0.756317 2.874884e-01 3.013870e-01 1.706564e-01 286
0.756843 2.861661e-01 3.094194e-01 1.782508e-01 285
0.757378 3.079150e-01 3.255961e-01 1.821780e-01 307
0.757924 2.945501e-01 3.123850e-01 1.790070e-01 294
0.758440 3.062337e-01 3.242602e-01 1.834506e-01 306
0.758997 3.028964e-01 3.189076e-01 1.811574e-01 303
0.759517 2.965707e-01 3.119141e-01 1.780329e-01 297
0.760052 2.653224e-01 2.830791e-01 1.656560e-01 266
0.760581 2.749933e-01 2.888304e-01 1.666018e-01 276
0.761109 2.936000e-01 3.184382e-01 1.872547e-01 295
0.761644 2.684226e-01 2.818286e-01 1.629417e-01 270
0.762190 2.780577e-01 3.069274e-01 1.779728e-01 280
0.762717 2.906474e-01 3.150230e-01 1.862873e-01 293
0.763260 2.734828e-01 2.867955e-01 1.696581e-01 276
0.763777 3.008963e-01 3.251572e-01 1.880172e-01 304
0.764335 2.946335e-01 3.107237e-01 1.763999e-01 298
0.764876 2.745576e-01 2.947348e-01 1.723560e-01 278
0.765395 2.614314e-01 2.748859e-01 1.592056e-01 265
0.765919 2.660719e-01 2.772227e-01 1.635879e-01 270
0.766475 2.903895e-01 3.065375e-01 1.763395e-01 295
0.766998 2.802384e-01 2.909333e-01 1.671391e-01 285
0.767539 2.455540e-01 2.568892e-01 1.520661e-01 250
0.768085 2.845309e-01 3.029126e-01 1.714071e-01 290
0.768603 2.920602e-01 3.170260e-01 1.893616e-01 298
0.769135 2.672660e-01 2.809173e-01 1.644049e-01 273
0.769662 2.718636e-01 2.844509e-01 1.667558e-01 278
0.770223 2.715667e-01 2.855469e-01 1.670465e-01 278
0.770763 2.771251e-01 2.979560e-01 1.757224e-01 284
0.771287 2.524546e-01 2.675357e-01 1.524036e-01 259
0.771831 2.677580e-01 2.776176e-01 1.595417e-01 275
0.772364 2.674662e-01 2.861540e-01 1.681005e-01 275
0.772904 2.438579e-01 2.632321e-01 1.558230e-01 251
0.773439 2.571793e-01 2.742888e-01 1.602084e-01 265
0.773974 2.762881e-01 2.959701e-01 1.752452e-01 285
0.774528 2.556518e-01 2.744331e-01 1.584899e-01 264
0.775054 2.427988e-01 2.574603e-01 1.460711e-01 251
0.775584 2.512315e-01 2.666785e-01 1.573043e-01 260
0.776137 2.432370e-01 2.619985e-01 1.531299e-01 252
0.776666 2.477940e-01 2.581325e-01 1.506114e-01 257
0.777210 2.600461e-01 2.704952e-01 1.567699e-01 270
0.777726 2.482192e-01 2.693911e-01 1.542984e-01 258
0.778291 2.344956e-01 2.464910e-01 1.442356e-01 244
0.778833 2.198417e-01 2.310135e-01 1.297795e-01 229
0.779366 2.368652e-01 2.483252e-01 1.454338e-01 247
0.779908 2.519360e-01 2.682330e-01 1.574768e-01 263
0.780450 2.449654e-01 2.598971e-01 1.537366e-01 256
0.780976 2.647739e-01 2.817103e-01 1.682519e-01 277
0.781553 1.957403e-01 2.087004e-01 1.235581e-01 205
0.782081 2.241430e-01 2.297465e-01 1.368874e-01 235
0.782592 1.981765e-01 2.125014e-01 1.268622e-01 208
0.783148 2.255635e-01 2.395148e-01 1.436200e-01 237
0.783698 2.509899e-01 2.659795e-01 1.581153e-01 264
0.784221 1.756937e-01 1.874054e-01 1.088780e-01 185
0.784762 1.963754e-01 2.029229e-01 1.213304e-01 207
0.785327 2.397562e-01 2.571367e-01 1.567594e-01 253
0.785852 2.234057e-01 2.312853e-01 1.350825e-01 236
0.786373 2.401868e-01 2.606237e-01 1.546135e-01 254
0.786946 2.210368e-01 2.363735e-01 1.382352e-01 234
0.787467 2.255175e-01 2.437869e-01 1.462475e-01 239
0.788009 2.224479e-01 2.348553e-01 1.435270e-01 236
0.788563 2.193847e-01 2.300666e-01 1.378525e-01 233
0.789104 2.304363e-01 2.443773e-01 1.448978e-01 245
0.789642 2.442828e-01 2.673398e-01 1.589635e-01 260
0.790178 1.886472e-01 2.023078e-01 1.257368e-01 201
0.790721 1.987583e-01 2.121660e-01 1.284139e-01 212
0.791271 1.957362e-01 2.052969e-01 1.239872e-01 209
0.791809 2.030113e-01 2.122912e-01 1.279669e-01 217
0.792372 2.130744e-01 2.314092e-01 1.420636e-01 228
0.792919 2.007109e-01 2.116709e-01 1.295914e-01 215
0.793444 2.331357e-01 2.446061e-01 1.493088e-01 250
0.793970 2.021460e-01 2.128680e-01 1.280569e-01 217
0.794538 2.093750e-01 2.244917e-01 1.362008e-01 225
0.795103 1.970676e-01 2.090724e-01 1.276602e-01 212
0.795631 2.052150e-01 2.145400e-01 1.315206e-01 221
0.796162 1.827345e-01 1.900902e-01 1.192591e-01 197
0.796721 1.880998e-01 2.031954e-01 1.209324e-01 203
0.797278 1.814205e-01 1.921895e-01 1.178245e-01 196
0.797798 2.006450e-01 2.186226e-01 1.306423e-01 217
0.798336 2.170577e-01 2.259570e-01 1.371499e-01 235
0.798903 2.334354e-01 2.467402e-01 1.485641e-01 253
0.799432 1.926334e-01 2.066262e-01 1.261506e-01 209
0.799991 2.200505e-01 2.422566e-01 1.478757e-01 239
0.800526 1.839476e-01 1.945098e-01 1.198118e-01 200
0.801113 1.782402e-01 1.851972e-01 1.142435e-01 194
0.801645 1.826405e-01 1.895577e-01 1.182179e-01 199
0.802177 2.044509e-01 2.179993e-01 1.355952e-01 223
0.802698 1.795068e-01 1.900763e-01 1.183973e-01 196
0.803258 1.902957e-01 1.996668e-01 1.210952e-01 208
0.803818 1.763859e-01 1.867861e-01 1.159454e-01 193
0.804382 1.926328e-01 1.996448e-01 1.234674e-01 211
0.804921 2.051974e-01 2.139254e-01 1.287521e-01 225
0.805465 1.812943e-01 1.892552e-01 1.151281e-01 199
0.806033 1.911140e-01 2.007220e-01 1.207016e-01 210
0.806546 2.081857e-01 2.179471e-01 1.324816e-01 229
0.807098 1.943442e-01 2.087629e-01 1.283326e-01 214
0.807660 1.959541e-01 2.066774e-01 1.270371e-01 216
0.808199 1.848731e-01 1.993052e-01 1.237765e-01 204
0.808756 1.720047e-01 1.789686e-01 1.091424e-01 190
0.809299 1.799630e-01 1.892507e-01 1.148358e-01 199
0.809845 1.870011e-01 1.957855e-01 1.197643e-01 207
0.810394 1.777804e-01 1.898462e-01 1.211310e-01 197
0.810974 1.730865e-01 1.844630e-01 1.152979e-01 192
0.811498 1.810099e-01 1.920969e-01 1.191031e-01 201
0.812037 1.925151e-01 2.050266e-01 1.291055e-01 214
0.812582 2.013000e-01 2.134137e-01 1.334638e-01 224
0.813165 1.858280e-01 1.977474e-01 1.228089e-01 207
0.813709 1.766658e-01 1.832376e-01 1.143229e-01 197
0.814236 1.836478e-01 1.987094e-01 1.248236e-01 205
0.814805 1.566086e-01 1.698461e-01 1.086564e-01 175
0.815343 1.582330e-01 1.675594e-01 1.063453e-01 177
0.815895 1.669981e-01 1.741556e-01 1.081034e-01 187
0.816441 1.498739e-01 1.591926e-01 9.984950e-02 168
0.816998 1.978410e-01 2.094398e-01 1.315754e-01 222
0.817552 1.664761e-01 1.759487e-01 1.124407e-01 187
0.818083 1.645240e-01 1.720873e-01 1.080450e-01 185
0.818659 1.616875e-01 1.732538e-01 1.107227e-01 182
0.819188 1.828185e-01 1.908260e-01 1.202179e-01 206
0.819783 1.542588e-01 1.637517e-01 1.046116e-01 174
0.820330 1.656115e-01 1.755614e-01 1.145445e-01 187
0.820856 1.530536e-01 1.616634e-01 1.079023e-01 173
0.821411 1.617324e-01 1.677052e-01 1.119587e-01 183
0.821973 1.527359e-01 1.642662e-01 1.085690e-01 173
0.822512 1.411120e-01 1.525990e-01 1.012706e-01 160
0.823075 1.497760e-01 1.578205e-01 1.022451e-01 170
0.823626 1.751443e-01 1.839713e-01 1.198207e-01 199
0.824157 1.538618e-01 1.619770e-01 1.054798e-01 175
0.824729 1.554591e-01 1.631821e-01 1.062821e-01 177
0.825302 1.658269e-01 1.733693e-01 1.136915e-01 189
0.825828 1.533846e-01 1.632328e-01 1.075660e-01 175
0.826406 1.654841e-01 1.780490e-01 1.173769e-01 189
0.826969 1.478197e-01 1.545721e-01 1.013837e-01 169
0.827498 1.380555e-01 1.473560e-01 9.551649e-02 158
0.828055 1.518789e-01 1.608979e-01 1.048468e-01 174
0.828620 1.377707e-01 1.431508e-01 9.351864e-02 158
0.829180 1.332733e-01 1.435080e-01 9.518441e-02 153
0.829724 1.113817e-01 1.165162e-01 7.605118e-02 128
0.830259 1.373452e-01 1.446304e-01 9.846554e-02 158
0.830828 1.380721e-01 1.452955e-01 9.912428e-02 159
0.831390 1.283877e-01 1.365111e-01 9.325548e-02 148
0.831953 1.447209e-01 1.532331e-01 1.033552e-01 167
0.832519 1.463035e-01 1.549040e-01 1.055220e-01 169
0.833039 1.375051e-01 1.490280e-01 1.014982e-01 159
0.833630 1.416835e-01 1.480407e-01 1.001319e-01 164
0.834167 1.190991e-01 1.273006e-01 8.601312e-02 138
0.834719 1.491522e-01 1.539937e-01 1.049509e-01 173
0.835283 1.291901e-01 1.354416e-01 9.141015e-02 150
0.835837 1.213143e-01 1.287515e-01 8.747014e-02 141
0.836429 1.254875e-01 1.335072e-01 9.014075e-02 146
0.836951 1.279349e-01 1.332881e-01 9.032704e-02 149
0.837506 1.441011e-01 1.550464e-01 1.058103e-01 168
0.838071 1.328145e-01 1.381723e-01 9.352369e-02 155
0.838639 1.189828e-01 1.269386e-01 8.633059e-02 139
0.839211 1.197164e-01 1.245574e-01 8.366283e-02 140
0.839749 1.221569e-01 1.292016e-01 8.803677e-02 143
0.840326 1.134985e-01 1.219452e-01 8.681365e-02 133
0.840886 1.150877e-01 1.200384e-01 8.468454e-02 135
0.841418 1.090089e-01 1.158669e-01 8.176654e-02 128
0.841962 1.131516e-01 1.184261e-01 8.430527e-02 133
0.842538 1.164360e-01 1.229562e-01 8.575594e-02 137
0.843107 1.112232e-01 1.226134e-01 8.625473e-02 131
0.843672 1.136545e-01 1.199471e-01 8.508274e-02 134
0.844222 1.321797e-01 1.389245e-01 9.789120e-02 156
0.844780 1.235809e-01 1.326372e-01 9.401397e-02 146
0.845343 1.175362e-01 1.205513e-01 8.580111e-02 139
0.845886 1.292430e-01 1.322505e-01 9.418799e-02 153
0.846459 1.265802e-01 1.348507e-01 9.550038e-02 150
0.847025 1.036905e-01 1.134907e-01 8.047192e-02 123
0.847578 1.111648e-01 1.158243e-01 8.202424e-02 132
0.848129 1.160999e-01 1.228306e-01 8.641687e-02 138
0.848687 1.117801e-01 1.199951e-01 8.517079e-02 133
0.849253 1.057897e-01 1.109631e-01 7.812007e-02 126
0.849835 1.073602e-01 1.103532e-01 7.820362e-02 128
0.850409 1.039000e-01 1.092380e-01 7.900163e-02 124
0.850972 1.113284e-01 1.174053e-01 8.527203e-02 133
0.851516 1.271039e-01 1.320064e-01 9.579849e-02 152
0.852081 1.044207e-01 1.068094e-01 7.795139e-02 125
0.852660 1.084879e-01 1.160195e-01 8.359394e-02 130
0.853193 9.420590e-02 9.998683e-02 7.267404e-02 113
0.853768 1.140991e-01 1.190393e-01 8.576769e-02 137
0.854350 1.223041e-01 1.300780e-01 9.341861e-02 147
0.854896 1.055576e-01 1.101429e-01 7.938765e-02 127
0.855439 1.037907e-01 1.117172e-01 8.055076e-02 125
0.856043 1.144696e-01 1.227328e-01 8.842334e-02 138
0.856594 9.943869e-02 1.082667e-01 7.922224e-02 120
0.857170 8.361009e-02 8.719824e-02 6.254265e-02 101
0.857705 1.000659e-01 1.035578e-01 7.423891e-02 121
0.858278 9.913925e-02 1.021418e-01 7.369334e-02 120
0.858836 1.097690e-01 1.182885e-01 8.453575e-02 133
0.859404 1.014139e-01 1.089044e-01 7.873416e-02 123
0.859960 8.401498e-02 8.604420e-02 6.297104e-02 102
0.860520 1.176677e-01 1.218337e-01 8.952899e-02 143
0.861088 1.101515e-01 1.195469e-01 8.739331e-02 134
0.861685 1.125049e-01 1.153657e-01 8.454969e-02 137
0.862243 8.039739e-02 8.413834e-02 6.177346e-02 98
0.862817 1.024451e-01 1.034924e-01 7.566712e-02 125
0.863393 9.497402e-02 1.050652e-01 7.811949e-02 116
0.863932 1.038763e-01 1.092025e-01 7.984163e-02 127
0.864497 9.723567e-02 1.010393e-01 7.367551e-02 119
0.865041 1.044852e-01 1.097321e-01 8.064771e-02 128
0.865651 1.117202e-01 1.197905e-01 8.757023e-02 137
0.866202 8.635428e-02 8.871391e-02 6.490393e-02 106
0.866768 1.139391e-01 1.173587e-01 8.704796e-02 140
0.867355 9.919090e-02 1.024259e-01 7.532063e-02 122
0.867892 9.421874e-02 1.002791e-01 7.354705e-02 116
0.868488 7.870795e-02 8.427136e-02 6.166374e-02 97
0.869056 7.619780e-02 7.938601e-02 5.830597e-02 94
0.869601 8.583975e-02 9.076694e-02 6.660532e-02 106
0.870149 9.222647e-02 9.783401e-02 7.521720e-02 114
0.870736 1.026415e-01 1.073438e-01 8.218568e-02 127
0.871307 1.041544e-01 1.079091e-01 8.244393e-02 129
0.871895 7.340032e-02 7.990124e-02 6.095806e-02 91
0.872439 8.944346e-02 9.438997e-02 7.201499e-02 111
0.872973 8.210981e-02 8.555491e-02 6.587698e-02 102
0.873576 6.835704e-02 7.065450e-02 5.391924e-02 85
0.874123 9.158806e-02 9.683191e-02 7.402646e-02 114
0.874708 8.828696e-02 9.514948e-02 7.255583e-02 110
0.875263 8.819961e-02 9.067429e-02 6.989257e-02 110
0.875868 7.609706e-02 7.816523e-02 5.963083e-02 95
0.876445 7.042024e-02 7.440850e-02 5.713190e-02 88
0.876978 7.594675e-02 8.023666e-02 6.140081e-02 95
0.877566 8.545556e-02 8.833262e-02 6.718288e-02 107
0.878139 8.058404e-02 8.337687e-02 6.379128e-02 101
0.878700 6.775136e-02 6.974889e-02 5.341253e-02 85
0.879302 8.281404e-02 8.887801e-02 6.796992e-02 104
0.879840 7.239088e-02 7.393511e-02 5.687260e-02 91
0.880433 7.629318e-02 8.287699e-02 6.457451e-02 96
0.880949 8.177563e-02 8.819381e-02 6.906822e-02 103
0.881570 6.583202e-02 6.939836e-02 5.410081e-02 83
0.882147 7.765293e-02 8.345866e-02 6.520507e-02 98
0.882696 7.203540e-02 7.412868e-02 5.810816e-02 91
0.883312 8.224528e-02 8.422897e-02 6.562474e-02 104
0.883844 7.268399e-02 7.549595e-02 5.884379e-02 92
0.884434 8.997654e-02 9.469274e-02 7.375462e-02 114
0.885017 7.017592e-02 7.400639e-02 5.821585e-02 89
0.885562 7.798430e-02 8.060344e-02 6.297931e-02 99
0.886146 7.948176e-02 8.474592e-02 6.605071e-02 101
0.886689 7.311448e-02 7.530573e-02 5.852437e-02 93
0.887295 7.854073e-02 8.308526e-02 6.506600e-02 100
0.887855 6.983284e-02 7.442505e-02 5.801156e-02 89
0.888443 8.544194e-02 9.264411e-02 7.242773e-02 109
0.889001 6.343147e-02 6.536651e-02 5.080004e-02 81
0.889601 6.571650e-02 7.116858e-02 5.530915e-02 84
0.890212 6.565231e-02 6.957891e-02 5.588411e-02 84
0.890724 7.573876e-02 8.103305e-02 6.497063e-02 97
0.891286 6.240400e-02 6.426771e-02 5.182540e-02 80
0.891905 8.650110e-02 8.992728e-02 7.210184e-02 111
0.892444 7.941000e-02 8.199562e-02 6.678998e-02 102
0.893070 5.988835e-02 6.496978e-02 5.209143e-02 77
0.893574 6.216106e-02 6.424901e-02 5.151353e-02 80
0.894169 6.598183e-02 6.711058e-02 5.410335e-02 85
0.894749 6.436663e-02 6.769486e-02 5.427634e-02 83
0.895337 6.895251e-02 7.062752e-02 5.706749e-02 89
0.895925 5.959755e-02 6.380959e-02 5.145998e-02 77
0.896501 5.258047e-02 5.403253e-02 4.332217e-02 68
0.897070 6.411678e-02 6.739131e-02 5.419537e-02 83
0.897647 6.251106e-02 6.609720e-02 5.314797e-02 81
0.898225 6.245041e-02 6.448438e-02 5.184705e-02 81
0.898828 5.237667e-02 5.417252e-02 4.343441e-02 68
0.899415 5.848189e-02 6.155264e-02 4.935163e-02 76
0.899960 5.688773e-02 6.001036e-02 4.828957e-02 74
0.900515 5.222459e-02 5.431828e-02 4.395561e-02 68
0.901124 6.061396e-02 6.383333e-02 5.165542e-02 79
0.901689 7.205317e-02 7.577136e-02 6.175538e-02 94
0.902255 5.743365e-02 6.075090e-02 4.916104e-02 75
0.902843 5.202285e-02 5.528819e-02 4.474049e-02 68
0.903427 5.350120e-02 5.610850e-02 4.540430e-02 70
0.904012 6.108520e-02 6.301172e-02 5.099055e-02 80
0.904562 7.170584e-02 7.521848e-02 6.101522e-02 94
0.905167 6.020529e-02 6.332344e-02 5.166814e-02 79
0.905740 7.613575e-02 8.138132e-02 6.599786e-02 100
0.906308 6.769552e-02 7.117070e-02 5.828667e-02 89
0.906902 6.307097e-02 6.865590e-02 5.585652e-02 83
0.907476 7.287933e-02 7.868824e-02 6.396520e-02 96
0.908065 6.143276e-02 6.421287e-02 5.210183e-02 81
0.908653 5.834288e-02 6.069512e-02 4.953703e-02 77
0.909205 6.509953e-02 6.818615e-02 5.546262e-02 86
0.909831 4.537464e-02 4.620825e-02 3.767416e-02 60
0.910361 5.590831e-02 5.862335e-02 4.930406e-02 74
0.910967 5.887381e-02 5.985165e-02 5.009210e-02 78
0.911525 5.655512e-02 5.858326e-02 4.916101e-02 75
0.912147 4.444736e-02 4.728054e-02 3.957086e-02 59
0.912715 5.343623e-02 5.748419e-02 4.822705e-02 71
0.913275 5.037742e-02 5.251038e-02 4.413365e-02 67
0.913886 5.258272e-02 5.798339e-02 4.864680e-02 70
0.914482 5.328286e-02 5.587439e-02 4.700292e-02 71
0.915033 5.398162e-02 5.484190e-02 4.601688e-02 72
0.915600 5.692611e-02 6.138774e-02 5.148855e-02 76
0.916181 4.938858e-02 5.227274e-02 4.374903e-02 66
0.916803 4.934140e-02 5.250539e-02 4.429796e-02 66
0.917358 4.630675e-02 4.844641e-02 4.067214e-02 62
0.917918 4.775490e-02 4.997498e-02 4.194402e-02 64
0.918526 4.621842e-02 5.134523e-02 4.332971e-02 62
0.919119 4.319536e-02 4.625846e-02 3.871545e-02 58
0.919727 4.538630e-02 4.775571e-02 4.008627e-02 61
0.920306 3.642312e-02 3.773254e-02 3.278392e-02 49
0.920882 4.752776e-02 5.277031e-02 4.526655e-02 64
0.921442 5.341784e-02 5.596026e-02 4.806693e-02 72
0.922019 4.447252e-02 4.789959e-02 4.096759e-02 60
0.922676 3.924671e-02 4.092559e-02 3.510998e-02 53
0.923228 3.994921e-02 4.174006e-02 3.569947e-02 54
0.923808 4.065036e-02 4.398795e-02 3.762204e-02 55
0.924387 3.987337e-02 4.235761e-02 3.633213e-02 54
0.924935 4.795017e-02 5.116030e-02 4.406735e-02 65
0.925563 5.306365e-02 5.591164e-02 4.791923e-02 72
0.926142 5.154075e-02 5.199596e-02 4.457571e-02 70
0.926701 4.781391e-02 5.052753e-02 4.321522e-02 65
0.927303 3.968470e-02 4.128186e-02 3.541181e-02 54
0.927898 3.597610e-02 3.758276e-02 3.214381e-02 49
0.928482 4.401068e-02 4.740065e-02 4.064099e-02 60
0.929109 4.396905e-02 4.504287e-02 3.874267e-02 60
0.929674 3.807049e-02 3.988247e-02 3.411071e-02 52
0.930198 4.973744e-02 5.150420e-02 4.496380e-02 68
0.930835 4.603675e-02 4.809109e-02 4.206433e-02 63
0.931396 4.745339e-02 5.151861e-02 4.506359e-02 65
0.932016 3.865625e-02 4.069642e-02 3.551931e-02 53
0.932615 3.497641e-02 3.613160e-02 3.153519e-02 48
0.933165 4.513528e-02 4.545694e-02 3.976161e-02 62
0.933770 3.200130e-02 3.492926e-02 3.048580e-02 44
0.934359 3.269778e-02 3.399718e-02 2.967229e-02 45
0.934973 3.339293e-02 3.638790e-02 3.184954e-02 46
0.935524 4.496551e-02 4.760504e-02 4.190108e-02 62
0.936166 3.260556e-02 3.355235e-02 2.928405e-02 45
0.936691 3.691823e-02 3.857893e-02 3.376929e-02 51
0.937305 3.254430e-02 3.431928e-02 2.995342e-02 45
0.937889 3.684890e-02 3.748419e-02 3.271572e-02 51
0.938526 3.320506e-02 3.461222e-02 3.038589e-02 46
0.939050 3.677977e-02 3.909114e-02 3.421876e-02 51
0.939670 3.674527e-02 4.023364e-02 3.529031e-02 51
0.940250 3.095226e-02 3.162589e-02 2.828218e-02 43
0.940868 2.660839e-02 2.714368e-02 2.424917e-02 37
0.941418 3.520513e-02 3.719708e-02 3.330470e-02 49
0.942052 3.301878e-02 3.569997e-02 3.211717e-02 46
0.942605 2.940224e-02 3.170949e-02 2.832810e-02 41
0.943209 3.224057e-02 3.504039e-02 3.130381e-02 45
0.943814 2.934728e-02 3.225563e-02 2.888996e-02 41
0.944385 2.288379e-02 2.365616e-02 2.113355e-02 32
0.944940 3.429363e-02 3.545042e-02 3.174729e-02 48
0.945601 3.354784e-02 3.548615e-02 3.170203e-02 47
0.946172 3.494277e-02 3.711457e-02 3.322988e-02 49
0.946745 3.277282e-02 3.441146e-02 3.081695e-02 46
0.947329 3.345406e-02 3.444444e-02 3.077141e-02 47
0.947963 2.488939e-02 2.679196e-02 2.393496e-02 35
0.948564 3.552315e-02 3.678479e-02 3.286219e-02 50
0.949159 2.697246e-02 2.764567e-02 2.469763e-02 38
0.949715 2.978393e-02 3.192070e-02 2.860629e-02 42
0.950331 3.188168e-02 3.280671e-02 2.985193e-02 45
0.950938 3.185204e-02 3.331803e-02 3.027098e-02 45
0.951494 2.616512e-02 2.677613e-02 2.434103e-02 37
0.952140 2.755384e-02 3.102944e-02 2.826305e-02 39
0.952723 2.893996e-02 2.931655e-02 2.657915e-02 41
0.953262 2.750271e-02 3.059356e-02 2.773693e-02 39
0.953911 2.677266e-02 2.987147e-02 2.708226e-02 38
0.954491 1.900505e-02 2.059427e-02 1.867131e-02 27
0.955073 3.094249e-02 3.200169e-02 2.914106e-02 44
0.955696 2.669831e-02 2.901729e-02 2.643513e-02 38
0.956270 2.456778e-02 2.552913e-02 2.320919e-02 35
0.956921 1.753218e-02 1.798288e-02 1.630375e-02 25
0.957472 2.802554e-02 2.928938e-02 2.655453e-02 40
0.958083 2.519967e-02 2.741157e-02 2.485205e-02 36
0.958708 2.447704e-02 2.478605e-02 2.247169e-02 35
0.959212 2.934532e-02 2.965218e-02 2.694518e-02 42
0.959850 2.931823e-02 3.003891e-02 2.737530e-02 42
0.960417 2.231709e-02 2.270316e-02 2.099385e-02 32
0.961059 2.229651e-02 2.247671e-02 2.078445e-02 32
0.961653 1.670696e-02 1.771477e-02 1.638103e-02 24
0.962195 2.712380e-02 2.833383e-02 2.625762e-02 39
0.962784 2.640398e-02 2.822338e-02 2.609846e-02 38
0.963475 2.013185e-02 2.120684e-02 1.961019e-02 29
0.964070 2.150045e-02 2.186791e-02 2.022148e-02 31
0.964669 2.494530e-02 2.492948e-02 2.305256e-02 36
0.965268 2.146093e-02 2.259622e-02 2.089496e-02 31
0.965834 1.383304e-02 1.408387e-02 1.302350e-02 20
0.966405 2.142151e-02 2.321894e-02 2.152022e-02 31
0.967009 2.623452e-02 2.953175e-02 2.740839e-02 38
0.967619 1.862321e-02 1.898902e-02 1.755934e-02 27
0.968233 1.584967e-02 1.623620e-02 1.501378e-02 23
0.968867 1.652362e-02 1.683932e-02 1.557150e-02 24
0.969419 2.682628e-02 2.935430e-02 2.724629e-02 39
0.970090 2.336559e-02 2.387229e-02 2.217920e-02 34
0.970581 1.647826e-02 1.705426e-02 1.586393e-02 24
0.971230 1.852107e-02 1.901276e-02 1.773168e-02 27
0.971880 1.507744e-02 1.557902e-02 1.449165e-02 22
0.972427 2.601904e-02 2.979690e-02 2.771717e-02 38
0.973050 1.847032e-02 1.897048e-02 1.773693e-02 27
0.973591 2.050383e-02 2.064012e-02 1.919951e-02 30
0.974189 2.116794e-02 2.144320e-02 2.004373e-02 31
0.974777 1.773756e-02 1.796121e-02 1.670758e-02 26
0.975499 2.112933e-02 2.245710e-02 2.088966e-02 31
0.976026 2.723880e-02 2.935097e-02 2.740117e-02 40
0.976703 2.109083e-02 2.131068e-02 1.982326e-02 31
0.977280 1.971216e-02 2.278399e-02 2.119374e-02 29
0.977858 1.086577e-02 1.091740e-02 1.015540e-02 16
0.978455 1.153437e-02 1.172624e-02 1.090779e-02 17
0.979028 1.898051e-02 1.945066e-02 1.809306e-02 28
0.979637 2.099503e-02 2.214018e-02 2.059487e-02 31
0.980224 1.962266e-02 2.143684e-02 2.014469e-02 29
0.980876 1.149249e-02 1.387886e-02 1.305632e-02 17
0.981518 1.688537e-02 1.790119e-02 1.684027e-02 25
0.982096 1.956925e-02 1.949317e-02 1.833790e-02 29
0.982645 1.348379e-02 1.376366e-02 1.294794e-02 20
0.983233 1.010367e-02 9.920618e-03 9.332666e-03 15
0.983867 2.086199e-02 2.152727e-02 2.028927e-02 31
0.984493 1.210244e-02 1.202789e-02 1.131504e-02 18
0.985168 2.283946e-02 2.468824e-02 2.322508e-02 34
0.985709 1.610738e-02 1.842589e-02 1.733387e-02 24
0.986358 1.743387e-02 1.858307e-02 1.751957e-02 26
0.986876 1.473840e-02 1.545742e-02 1.454133e-02 22
0.987525 1.405575e-02 1.446823e-02 1.361077e-02 21
0.988149 1.805535e-02 1.851951e-02 1.742194e-02 27
0.988686 1.269414e-02 1.307902e-02 1.230388e-02 19
0.989388 1.668774e-02 1.745450e-02 1.642004e-02 25
0.989881 1.333815e-02 1.413082e-02 1.330899e-02 20
0.990560 1.465873e-02 1.558298e-02 1.477867e-02 22
0.991160 1.597692e-02 1.696589e-02 1.612203e-02 24
0.991787 1.729274e-02 1.759661e-02 1.672087e-02 26
0.992363 1.329012e-02 1.320248e-02 1.255300e-02 20
0.993001 1.460598e-02 1.592300e-02 1.516533e-02 22
0.993644 1.127628e-02 1.144435e-02 1.088563e-02 17
0.994226 1.391699e-02 1.409551e-02 1.340145e-02 21
0.994769 1.390448e-02 1.489838e-02 1.416064e-02 21
0.995451 1.653807e-02 1.711050e-02 1.629020e-02 25
0.996042 1.387950e-02 1.479361e-02 1.406216e-02 21
0.996706 1.584805e-02 1.797380e-02 1.713716e-02 24
0.997297 1.649357e-02 1.718782e-02 1.648557e-02 25
0.997800 1.252387e-02 1.328745e-02 1.263245e-02 19
0.998529 1.382976e-02 1.541477e-02 1.468154e-02 21
0.999061 2.368690e-02 2.528836e-02 2.413717e-02 36
0.999679 1.577712e-02 1.641607e-02 1.560075e-02 24
