#Interval: 1.000000 Mpc/h, Area= 1.000000 deg^2
# z <nobs> <wc nobs> <wc wfkp nobs> N_obj
0.600242 3.618852e+01 3.658112e+01 9.565955e+00 24796
0.600716 3.522932e+01 3.555427e+01 9.308024e+00 24171
0.601212 3.661317e+01 3.710524e+01 9.727565e+00 25154
0.601691 3.512677e+01 3.562716e+01 9.344483e+00 24165
0.602166 3.561859e+01 3.598887e+01 9.453708e+00 24536
0.602662 3.613806e+01 3.622499e+01 9.540601e+00 24927
0.603159 4.043930e+01 4.070679e+01 1.072136e+01 27931
0.603652 3.378935e+01 3.391744e+01 8.954989e+00 23369
0.604143 3.490690e+01 3.538077e+01 9.345946e+00 24174
0.604624 3.677133e+01 3.710939e+01 9.803994e+00 25499
0.605094 3.399780e+01 3.433177e+01 9.101438e+00 23607
0.605589 3.543128e+01 3.585715e+01 9.514991e+00 24635
0.606078 3.173892e+01 3.215578e+01 8.566966e+00 22097
0.606566 3.568754e+01 3.598764e+01 9.607118e+00 24879
0.607043 3.247012e+01 3.310982e+01 8.836822e+00 22666
0.607539 3.439723e+01 3.456075e+01 9.222322e+00 24043
0.608029 3.063987e+01 3.087660e+01 8.305760e+00 21445
0.608510 3.128576e+01 3.179546e+01 8.500681e+00 21926
0.608997 3.645429e+01 3.645928e+01 9.774359e+00 25582
0.609484 3.183661e+01 3.194089e+01 8.552674e+00 22371
0.609982 3.073585e+01 3.093259e+01 8.450835e+00 21626
0.610473 3.172018e+01 3.200291e+01 8.884399e+00 22348
0.610947 3.405845e+01 3.471011e+01 9.635963e+00 24027
0.611452 3.336815e+01 3.358542e+01 9.357808e+00 23571
0.611948 3.083181e+01 3.097428e+01 8.662890e+00 21808
0.612422 3.330033e+01 3.349967e+01 9.332959e+00 23585
0.612910 3.382349e+01 3.415600e+01 9.495742e+00 23987
0.613414 3.231741e+01 3.273285e+01 9.105069e+00 22949
0.613901 3.217943e+01 3.272150e+01 9.106511e+00 22881
0.614371 3.142239e+01 3.195510e+01 8.911982e+00 22372
0.614865 3.208402e+01 3.210999e+01 8.969760e+00 22873
0.615353 3.552183e+01 3.577161e+01 1.000988e+01 25357
0.615855 3.196522e+01 3.229111e+01 9.037697e+00 22848
0.616331 3.144004e+01 3.157411e+01 8.841095e+00 22502
0.616832 3.075713e+01 3.117810e+01 8.734180e+00 22042
0.617318 3.319896e+01 3.382986e+01 9.440006e+00 23823
0.617814 3.290517e+01 3.316130e+01 9.323667e+00 23643
0.618307 3.041324e+01 3.107989e+01 8.695024e+00 21881
0.618795 3.129537e+01 3.173702e+01 8.888146e+00 22545
0.619289 3.204764e+01 3.240304e+01 9.090586e+00 23117
0.619785 2.991119e+01 3.028874e+01 8.529499e+00 21604
0.620274 3.434268e+01 3.455138e+01 1.011416e+01 24837
0.620757 3.196846e+01 3.247574e+01 9.542927e+00 23150
0.621252 3.154221e+01 3.211468e+01 9.397776e+00 22871
0.621736 2.849731e+01 2.896152e+01 8.503896e+00 20690
0.622245 3.114961e+01 3.145411e+01 9.241918e+00 22645
0.622720 3.209428e+01 3.240089e+01 9.561057e+00 23362
0.623234 3.046259e+01 3.081254e+01 9.124027e+00 22203
0.623709 3.150156e+01 3.169905e+01 9.353344e+00 22990
0.624207 2.866509e+01 2.922249e+01 8.644396e+00 20947
0.624693 2.601222e+01 2.609935e+01 7.752577e+00 19033
0.625184 2.868120e+01 2.929605e+01 8.676225e+00 21013
0.625688 2.904634e+01 2.907995e+01 8.678572e+00 21308
0.626179 2.859775e+01 2.893235e+01 8.611053e+00 21006
0.626663 2.904086e+01 2.908622e+01 8.690680e+00 21359
0.627151 2.950047e+01 2.969948e+01 8.867245e+00 21725
0.627663 2.753541e+01 2.758986e+01 8.258560e+00 20304
0.628150 2.649232e+01 2.677404e+01 8.017079e+00 19560
0.628625 2.821405e+01 2.874072e+01 8.611691e+00 20858
0.629141 2.691875e+01 2.705165e+01 8.184169e+00 19926
0.629629 2.642278e+01 2.647489e+01 7.960740e+00 19584
0.630135 2.797891e+01 2.801923e+01 8.935380e+00 20764
0.630621 2.519369e+01 2.557428e+01 8.258124e+00 18721
0.631113 2.691402e+01 2.703423e+01 8.772856e+00 20025
0.631609 2.463659e+01 2.505828e+01 8.110336e+00 18354
0.632121 2.341597e+01 2.341806e+01 7.660916e+00 17467
0.632593 2.476641e+01 2.496394e+01 8.120191e+00 18498
0.633100 2.621768e+01 2.631704e+01 8.577255e+00 19607
0.633581 2.511184e+01 2.526620e+01 8.272362e+00 18804
0.634087 2.730182e+01 2.752796e+01 9.006788e+00 20470
0.634574 2.355459e+01 2.371861e+01 7.734440e+00 17683
0.635070 2.484162e+01 2.551200e+01 8.287972e+00 18673
0.635560 2.999573e+01 3.045798e+01 9.948885e+00 22576
0.636073 2.244694e+01 2.267493e+01 7.426070e+00 16916
0.636566 2.362041e+01 2.386352e+01 7.805206e+00 17823
0.637085 2.653670e+01 2.681749e+01 8.766704e+00 20049
0.637545 2.617516e+01 2.620507e+01 8.586870e+00 19801
0.638062 2.383813e+01 2.421643e+01 7.968563e+00 18056
0.638559 2.341363e+01 2.355885e+01 7.723110e+00 17757
0.639057 2.407663e+01 2.446003e+01 8.024928e+00 18283
0.639532 2.481421e+01 2.525432e+01 8.314276e+00 18867
0.640048 2.684244e+01 2.715841e+01 9.198079e+00 20435
0.640536 2.482490e+01 2.526755e+01 8.749616e+00 18923
0.641033 2.325529e+01 2.346205e+01 8.146144e+00 17749
0.641534 2.385271e+01 2.434562e+01 8.441991e+00 18228
0.642033 2.370103e+01 2.410825e+01 8.349872e+00 18135
0.642520 2.345575e+01 2.407870e+01 8.342273e+00 17970
0.643018 2.160760e+01 2.178917e+01 7.575823e+00 16575
0.643523 2.497203e+01 2.555329e+01 8.816137e+00 19180
0.644030 2.157268e+01 2.186453e+01 7.629604e+00 16590
0.644519 2.105071e+01 2.143674e+01 7.443286e+00 16209
0.645023 2.138351e+01 2.193663e+01 7.628388e+00 16486
0.645517 2.258988e+01 2.286536e+01 7.995567e+00 17438
0.646008 2.200903e+01 2.208457e+01 7.719040e+00 17011
0.646515 2.183537e+01 2.208480e+01 7.744211e+00 16898
0.646997 2.159761e+01 2.182834e+01 7.601651e+00 16735
0.647534 2.003151e+01 2.040123e+01 7.116112e+00 15541
0.648003 2.116629e+01 2.154741e+01 7.564775e+00 16442
0.648509 2.141748e+01 2.176500e+01 7.619590e+00 16658
0.649017 2.196852e+01 2.219740e+01 7.770294e+00 17108
0.649513 2.397636e+01 2.433441e+01 8.529522e+00 18695
0.650003 2.331874e+01 2.334005e+01 8.320358e+00 18205
0.650534 2.035873e+01 2.043439e+01 7.348561e+00 15914
0.651010 2.097982e+01 2.136268e+01 7.676174e+00 16420
0.651505 2.137475e+01 2.157652e+01 7.818642e+00 16750
0.652019 2.235496e+01 2.289168e+01 8.236020e+00 17540
0.652524 1.791259e+01 1.819314e+01 6.573229e+00 14072
0.653020 2.299343e+01 2.340897e+01 8.431477e+00 18086
0.653526 2.258514e+01 2.275310e+01 8.222753e+00 17787
0.654031 2.160972e+01 2.199617e+01 7.953511e+00 17040
0.654528 2.065823e+01 2.099325e+01 7.587335e+00 16310
0.655008 2.119929e+01 2.170890e+01 7.857820e+00 16758
0.655520 2.085584e+01 2.096607e+01 7.551040e+00 16507
0.656040 2.091071e+01 2.108536e+01 7.621390e+00 16571
0.656534 2.224340e+01 2.245106e+01 8.122652e+00 17649
0.657020 1.985943e+01 2.036845e+01 7.365735e+00 15777
0.657534 1.942247e+01 1.948123e+01 7.089048e+00 15449
0.658028 2.161714e+01 2.175476e+01 7.857746e+00 17216
0.658538 2.035637e+01 2.076580e+01 7.562172e+00 16232
0.659045 2.180043e+01 2.213949e+01 8.052740e+00 17405
0.659556 2.113674e+01 2.165419e+01 7.833609e+00 16896
0.660043 1.927895e+01 1.937166e+01 7.253532e+00 15430
0.660542 2.047560e+01 2.095804e+01 7.946303e+00 16408
0.661053 1.757623e+01 1.782587e+01 6.781853e+00 14102
0.661570 2.026455e+01 2.087016e+01 7.894537e+00 16279
0.662066 1.968881e+01 1.993060e+01 7.551362e+00 15836
0.662560 2.051269e+01 2.098614e+01 7.988793e+00 16519
0.663067 1.877717e+01 1.908884e+01 7.256606e+00 15140
0.663585 1.831805e+01 1.862884e+01 7.116688e+00 14788
0.664078 2.012411e+01 2.025016e+01 7.698697e+00 16266
0.664576 1.935181e+01 1.965968e+01 7.425073e+00 15661
0.665091 2.001918e+01 2.041063e+01 7.724248e+00 16221
0.665586 2.250428e+01 2.300297e+01 8.795461e+00 18257
0.666099 1.864050e+01 1.890212e+01 7.227293e+00 15141
0.666608 1.803236e+01 1.883916e+01 7.159866e+00 14665
0.667127 1.994456e+01 2.016334e+01 7.676936e+00 16240
0.667626 2.050770e+01 2.097051e+01 8.027922e+00 16719
0.668121 1.748233e+01 1.786857e+01 6.761401e+00 14270
0.668631 1.945912e+01 1.986797e+01 7.605556e+00 15903
0.669132 1.892940e+01 1.908359e+01 7.289701e+00 15489
0.669638 1.728652e+01 1.774377e+01 6.757949e+00 14162
0.670142 1.730323e+01 1.762983e+01 6.898408e+00 14193
0.670639 1.943129e+01 1.989327e+01 7.986495e+00 15958
0.671162 1.882750e+01 1.926452e+01 7.733030e+00 15481
0.671666 1.753644e+01 1.765895e+01 7.048393e+00 14437
0.672175 1.816052e+01 1.833555e+01 7.342313e+00 14969
0.672685 1.768404e+01 1.785474e+01 7.135502e+00 14594
0.673178 1.796753e+01 1.849196e+01 7.483273e+00 14846
0.673682 1.818867e+01 1.834512e+01 7.347869e+00 15047
0.674202 1.884631e+01 1.930627e+01 7.766428e+00 15610
0.674712 1.845445e+01 1.857315e+01 7.508176e+00 15304
0.675210 1.564631e+01 1.582563e+01 6.398476e+00 12991
0.675701 1.500904e+01 1.541875e+01 6.211176e+00 12477
0.676218 1.610103e+01 1.634993e+01 6.668457e+00 13401
0.676748 1.680996e+01 1.736646e+01 6.991781e+00 14008
0.677237 1.765260e+01 1.817607e+01 7.414014e+00 14728
0.677761 1.633238e+01 1.672278e+01 6.817452e+00 13643
0.678234 1.620265e+01 1.653035e+01 6.693898e+00 13551
0.678768 1.561104e+01 1.568591e+01 6.355763e+00 13072
0.679281 1.617310e+01 1.650033e+01 6.624996e+00 13559
0.679775 1.479783e+01 1.489408e+01 6.068105e+00 12421
0.680294 1.596516e+01 1.664723e+01 6.886553e+00 13417
0.680793 1.596970e+01 1.599061e+01 6.605375e+00 13437
0.681303 1.623180e+01 1.674625e+01 6.895937e+00 13674
0.681831 1.567756e+01 1.610775e+01 6.597735e+00 13223
0.682339 1.527384e+01 1.561508e+01 6.471513e+00 12898
0.682854 1.706987e+01 1.707249e+01 7.130354e+00 14432
0.683340 1.680720e+01 1.707733e+01 7.087559e+00 14227
0.683866 1.822184e+01 1.877073e+01 7.712619e+00 15443
0.684394 1.579225e+01 1.649840e+01 6.861387e+00 13400
0.684892 1.633363e+01 1.638108e+01 6.817741e+00 13876
0.685399 1.644339e+01 1.679246e+01 6.968213e+00 13986
0.685926 1.619941e+01 1.631932e+01 6.740291e+00 13795
0.686412 1.780565e+01 1.783055e+01 7.412665e+00 15181
0.686923 1.572957e+01 1.607278e+01 6.745091e+00 13427
0.687458 1.564290e+01 1.613620e+01 6.604167e+00 13369
0.687954 1.502351e+01 1.548565e+01 6.486493e+00 12855
0.688477 1.611334e+01 1.615657e+01 6.735212e+00 13804
0.688983 1.517189e+01 1.562088e+01 6.406400e+00 13013
0.689492 1.411971e+01 1.462957e+01 6.050454e+00 12125
0.689997 1.481705e+01 1.507514e+01 6.399635e+00 12739
0.690512 1.425919e+01 1.447740e+01 6.263309e+00 12274
0.691029 1.629490e+01 1.641853e+01 7.143361e+00 14043
0.691541 1.267573e+01 1.305726e+01 5.636694e+00 10937
0.692058 1.489714e+01 1.516523e+01 6.586256e+00 12869
0.692573 1.519394e+01 1.542006e+01 6.664373e+00 13141
0.693062 1.590115e+01 1.608781e+01 6.909639e+00 13769
0.693589 1.720878e+01 1.781070e+01 7.741108e+00 14919
0.694096 1.502240e+01 1.559110e+01 6.731701e+00 13039
0.694631 1.355465e+01 1.369701e+01 6.007567e+00 11779
0.695117 1.652125e+01 1.711430e+01 7.409709e+00 14374
0.695646 1.429289e+01 1.458899e+01 6.315527e+00 12450
0.696150 1.345497e+01 1.372259e+01 6.001992e+00 11734
0.696654 1.669289e+01 1.712666e+01 7.378977e+00 14575
0.697193 1.398601e+01 1.419173e+01 6.181127e+00 12226
0.697712 1.354673e+01 1.371137e+01 5.949537e+00 11856
0.698226 1.146620e+01 1.179593e+01 5.131680e+00 10047
0.698725 1.336089e+01 1.368478e+01 5.977991e+00 11721
0.699242 1.441994e+01 1.452874e+01 6.345187e+00 12665
0.699769 1.241167e+01 1.256058e+01 5.501562e+00 10914
0.700276 1.279916e+01 1.302856e+01 6.037109e+00 11268
0.700797 1.393680e+01 1.401707e+01 6.380513e+00 12284
0.701285 1.254469e+01 1.290785e+01 5.890098e+00 11070
0.701809 1.490123e+01 1.518362e+01 6.953223e+00 13165
0.702354 1.222128e+01 1.245257e+01 5.713820e+00 10810
0.702845 1.312725e+01 1.374953e+01 6.344462e+00 11625
0.703372 1.362842e+01 1.382745e+01 6.384798e+00 12083
0.703897 1.368341e+01 1.401911e+01 6.481977e+00 12146
0.704402 1.239133e+01 1.242810e+01 5.775954e+00 11012
0.704912 1.139562e+01 1.141911e+01 5.321131e+00 10139
0.705426 1.330197e+01 1.355702e+01 6.258217e+00 11849
0.705960 1.353870e+01 1.376518e+01 6.323424e+00 12074
0.706476 1.290015e+01 1.299342e+01 5.996411e+00 11518
0.706982 1.308308e+01 1.326431e+01 6.100447e+00 11695
0.707522 1.370471e+01 1.438682e+01 6.550956e+00 12265
0.708007 1.148781e+01 1.160331e+01 5.341623e+00 10293
0.708545 1.208530e+01 1.244380e+01 5.769371e+00 10841
0.709061 1.218701e+01 1.240145e+01 5.728108e+00 10945
0.709574 1.198930e+01 1.230863e+01 5.734805e+00 10780
0.710085 1.004796e+01 1.019804e+01 4.782803e+00 9045
0.710635 1.265934e+01 1.267109e+01 6.111998e+00 11409
0.711138 1.286073e+01 1.346011e+01 6.367872e+00 11604
0.711647 1.404579e+01 1.430071e+01 6.804917e+00 12688
0.712166 1.223377e+01 1.263407e+01 6.042352e+00 11064
0.712686 1.257850e+01 1.308231e+01 6.210656e+00 11389
0.713192 1.170344e+01 1.210883e+01 5.747663e+00 10609
0.713733 1.294491e+01 1.300342e+01 6.185907e+00 11748
0.714251 9.869125e+00 1.011157e+01 4.826397e+00 8967
0.714769 9.652118e+00 1.011039e+01 4.795962e+00 8780
0.715291 1.199408e+01 1.205557e+01 5.748234e+00 10923
0.715795 1.170271e+01 1.203848e+01 5.714149e+00 10670
0.716324 1.199921e+01 1.247244e+01 5.951058e+00 10953
0.716849 1.159032e+01 1.182372e+01 5.644992e+00 10592
0.717377 1.041946e+01 1.090612e+01 5.177127e+00 9533
0.717873 1.205484e+01 1.243180e+01 5.906825e+00 11042
0.718409 1.153060e+01 1.153672e+01 5.539183e+00 10574
0.718915 1.171554e+01 1.188457e+01 5.666511e+00 10756
0.719439 1.092632e+01 1.119031e+01 5.303684e+00 10043
0.719953 1.138863e+01 1.172214e+01 5.687457e+00 10480
0.720492 1.181513e+01 1.190803e+01 5.883284e+00 10885
0.721015 1.230677e+01 1.285416e+01 6.256255e+00 11351
0.721539 1.023176e+01 1.053583e+01 5.146954e+00 9448
0.722051 1.160675e+01 1.166087e+01 5.813609e+00 10730
0.722579 1.148754e+01 1.183273e+01 5.893145e+00 10632
0.723114 1.169559e+01 1.198093e+01 5.985210e+00 10837
0.723623 1.145149e+01 1.160626e+01 5.746037e+00 10623
0.724151 9.284850e+00 9.513051e+00 4.767861e+00 8623
0.724644 1.108539e+01 1.109408e+01 5.533009e+00 10307
0.725184 8.267725e+00 8.586236e+00 4.271356e+00 7696
0.725725 1.144310e+01 1.170698e+01 5.904386e+00 10664
0.726218 1.043964e+01 1.077723e+01 5.307278e+00 9740
0.726763 9.739305e+00 1.011412e+01 4.999680e+00 9097
0.727292 8.612811e+00 8.802636e+00 4.376221e+00 8054
0.727821 1.028960e+01 1.034992e+01 5.126380e+00 9633
0.728365 1.021384e+01 1.037148e+01 5.181641e+00 9573
0.728879 1.051339e+01 1.066224e+01 5.250888e+00 9865
0.729376 9.831824e+00 1.027742e+01 5.083844e+00 9236
0.729900 1.028103e+01 1.054463e+01 5.211663e+00 9669
0.730403 9.879538e+00 1.022754e+01 5.121706e+00 9302
0.730981 1.151584e+01 1.206813e+01 6.049473e+00 10855
0.731482 1.000013e+01 1.026342e+01 5.111009e+00 9437
0.731980 9.231955e+00 9.454773e+00 4.766339e+00 8722
0.732529 9.470982e+00 9.895626e+00 4.989387e+00 8958
0.733053 1.129989e+01 1.171346e+01 5.908608e+00 10700
0.733578 9.879878e+00 9.987856e+00 5.011054e+00 9366
0.734087 1.010996e+01 1.043154e+01 5.293632e+00 9595
0.734611 1.038899e+01 1.089585e+01 5.491433e+00 9871
0.735156 9.052601e+00 9.273145e+00 4.631508e+00 8611
0.735687 7.920852e+00 8.114379e+00 4.045822e+00 7543
0.736215 8.330402e+00 8.642066e+00 4.373792e+00 7942
0.736730 9.487092e+00 9.753100e+00 4.901200e+00 9055
0.737265 1.096663e+01 1.128302e+01 5.633818e+00 10479
0.737777 1.171003e+01 1.180505e+01 5.930585e+00 11202
0.738313 9.962445e+00 1.003352e+01 5.036404e+00 9541
0.738829 1.009722e+01 1.021144e+01 5.183831e+00 9681
0.739332 8.724180e+00 8.787353e+00 4.417634e+00 8374
0.739907 1.053963e+01 1.053957e+01 5.341312e+00 10128
0.740407 9.245055e+00 9.218045e+00 4.776720e+00 8894
0.740950 1.013797e+01 1.028318e+01 5.329674e+00 9764
0.741485 1.045637e+01 1.064229e+01 5.491154e+00 10082
0.741983 9.157940e+00 9.382238e+00 4.825473e+00 8840
0.742547 1.006034e+01 1.029725e+01 5.370044e+00 9722
0.743059 8.398320e+00 8.599681e+00 4.409196e+00 8125
0.743587 8.598484e+00 9.121282e+00 4.688225e+00 8328
0.744108 9.482991e+00 9.647739e+00 4.980871e+00 9195
0.744640 8.165079e+00 8.221927e+00 4.265667e+00 7926
0.745170 8.666316e+00 8.748574e+00 4.540662e+00 8422
0.745699 9.561122e+00 9.828685e+00 5.051719e+00 9302
0.746238 1.016336e+01 1.054556e+01 5.436118e+00 9899
0.746763 8.949011e+00 8.985654e+00 4.624627e+00 8726
0.747285 9.844583e+00 1.018619e+01 5.281554e+00 9610
0.747799 9.413018e+00 9.872314e+00 5.078005e+00 9199
0.748357 8.280213e+00 8.516375e+00 4.403605e+00 8101
0.748869 9.142887e+00 9.269877e+00 4.732633e+00 8955
0.749392 7.835446e+00 7.866724e+00 4.021115e+00 7683
0.749945 8.462380e+00 8.647946e+00 4.535441e+00 8307
0.750472 8.651374e+00 8.810457e+00 4.749076e+00 8502
0.750985 9.160120e+00 9.328652e+00 5.020159e+00 9012
0.751535 8.760045e+00 8.910087e+00 4.833803e+00 8628
0.752079 7.883179e+00 8.078336e+00 4.289225e+00 7773
0.752607 8.531879e+00 8.923610e+00 4.727832e+00 8422
0.753131 8.750079e+00 9.097763e+00 4.847719e+00 8647
0.753661 7.789199e+00 7.936631e+00 4.268908e+00 7706
0.754188 8.280340e+00 8.366805e+00 4.448163e+00 8201
0.754719 8.239887e+00 8.355869e+00 4.484988e+00 8170
0.755248 8.070567e+00 8.269107e+00 4.422621e+00 8011
0.755770 8.429935e+00 9.023176e+00 4.800745e+00 8377
0.756304 8.658830e+00 8.976613e+00 4.823129e+00 8614
0.756851 7.530686e+00 7.627224e+00 4.069779e+00 7500
0.757393 6.992779e+00 7.187081e+00 3.818083e+00 6972
0.757927 9.265304e+00 9.487255e+00 5.023012e+00 9248
0.758443 9.460220e+00 9.735328e+00 5.189038e+00 9453
0.758985 7.319498e+00 7.659532e+00 4.088247e+00 7322
0.759532 7.962474e+00 8.244789e+00 4.396268e+00 7974
0.760067 8.298806e+00 8.658432e+00 4.748085e+00 8320
0.760582 7.266400e+00 7.647849e+00 4.270620e+00 7293
0.761131 8.459662e+00 8.906528e+00 4.991197e+00 8500
0.761645 7.132089e+00 7.426394e+00 4.157580e+00 7174
0.762201 7.364558e+00 7.643059e+00 4.324515e+00 7416
0.762714 7.498305e+00 7.628103e+00 4.280673e+00 7559
0.763227 6.620066e+00 6.789766e+00 3.803584e+00 6681
0.763801 6.694942e+00 7.005331e+00 3.886747e+00 6764
0.764317 6.735044e+00 6.736331e+00 3.781925e+00 6812
0.764853 7.579963e+00 7.846336e+00 4.455887e+00 7675
0.765403 8.843286e+00 9.247582e+00 5.198514e+00 8964
0.765928 7.290370e+00 7.255196e+00 4.054910e+00 7398
0.766478 7.363096e+00 7.628122e+00 4.276820e+00 7480
0.767018 7.806360e+00 8.234995e+00 4.669007e+00 7939
0.767553 5.277446e+00 5.443211e+00 3.076534e+00 5373
0.768054 7.714712e+00 7.986359e+00 4.458814e+00 7863
0.768603 7.350509e+00 7.623966e+00 4.283943e+00 7500
0.769137 6.729621e+00 7.030284e+00 3.934203e+00 6874
0.769678 7.091924e+00 7.300228e+00 4.081485e+00 7252
0.770208 6.711020e+00 6.873832e+00 4.007436e+00 6870
0.770753 6.613922e+00 6.752320e+00 3.968518e+00 6778
0.771279 7.288043e+00 7.492967e+00 4.431379e+00 7477
0.771821 6.477797e+00 6.800224e+00 3.986080e+00 6653
0.772360 7.467658e+00 7.504681e+00 4.428375e+00 7678
0.772898 6.730866e+00 7.029699e+00 4.174106e+00 6928
0.773440 6.076224e+00 6.235783e+00 3.672863e+00 6261
0.773975 6.442846e+00 6.764068e+00 3.976807e+00 6646
0.774515 5.540091e+00 5.633288e+00 3.298439e+00 5721
0.775079 6.318572e+00 6.405768e+00 3.752225e+00 6532
0.775620 5.926165e+00 6.150061e+00 3.584328e+00 6133
0.776131 6.061621e+00 6.109013e+00 3.579386e+00 6280
0.776665 6.367438e+00 6.436193e+00 3.782888e+00 6604
0.777238 6.533898e+00 6.718102e+00 3.981395e+00 6784
0.777713 5.736941e+00 5.984804e+00 3.480668e+00 5963
0.778300 6.193952e+00 6.462077e+00 3.760919e+00 6445
0.778813 6.269807e+00 6.350909e+00 3.738667e+00 6531
0.779368 6.407828e+00 6.667799e+00 3.905459e+00 6682
0.779917 6.412394e+00 6.709774e+00 3.941675e+00 6694
0.780459 5.667696e+00 5.832934e+00 3.487687e+00 5923
0.780967 6.693905e+00 6.896931e+00 4.106159e+00 7003
0.781511 6.211172e+00 6.514027e+00 3.877285e+00 6505
0.782082 5.415677e+00 5.532341e+00 3.284314e+00 5678
0.782585 6.172054e+00 6.272354e+00 3.788431e+00 6478
0.783132 5.660025e+00 5.720692e+00 3.408640e+00 5947
0.783708 6.389784e+00 6.590202e+00 3.906684e+00 6721
0.784215 5.967887e+00 6.090361e+00 3.623172e+00 6284
0.784772 5.507050e+00 5.541096e+00 3.302437e+00 5805
0.785326 6.859113e+00 7.066726e+00 4.210726e+00 7238
0.785847 5.838841e+00 5.924715e+00 3.552180e+00 6168
0.786410 5.854317e+00 5.917981e+00 3.569861e+00 6191
0.786947 5.682725e+00 5.926072e+00 3.530386e+00 6016
0.787474 7.050490e+00 7.055189e+00 4.226674e+00 7472
0.788042 5.205846e+00 5.368465e+00 3.198777e+00 5523
0.788548 6.232221e+00 6.341047e+00 3.758532e+00 6619
0.789120 5.219147e+00 5.497191e+00 3.268508e+00 5549
0.789677 6.215117e+00 6.263729e+00 3.725546e+00 6615
0.790214 5.884667e+00 6.186263e+00 3.758742e+00 6270
0.790756 5.520231e+00 5.692415e+00 3.421012e+00 5888
0.791289 5.852418e+00 5.879972e+00 3.579033e+00 6249
0.791816 5.554277e+00 5.493092e+00 3.304925e+00 5937
0.792381 6.309057e+00 6.544796e+00 3.970773e+00 6751
0.792925 5.268894e+00 5.422154e+00 3.316614e+00 5644
0.793443 5.290316e+00 5.588960e+00 3.397372e+00 5673
0.793978 5.872482e+00 5.897739e+00 3.575868e+00 6304
0.794538 5.899723e+00 5.888946e+00 3.567696e+00 6340
0.795085 5.829298e+00 5.858094e+00 3.530427e+00 6271
0.795618 6.208450e+00 6.372981e+00 3.832483e+00 6686
0.796152 6.344691e+00 6.360205e+00 3.840232e+00 6840
0.796721 5.596664e+00 5.586747e+00 3.392986e+00 6040
0.797290 4.892801e+00 5.171655e+00 3.129224e+00 5286
0.797819 5.799289e+00 6.050443e+00 3.659543e+00 6272
0.798340 5.846703e+00 6.058721e+00 3.668323e+00 6330
0.798925 5.065455e+00 5.275286e+00 3.174784e+00 5490
0.799465 4.919985e+00 5.049871e+00 3.045227e+00 5338
0.799980 4.891751e+00 4.997223e+00 3.086664e+00 5313
0.800548 4.626282e+00 4.763227e+00 2.999213e+00 5030
0.801079 5.519933e+00 5.620847e+00 3.540319e+00 6008
0.801634 5.223150e+00 5.279266e+00 3.350434e+00 5691
0.802162 4.634527e+00 4.760071e+00 2.993877e+00 5055
0.802703 5.163568e+00 5.159723e+00 3.253784e+00 5638
0.803274 5.065707e+00 5.298733e+00 3.331397e+00 5537
0.803827 4.430668e+00 4.476027e+00 2.829641e+00 4848
0.804345 4.130194e+00 4.437332e+00 2.786928e+00 4524
0.804902 5.687160e+00 5.758435e+00 3.620758e+00 6236
0.805447 4.024005e+00 4.060708e+00 2.556638e+00 4417
0.806013 6.195733e+00 6.294913e+00 3.952053e+00 6808
0.806563 5.498284e+00 5.565995e+00 3.525954e+00 6048
0.807137 4.962134e+00 5.206264e+00 3.282569e+00 5464
0.807654 5.318883e+00 5.371051e+00 3.395623e+00 5863
0.808216 4.970730e+00 5.020785e+00 3.168432e+00 5485
0.808757 5.734093e+00 5.944071e+00 3.758834e+00 6334
0.809327 5.274092e+00 5.231287e+00 3.322201e+00 5832
0.809860 5.078842e+00 5.090148e+00 3.248387e+00 5622
0.810401 5.602340e+00 5.864152e+00 3.803580e+00 6208
0.810962 4.030571e+00 3.965287e+00 2.574583e+00 4471
0.811485 4.048859e+00 4.133924e+00 2.693295e+00 4496
0.812036 5.510968e+00 5.578337e+00 3.606965e+00 6126
0.812591 4.407033e+00 4.632587e+00 3.010361e+00 4904
0.813140 4.825245e+00 4.888815e+00 3.152802e+00 5375
0.813674 5.149315e+00 5.226326e+00 3.406210e+00 5742
0.814223 4.557153e+00 4.593402e+00 2.987548e+00 5087
0.814799 4.611453e+00 4.779708e+00 3.106847e+00 5153
0.815360 4.333975e+00 4.504335e+00 2.922761e+00 4848
0.815902 4.253541e+00 4.225263e+00 2.742879e+00 4763
0.816453 4.517626e+00 4.543022e+00 2.927890e+00 5064
0.816997 4.544105e+00 4.571936e+00 2.965361e+00 5099
0.817549 4.225111e+00 4.285934e+00 2.794201e+00 4746
0.818094 4.796987e+00 5.062160e+00 3.277831e+00 5394
0.818628 3.948907e+00 4.158238e+00 2.707267e+00 4445
0.819218 4.549162e+00 4.691499e+00 3.039041e+00 5126
0.819761 4.563933e+00 4.643557e+00 3.046064e+00 5148
0.820316 3.944565e+00 3.943403e+00 2.694908e+00 4454
0.820842 4.259844e+00 4.393656e+00 3.008174e+00 4815
0.821444 3.902789e+00 3.942479e+00 2.738103e+00 4416
0.821992 3.298388e+00 3.317523e+00 2.281118e+00 3736
0.822533 3.772101e+00 3.990489e+00 2.757116e+00 4277
0.823083 3.732948e+00 3.774268e+00 2.595396e+00 4237
0.823618 3.333023e+00 3.545736e+00 2.429249e+00 3787
0.824160 3.816653e+00 3.908774e+00 2.677929e+00 4341
0.824722 3.731897e+00 3.848496e+00 2.639712e+00 4249
0.825280 4.171117e+00 4.370179e+00 2.989518e+00 4754
0.825817 3.958199e+00 4.114040e+00 2.834114e+00 4516
0.826413 3.947978e+00 4.091462e+00 2.793612e+00 4509
0.826980 3.906287e+00 4.334907e+00 2.968656e+00 4466
0.827535 3.538765e+00 3.571271e+00 2.444047e+00 4050
0.828033 3.831887e+00 4.173066e+00 2.870168e+00 4390
0.828603 4.033717e+00 4.269817e+00 2.932469e+00 4626
0.829136 3.305701e+00 3.351896e+00 2.305167e+00 3795
0.829708 3.237901e+00 3.289547e+00 2.261245e+00 3721
0.830276 3.987356e+00 4.101031e+00 2.848274e+00 4587
0.830809 3.513458e+00 3.638413e+00 2.525779e+00 4046
0.831408 3.386660e+00 3.537976e+00 2.466471e+00 3904
0.831956 3.912664e+00 4.057488e+00 2.824751e+00 4515
0.832513 3.568421e+00 3.613539e+00 2.520821e+00 4122
0.833049 3.765391e+00 3.811859e+00 2.647941e+00 4354
0.833642 4.696289e+00 4.835709e+00 3.367335e+00 5436
0.834191 3.082768e+00 3.131512e+00 2.179766e+00 3572
0.834726 3.881406e+00 3.902112e+00 2.715049e+00 4502
0.835265 3.077309e+00 3.040254e+00 2.105815e+00 3573
0.835855 3.777089e+00 3.834912e+00 2.669262e+00 4390
0.836388 2.982477e+00 3.030144e+00 2.102643e+00 3470
0.836925 3.555560e+00 3.570752e+00 2.478623e+00 4141
0.837512 3.540771e+00 3.703502e+00 2.581290e+00 4128
0.838092 4.765897e+00 4.776704e+00 3.319268e+00 5562
0.838634 3.889626e+00 4.038367e+00 2.812693e+00 4544
0.839196 3.322130e+00 3.468621e+00 2.410411e+00 3885
0.839737 3.175224e+00 3.165940e+00 2.217478e+00 3717
0.840292 2.845142e+00 2.960622e+00 2.104424e+00 3334
0.840895 3.273605e+00 3.400606e+00 2.412215e+00 3840
0.841413 3.602403e+00 3.730586e+00 2.652412e+00 4230
0.841960 3.475371e+00 3.576057e+00 2.530400e+00 4085
0.842585 3.796492e+00 3.999042e+00 2.845718e+00 4467
0.843110 2.976707e+00 3.025987e+00 2.146223e+00 3506
0.843632 3.262903e+00 3.380369e+00 2.399306e+00 3847
0.844200 4.091639e+00 4.168750e+00 2.961497e+00 4829
0.844765 3.638018e+00 3.714006e+00 2.624755e+00 4298
0.845370 3.276639e+00 3.265802e+00 2.326682e+00 3875
0.845909 3.831675e+00 4.118080e+00 2.927544e+00 4536
0.846482 3.400789e+00 3.423065e+00 2.423442e+00 4030
0.847036 3.265829e+00 3.263965e+00 2.314100e+00 3874
0.847602 3.187566e+00 3.254522e+00 2.311950e+00 3785
0.848138 3.562922e+00 3.628014e+00 2.570659e+00 4235
0.848705 3.895493e+00 3.955197e+00 2.808571e+00 4635
0.849265 3.390308e+00 3.424544e+00 2.433318e+00 4038
0.849809 2.898724e+00 2.854561e+00 2.042522e+00 3456
0.850413 2.477679e+00 2.560651e+00 1.889811e+00 2957
0.850915 2.958155e+00 2.960400e+00 2.188798e+00 3534
0.851535 3.093977e+00 3.197976e+00 2.363823e+00 3700
0.852085 3.210310e+00 3.430042e+00 2.534141e+00 3843
0.852665 3.019302e+00 3.038272e+00 2.240602e+00 3618
0.853147 2.990412e+00 3.058926e+00 2.266932e+00 3587
0.853791 2.661756e+00 2.847127e+00 2.104676e+00 3196
0.854325 2.631618e+00 2.664801e+00 1.963115e+00 3163
0.854899 2.801849e+00 3.032659e+00 2.240258e+00 3371
0.855420 2.929389e+00 3.120611e+00 2.304616e+00 3528
0.855999 2.354922e+00 2.455335e+00 1.825050e+00 2839
0.856599 3.077627e+00 3.082844e+00 2.278235e+00 3714
0.857159 2.995063e+00 2.952008e+00 2.182043e+00 3618
0.857700 3.162413e+00 3.357813e+00 2.477417e+00 3824
0.858272 3.278204e+00 3.338635e+00 2.472294e+00 3968
0.858863 2.939004e+00 2.985168e+00 2.215462e+00 3561
0.859405 3.025102e+00 3.111243e+00 2.297864e+00 3669
0.859987 2.288996e+00 2.397542e+00 1.779073e+00 2779
0.860534 3.298808e+00 3.288616e+00 2.469754e+00 4009
0.861086 3.233852e+00 3.311851e+00 2.482077e+00 3934
0.861667 3.011353e+00 3.053897e+00 2.284834e+00 3667
0.862241 2.761404e+00 2.806924e+00 2.097601e+00 3366
0.862809 2.964352e+00 2.953631e+00 2.209760e+00 3617
0.863390 3.065368e+00 3.066437e+00 2.306047e+00 3744
0.863961 2.534745e+00 2.566769e+00 1.918875e+00 3099
0.864463 2.671121e+00 2.771868e+00 2.078659e+00 3269
0.865068 3.555763e+00 3.591134e+00 2.692843e+00 4356
0.865641 2.891679e+00 2.875990e+00 2.155211e+00 3546
0.866183 2.799182e+00 2.944554e+00 2.198765e+00 3436
0.866745 2.314592e+00 2.323927e+00 1.744583e+00 2844
0.867318 2.422047e+00 2.448424e+00 1.837956e+00 2979
0.867878 2.668990e+00 2.712665e+00 2.025608e+00 3286
0.868465 2.309307e+00 2.336881e+00 1.745001e+00 2846
0.869025 2.501558e+00 2.610523e+00 1.955367e+00 3086
0.869602 2.663462e+00 2.602871e+00 1.946436e+00 3289
0.870191 2.380899e+00 2.333722e+00 1.789900e+00 2943
0.870723 2.432684e+00 2.636357e+00 2.040369e+00 3010
0.871296 2.362447e+00 2.378200e+00 1.839486e+00 2926
0.871917 2.824702e+00 2.969240e+00 2.291989e+00 3502
0.872457 2.408527e+00 2.546531e+00 1.963677e+00 2989
0.872993 2.592094e+00 2.586762e+00 1.997594e+00 3220
0.873583 2.075641e+00 2.165158e+00 1.678267e+00 2581
0.874120 2.513048e+00 2.573168e+00 1.986204e+00 3128
0.874671 2.912667e+00 3.153390e+00 2.433622e+00 3629
0.875284 2.302812e+00 2.438448e+00 1.883217e+00 2872
0.875835 2.238055e+00 2.277086e+00 1.758967e+00 2794
0.876444 2.232642e+00 2.231676e+00 1.727007e+00 2790
0.876983 1.630856e+00 1.636433e+00 1.263862e+00 2040
0.877546 2.439876e+00 2.485894e+00 1.916919e+00 3055
0.878165 2.852356e+00 2.921612e+00 2.255960e+00 3575
0.878669 2.240577e+00 2.184156e+00 1.692125e+00 2811
0.879280 2.047259e+00 2.062621e+00 1.593208e+00 2571
0.879822 2.507429e+00 2.678257e+00 2.071844e+00 3152
0.880444 2.589200e+00 2.570435e+00 2.017876e+00 3258
0.880976 2.473117e+00 2.421333e+00 1.896539e+00 3115
0.881545 2.629315e+00 2.783005e+00 2.187049e+00 3315
0.882093 2.493610e+00 2.635402e+00 2.067229e+00 3147
0.882702 1.806426e+00 1.913855e+00 1.507766e+00 2282
0.883260 1.946208e+00 1.953257e+00 1.532595e+00 2461
0.883841 2.569221e+00 2.575918e+00 2.021981e+00 3252
0.884438 2.735602e+00 2.856497e+00 2.239232e+00 3466
0.885011 2.514506e+00 2.522620e+00 1.982920e+00 3189
0.885593 1.892104e+00 1.946941e+00 1.527149e+00 2402
0.886162 2.305758e+00 2.393913e+00 1.877749e+00 2930
0.886724 2.222523e+00 2.294903e+00 1.799023e+00 2827
0.887273 2.056982e+00 2.160502e+00 1.692240e+00 2619
0.887860 1.807807e+00 2.011702e+00 1.575690e+00 2304
0.888438 2.177594e+00 2.199202e+00 1.724394e+00 2778
0.889021 1.704036e+00 1.725525e+00 1.352874e+00 2176
0.889545 2.313377e+00 2.318278e+00 1.818487e+00 2957
0.890218 1.899227e+00 2.061472e+00 1.672060e+00 2430
0.890785 1.741992e+00 1.738866e+00 1.417054e+00 2231
0.891313 1.697389e+00 1.768698e+00 1.442867e+00 2176
0.891920 2.352674e+00 2.518979e+00 2.060226e+00 3019
0.892457 1.755584e+00 1.900976e+00 1.545889e+00 2255
0.893039 1.945983e+00 2.000574e+00 1.628726e+00 2502
0.893593 2.299182e+00 2.409030e+00 1.959043e+00 2959
0.894198 2.021373e+00 2.063118e+00 1.677744e+00 2604
0.894747 1.447086e+00 1.456510e+00 1.189848e+00 1866
0.895367 1.616898e+00 1.680858e+00 1.366887e+00 2087
0.895930 2.302633e+00 2.326102e+00 1.893599e+00 2975
0.896537 1.526380e+00 1.478696e+00 1.202488e+00 1974
0.897047 1.477003e+00 1.583460e+00 1.287682e+00 1912
0.897622 2.131550e+00 2.095599e+00 1.706017e+00 2762
0.898224 1.887390e+00 1.861618e+00 1.515025e+00 2448
0.898755 1.828562e+00 1.795142e+00 1.461535e+00 2374
0.899361 1.957604e+00 1.934403e+00 1.573072e+00 2544
0.899995 1.569794e+00 1.580478e+00 1.305189e+00 2042
0.900536 1.874709e+00 1.887630e+00 1.576073e+00 2441
0.901091 1.513047e+00 1.455114e+00 1.215849e+00 1972
0.901710 1.346015e+00 1.309991e+00 1.092550e+00 1756
0.902269 1.803417e+00 1.866043e+00 1.557685e+00 2355
0.902836 1.516313e+00 1.647386e+00 1.373942e+00 1982
0.903453 1.620322e+00 1.617872e+00 1.352450e+00 2120
0.904013 1.377471e+00 1.356122e+00 1.135138e+00 1804
0.904597 1.527182e+00 1.462731e+00 1.219937e+00 2002
0.905142 1.706325e+00 1.755592e+00 1.464187e+00 2239
0.905711 1.742747e+00 1.868921e+00 1.558705e+00 2289
0.906350 1.665766e+00 1.656644e+00 1.383516e+00 2190
0.906906 1.877691e+00 1.886227e+00 1.576962e+00 2471
0.907498 1.831093e+00 1.883395e+00 1.575206e+00 2412
0.908087 1.614696e+00 1.685276e+00 1.405543e+00 2129
0.908620 1.462360e+00 1.533578e+00 1.281237e+00 1930
0.909254 1.219481e+00 1.216100e+00 1.016947e+00 1611
0.909775 1.730286e+00 1.720965e+00 1.449138e+00 2288
0.910365 1.496681e+00 1.609744e+00 1.391389e+00 1981
0.910943 1.265032e+00 1.299200e+00 1.126358e+00 1676
0.911510 1.180871e+00 1.225504e+00 1.059269e+00 1566
0.912158 1.349994e+00 1.348662e+00 1.169109e+00 1792
0.912693 1.545135e+00 1.565110e+00 1.352808e+00 2053
0.913280 1.308309e+00 1.371670e+00 1.188499e+00 1740
0.913893 1.383677e+00 1.379965e+00 1.193975e+00 1842
0.914451 1.141454e+00 1.138953e+00 9.858541e-01 1521
0.915046 1.054891e+00 1.091976e+00 9.446518e-01 1407
0.915590 1.175974e+00 1.163700e+00 1.006846e+00 1570
0.916219 1.057365e+00 1.041019e+00 9.013070e-01 1413
0.916791 1.086258e+00 1.110152e+00 9.613627e-01 1453
0.917371 1.023230e+00 1.047400e+00 9.053237e-01 1370
0.917958 1.439362e+00 1.442697e+00 1.247000e+00 1929
0.918565 1.609445e+00 1.657172e+00 1.434873e+00 2159
0.919091 1.326395e+00 1.336192e+00 1.154942e+00 1781
0.919644 1.238823e+00 1.263995e+00 1.092539e+00 1665
0.920246 1.133577e+00 1.180682e+00 1.031741e+00 1525
0.920833 1.295874e+00 1.329989e+00 1.166347e+00 1745
0.921444 1.334704e+00 1.377679e+00 1.204896e+00 1799
0.922038 1.229665e+00 1.265019e+00 1.105438e+00 1659
0.922570 1.035224e+00 1.088037e+00 9.527920e-01 1398
0.923180 1.467764e+00 1.475422e+00 1.289300e+00 1984
0.923781 1.339245e+00 1.331631e+00 1.165836e+00 1812
0.924364 9.060115e-01 9.529176e-01 8.343492e-01 1227
0.924988 1.761616e+00 1.789646e+00 1.563885e+00 2388
0.925616 1.228571e+00 1.235632e+00 1.080669e+00 1667
0.926153 8.725113e-01 8.431765e-01 7.368110e-01 1185
0.926705 1.207117e+00 1.257418e+00 1.099979e+00 1641
0.927286 1.232431e+00 1.298837e+00 1.137535e+00 1677
0.927858 1.117462e+00 1.167046e+00 1.019825e+00 1522
0.928466 1.229365e+00 1.195369e+00 1.048844e+00 1676
0.929102 7.276878e-01 7.015845e-01 6.130807e-01 993
0.929614 1.209470e+00 1.196483e+00 1.045548e+00 1652
0.930229 1.143961e+00 1.135495e+00 1.012137e+00 1564
0.930834 1.137035e+00 1.131880e+00 1.009842e+00 1556
0.931396 1.368118e+00 1.405985e+00 1.254263e+00 1874
0.932010 8.861763e-01 9.183961e-01 8.186790e-01 1215
0.932567 6.813114e-01 6.914098e-01 6.163383e-01 935
0.933204 1.472720e+00 1.506221e+00 1.343692e+00 2023
0.933847 1.133137e+00 1.126619e+00 1.005071e+00 1558
0.934304 8.748473e-01 8.935124e-01 7.964972e-01 1204
0.934934 7.680374e-01 7.663701e-01 6.831596e-01 1058
0.935608 7.760177e-01 7.935526e-01 7.073908e-01 1070
0.936144 9.136804e-01 8.768933e-01 7.843787e-01 1261
0.936757 1.166906e+00 1.146439e+00 1.022654e+00 1612
0.937360 1.296710e+00 1.294946e+00 1.155418e+00 1793
0.937906 8.496923e-01 8.844811e-01 7.899800e-01 1176
0.938507 1.066171e+00 1.039706e+00 9.280442e-01 1477
0.939069 5.329460e-01 5.986964e-01 5.336915e-01 739
0.939659 9.906813e-01 9.779435e-01 8.717610e-01 1375
0.940257 1.186983e+00 1.186473e+00 1.078529e+00 1649
0.940773 7.378434e-01 7.212474e-01 6.559735e-01 1026
0.941486 9.742481e-01 1.051334e+00 9.561866e-01 1356
0.942004 9.159122e-01 9.330016e-01 8.499026e-01 1276
0.942635 8.311512e-01 8.755291e-01 7.971207e-01 1159
0.943225 8.339561e-01 8.111218e-01 7.389882e-01 1164
0.943825 4.523776e-01 4.375797e-01 3.979781e-01 632
0.944347 5.456355e-01 5.194101e-01 4.737396e-01 763
0.944970 9.895142e-01 9.752608e-01 8.883346e-01 1385
0.945692 8.586819e-01 9.010327e-01 8.194879e-01 1203
0.946143 1.039726e+00 1.036805e+00 9.429724e-01 1458
0.946743 7.779983e-01 7.747766e-01 7.054841e-01 1092
0.947342 6.534219e-01 6.315598e-01 5.763714e-01 918
0.947937 5.916563e-01 6.277429e-01 5.709313e-01 832
0.948526 8.305313e-01 8.374533e-01 7.616625e-01 1169
0.949164 1.025663e+00 1.005009e+00 9.140542e-01 1445
0.949671 7.949473e-01 8.100554e-01 7.367442e-01 1121
0.950332 7.467397e-01 7.650304e-01 6.927829e-01 1054
0.950985 5.804149e-01 5.913037e-01 5.354625e-01 820
0.951496 8.599131e-01 9.911776e-01 8.975733e-01 1216
0.952150 7.877571e-01 8.179217e-01 7.406792e-01 1115
0.952695 1.252889e+00 1.236224e+00 1.120407e+00 1775
0.953289 7.538564e-01 8.441185e-01 7.644020e-01 1069
0.953880 1.355542e+00 1.370964e+00 1.241493e+00 1924
0.954566 7.686486e-01 7.652524e-01 6.929839e-01 1092
0.955086 7.257421e-01 7.025727e-01 6.367413e-01 1032
0.955705 8.367813e-01 8.614616e-01 7.810071e-01 1191
0.956312 9.181332e-01 8.939673e-01 8.111433e-01 1308
0.956855 9.740879e-01 1.004618e+00 9.152797e-01 1389
0.957428 6.088549e-01 5.865242e-01 5.311343e-01 869
0.958079 9.687874e-01 9.547700e-01 8.646039e-01 1384
0.958642 9.084480e-01 9.325897e-01 8.454703e-01 1299
0.959254 8.545079e-01 8.942221e-01 8.097740e-01 1223
0.959890 6.980532e-01 7.101954e-01 6.489619e-01 1000
0.960465 4.728433e-01 4.481305e-01 4.174518e-01 678
0.960996 6.410246e-01 6.445757e-01 6.002778e-01 920
0.961709 8.430055e-01 8.262629e-01 7.705063e-01 1211
0.962281 2.851476e-01 2.777050e-01 2.591667e-01 410
0.962891 6.177141e-01 6.190492e-01 5.758294e-01 889
0.963426 7.143336e-01 7.515774e-01 6.991051e-01 1029
0.964030 7.213055e-01 7.178222e-01 6.683703e-01 1040
0.964628 3.873451e-01 3.705970e-01 3.447233e-01 559
0.965266 7.462865e-01 7.345511e-01 6.838380e-01 1078
0.965822 4.827730e-01 4.772207e-01 4.439030e-01 698
0.966420 9.231982e-01 9.155282e-01 8.521340e-01 1336
0.967119 5.585192e-01 5.691469e-01 5.294111e-01 809
0.967680 6.587100e-01 6.827910e-01 6.351210e-01 955
0.968275 6.698207e-01 6.879771e-01 6.399451e-01 972
0.968867 6.898611e-01 6.809497e-01 6.334083e-01 1002
0.969413 4.526074e-01 4.502682e-01 4.188321e-01 658
0.970020 5.490913e-01 5.247885e-01 4.920926e-01 799
0.970620 4.936611e-01 4.990881e-01 4.710582e-01 719
0.971271 5.144743e-01 5.029202e-01 4.746752e-01 750
0.971864 3.741947e-01 3.703427e-01 3.508519e-01 546
0.972435 5.888520e-01 5.831289e-01 5.503792e-01 860
0.972978 4.357627e-01 5.044349e-01 4.761047e-01 637
0.973628 3.512989e-01 3.398534e-01 3.207665e-01 514
0.974312 7.750199e-01 7.510732e-01 7.097541e-01 1135
0.974793 5.600975e-01 5.509921e-01 5.210627e-01 821
0.975463 6.597805e-01 6.970776e-01 6.579282e-01 968
0.975983 2.744309e-01 2.830765e-01 2.671783e-01 403
0.976651 6.021091e-01 6.271833e-01 5.919594e-01 885
0.977233 5.458228e-01 5.446209e-01 5.140338e-01 803
0.977772 2.533083e-01 2.465638e-01 2.327162e-01 373
0.978367 2.062617e-01 1.946287e-01 1.836979e-01 304
0.979119 6.541496e-01 6.575319e-01 6.206035e-01 965
0.979650 4.625678e-01 4.803129e-01 4.533375e-01 683
0.980255 6.779966e-01 6.882861e-01 6.486517e-01 1002
0.980810 5.502873e-01 5.415908e-01 5.100977e-01 814
0.981457 4.856232e-01 4.717746e-01 4.449979e-01 719
0.982089 5.465893e-01 6.244032e-01 5.887115e-01 810
0.982728 5.818255e-01 6.003922e-01 5.654798e-01 863
0.983246 4.533180e-01 4.274386e-01 4.025834e-01 673
0.983879 4.946311e-01 5.046995e-01 4.758905e-01 735
0.984625 2.998716e-01 2.977845e-01 2.804685e-01 446
0.985062 6.327875e-01 6.453977e-01 6.078683e-01 942
0.985800 5.362415e-01 5.242465e-01 4.937620e-01 799
0.986301 4.740672e-01 4.727867e-01 4.457183e-01 707
0.986871 4.441617e-01 4.303616e-01 4.057219e-01 663
0.987437 5.997121e-01 5.948567e-01 5.602663e-01 896
0.988109 5.142432e-01 5.083909e-01 4.788283e-01 769
0.988727 3.554360e-01 3.586546e-01 3.377991e-01 532
0.989347 5.446879e-01 5.386299e-01 5.073090e-01 816
0.990027 2.140773e-01 2.045799e-01 1.936388e-01 321
0.990507 4.537543e-01 4.541814e-01 4.314946e-01 681
0.991175 1.597692e-01 1.604268e-01 1.527405e-01 240
0.991805 3.837658e-01 3.828319e-01 3.637090e-01 577
0.992391 4.066778e-01 4.110323e-01 3.905008e-01 612
0.992994 5.351098e-01 5.454502e-01 5.182044e-01 806
0.993616 4.258454e-01 4.045068e-01 3.846552e-01 642
0.994184 3.426231e-01 3.271052e-01 3.112474e-01 517
0.994821 3.979329e-01 3.922067e-01 3.726156e-01 601
0.995434 5.186340e-01 5.031163e-01 4.784920e-01 784
0.996035 5.664159e-01 5.725692e-01 5.455746e-01 857
0.996683 5.388336e-01 5.285289e-01 5.028808e-01 816
0.997312 3.846300e-01 4.133543e-01 3.931734e-01 583
0.997856 4.001046e-01 4.150658e-01 3.943328e-01 607
0.998503 5.011640e-01 4.922997e-01 4.677088e-01 761
0.999019 5.224278e-01 5.282660e-01 5.021623e-01 794
0.999721 4.042887e-01 4.392246e-01 4.179504e-01 615
