#Interval: 1.000000 Mpc/h, Area= 1.000000 deg^2
# z <nobs> <wc nobs> <wc wfkp nobs> N_obj
0.600238 3.512165e+01 3.550995e+01 9.286459e+00 24473
0.600707 3.423102e+01 3.453678e+01 9.038591e+00 23884
0.601197 3.550974e+01 3.601100e+01 9.438958e+00 24809
0.601673 3.477813e+01 3.517987e+01 9.229598e+00 24330
0.602146 3.448668e+01 3.494306e+01 9.182729e+00 24158
0.602633 3.454810e+01 3.463839e+01 9.111340e+00 24233
0.603123 3.923236e+01 3.941850e+01 1.039248e+01 27555
0.603608 3.359541e+01 3.378442e+01 8.919913e+00 23627
0.604091 3.268637e+01 3.313863e+01 8.743053e+00 23018
0.604563 3.602001e+01 3.635238e+01 9.600059e+00 25399
0.605037 3.446004e+01 3.477653e+01 9.228838e+00 24331
0.605534 3.408518e+01 3.434418e+01 9.106477e+00 24098
0.606012 3.125622e+01 3.180636e+01 8.478056e+00 22127
0.606482 3.191774e+01 3.219971e+01 8.585561e+00 22625
0.606948 3.392439e+01 3.451953e+01 9.208222e+00 24079
0.607457 3.321299e+01 3.344489e+01 8.926533e+00 23605
0.607933 3.018346e+01 3.033216e+01 8.148530e+00 21480
0.608414 3.070950e+01 3.132172e+01 8.392680e+00 21883
0.608897 3.354803e+01 3.360417e+01 9.004704e+00 23937
0.609369 3.286732e+01 3.283964e+01 8.782831e+00 23482
0.609859 2.865598e+01 2.873375e+01 7.772317e+00 20500
0.610338 3.063304e+01 3.106271e+01 8.629933e+00 21943
0.610829 3.455261e+01 3.521635e+01 9.772895e+00 24783
0.611308 3.009648e+01 3.027480e+01 8.427910e+00 21615
0.611783 3.050363e+01 3.068878e+01 8.581277e+00 21936
0.612268 3.265399e+01 3.282099e+01 9.139150e+00 23513
0.612759 3.345615e+01 3.386098e+01 9.437002e+00 24122
0.613242 3.024064e+01 3.053547e+01 8.465504e+00 21832
0.613723 3.203567e+01 3.250147e+01 9.056469e+00 23158
0.614208 3.201478e+01 3.243337e+01 9.048934e+00 23173
0.614706 3.145582e+01 3.167120e+01 8.835816e+00 22798
0.615186 3.266483e+01 3.283749e+01 9.183163e+00 23705
0.615654 3.106465e+01 3.135260e+01 8.764298e+00 22573
0.616149 3.250601e+01 3.277027e+01 9.182814e+00 23651
0.616622 2.807016e+01 2.846432e+01 7.968715e+00 20450
0.617112 3.245757e+01 3.300721e+01 9.229231e+00 23677
0.617592 3.088361e+01 3.108388e+01 8.711168e+00 22558
0.618080 3.144122e+01 3.199238e+01 8.976094e+00 22995
0.618573 3.048844e+01 3.108869e+01 8.691968e+00 22327
0.619060 3.035636e+01 3.072714e+01 8.625535e+00 22259
0.619531 2.854931e+01 2.873710e+01 8.087904e+00 20961
0.620026 3.261235e+01 3.295499e+01 9.454734e+00 23975
0.620503 3.268175e+01 3.305753e+01 9.696032e+00 24057
0.620999 3.017173e+01 3.089705e+01 9.065157e+00 22238
0.621481 3.063292e+01 3.086383e+01 9.044564e+00 22607
0.621965 2.675971e+01 2.717384e+01 7.978388e+00 19774
0.622460 3.282483e+01 3.314962e+01 9.748709e+00 24287
0.622938 2.818795e+01 2.860974e+01 8.446793e+00 20883
0.623421 3.080614e+01 3.106544e+01 9.215398e+00 22852
0.623905 2.956705e+01 2.966958e+01 8.767071e+00 21961
0.624389 2.723928e+01 2.770929e+01 8.186982e+00 20258
0.624892 2.633018e+01 2.672307e+01 7.942650e+00 19607
0.625371 2.788310e+01 2.832804e+01 8.387553e+00 20790
0.625861 2.746033e+01 2.749933e+01 8.205404e+00 20501
0.626348 2.892084e+01 2.912229e+01 8.689643e+00 21619
0.626837 2.856993e+01 2.872353e+01 8.576087e+00 21384
0.627311 2.644923e+01 2.653946e+01 7.923122e+00 19822
0.627804 2.698852e+01 2.712479e+01 8.121869e+00 20252
0.628304 2.788977e+01 2.827575e+01 8.481473e+00 20955
0.628776 2.500700e+01 2.535836e+01 7.622722e+00 18813
0.629275 2.771655e+01 2.777769e+01 8.390088e+00 20878
0.629773 2.500835e+01 2.509849e+01 7.573777e+00 18862
0.630256 2.673505e+01 2.682377e+01 8.673966e+00 20190
0.630742 2.462477e+01 2.500928e+01 8.086409e+00 18620
0.631219 2.544146e+01 2.555882e+01 8.280737e+00 19262
0.631704 2.313366e+01 2.348649e+01 7.619649e+00 17537
0.632215 2.400547e+01 2.403603e+01 7.853160e+00 18221
0.632696 2.455004e+01 2.481047e+01 8.088091e+00 18658
0.633193 2.477388e+01 2.478875e+01 8.073911e+00 18852
0.633659 2.399310e+01 2.419694e+01 7.919727e+00 18281
0.634154 2.716372e+01 2.745843e+01 8.974259e+00 20723
0.634655 2.289954e+01 2.295959e+01 7.496901e+00 17492
0.635147 2.483315e+01 2.554647e+01 8.312685e+00 18993
0.635616 2.812776e+01 2.855632e+01 9.298869e+00 21540
0.636131 2.189475e+01 2.205834e+01 7.246459e+00 16788
0.636610 2.232954e+01 2.255363e+01 7.377012e+00 17143
0.637123 2.709783e+01 2.747881e+01 8.976728e+00 20830
0.637586 2.473801e+01 2.467148e+01 8.081942e+00 19040
0.638095 2.341573e+01 2.376191e+01 7.821434e+00 18045
0.638583 2.200474e+01 2.216173e+01 7.269808e+00 16979
0.639069 2.360669e+01 2.406363e+01 7.895657e+00 18238
0.639539 2.398942e+01 2.434625e+01 8.015398e+00 18557
0.640050 2.634657e+01 2.665714e+01 9.028316e+00 20406
0.640535 2.410847e+01 2.454357e+01 8.496361e+00 18696
0.641021 2.219535e+01 2.231608e+01 7.755814e+00 17234
0.641517 2.351426e+01 2.404540e+01 8.338252e+00 18281
0.642013 2.301848e+01 2.347684e+01 8.118981e+00 17918
0.642494 2.278438e+01 2.334540e+01 8.095419e+00 17758
0.642990 2.146034e+01 2.162319e+01 7.525043e+00 16747
0.643489 2.352861e+01 2.404233e+01 8.292966e+00 18384
0.643987 2.171096e+01 2.210018e+01 7.701879e+00 16985
0.644465 1.958249e+01 1.983304e+01 6.880425e+00 15339
0.644965 2.150379e+01 2.215706e+01 7.702787e+00 16865
0.645453 2.115988e+01 2.139210e+01 7.465985e+00 16616
0.645944 2.247788e+01 2.264758e+01 7.929254e+00 17673
0.646450 2.092808e+01 2.101292e+01 7.378732e+00 16475
0.646928 2.119891e+01 2.155908e+01 7.495171e+00 16709
0.647441 1.849509e+01 1.881472e+01 6.560091e+00 14596
0.647920 2.205109e+01 2.244747e+01 7.865514e+00 17424
0.648420 1.967142e+01 1.992931e+01 7.018353e+00 15563
0.648915 2.139671e+01 2.163681e+01 7.565333e+00 16949
0.649419 2.365482e+01 2.399606e+01 8.410880e+00 18761
0.649906 2.302858e+01 2.311767e+01 8.184373e+00 18287
0.650417 1.935893e+01 1.941800e+01 6.993339e+00 15392
0.650887 2.039893e+01 2.060727e+01 7.408180e+00 16239
0.651388 2.141250e+01 2.182060e+01 7.869133e+00 17067
0.651881 1.978209e+01 2.006403e+01 7.275465e+00 15787
0.652364 1.980770e+01 2.032056e+01 7.300811e+00 15827
0.652881 2.008572e+01 2.045377e+01 7.336615e+00 16069
0.653367 2.265639e+01 2.283416e+01 8.275812e+00 18148
0.653857 2.044140e+01 2.079164e+01 7.502394e+00 16394
0.654346 2.053949e+01 2.076117e+01 7.537093e+00 16493
0.654848 2.186371e+01 2.251256e+01 8.136279e+00 17578
0.655349 1.969012e+01 1.971467e+01 7.106241e+00 15850
0.655848 1.952072e+01 1.963146e+01 7.078422e+00 15733
0.656339 2.116718e+01 2.148358e+01 7.796037e+00 17081
0.656822 2.141964e+01 2.188636e+01 7.888789e+00 17306
0.657339 1.831400e+01 1.836484e+01 6.706344e+00 14815
0.657830 2.057070e+01 2.083344e+01 7.510901e+00 16661
0.658336 2.044187e+01 2.061740e+01 7.473773e+00 16577
0.658835 2.018033e+01 2.056394e+01 7.488395e+00 16385
0.659321 1.972628e+01 2.033656e+01 7.367371e+00 16036
0.659801 2.051547e+01 2.055557e+01 7.528035e+00 16698
0.660324 1.994920e+01 2.044614e+01 7.754446e+00 16257
0.660797 1.757407e+01 1.780329e+01 6.768044e+00 14339
0.661314 1.760277e+01 1.801723e+01 6.814037e+00 14380
0.661797 2.024413e+01 2.050198e+01 7.777397e+00 16558
0.662303 1.940858e+01 1.997842e+01 7.578893e+00 15894
0.662789 1.938611e+01 1.979144e+01 7.546732e+00 15895
0.663291 1.697368e+01 1.702241e+01 6.485976e+00 13934
0.663796 1.969535e+01 2.004322e+01 7.637821e+00 16188
0.664298 1.911724e+01 1.921057e+01 7.264111e+00 15732
0.664785 1.889128e+01 1.935221e+01 7.330089e+00 15565
0.665302 2.039085e+01 2.075688e+01 7.901619e+00 16821
0.665774 2.053314e+01 2.097239e+01 7.982082e+00 16959
0.666287 1.735438e+01 1.790437e+01 6.879933e+00 14351
0.666782 1.779228e+01 1.828115e+01 6.926722e+00 14731
0.667298 2.061042e+01 2.089538e+01 7.961447e+00 17085
0.667796 1.843350e+01 1.892856e+01 7.211217e+00 15299
0.668294 1.799116e+01 1.812422e+01 6.937301e+00 14950
0.668786 1.816769e+01 1.874799e+01 7.114731e+00 15115
0.669278 1.842901e+01 1.874078e+01 7.171013e+00 15351
0.669792 1.685633e+01 1.709829e+01 6.527640e+00 14058
0.670295 1.725631e+01 1.745760e+01 6.934558e+00 14409
0.670776 1.844955e+01 1.916494e+01 7.698819e+00 15424
0.671284 1.806766e+01 1.831940e+01 7.345515e+00 15123
0.671794 1.721175e+01 1.730681e+01 6.927751e+00 14424
0.672283 1.691091e+01 1.709138e+01 6.855226e+00 14189
0.672790 1.800711e+01 1.823355e+01 7.268860e+00 15127
0.673291 1.765488e+01 1.804304e+01 7.282482e+00 14849
0.673786 1.724768e+01 1.754777e+01 7.019701e+00 14524
0.674289 1.813903e+01 1.858895e+01 7.493117e+00 15293
0.674796 1.832335e+01 1.835242e+01 7.428160e+00 15467
0.675311 1.508762e+01 1.536423e+01 6.212970e+00 12751
0.675806 1.505295e+01 1.535975e+01 6.212860e+00 12737
0.676308 1.494044e+01 1.522252e+01 6.207419e+00 12657
0.676820 1.667568e+01 1.726538e+01 6.920287e+00 14144
0.677296 1.652261e+01 1.689683e+01 6.923112e+00 14031
0.677820 1.653339e+01 1.700427e+01 6.909886e+00 14057
0.678287 1.505337e+01 1.528654e+01 6.187608e+00 12814
0.678809 1.537797e+01 1.549587e+01 6.288458e+00 13106
0.679317 1.557404e+01 1.588134e+01 6.372418e+00 13289
0.679806 1.442350e+01 1.456939e+01 5.948274e+00 12322
0.680321 1.564206e+01 1.628889e+01 6.727619e+00 13379
0.680814 1.534895e+01 1.539651e+01 6.361343e+00 13144
0.681310 1.554525e+01 1.599115e+01 6.587894e+00 13328
0.681832 1.534963e+01 1.577739e+01 6.463792e+00 13176
0.682339 1.500786e+01 1.534315e+01 6.358816e+00 12898
0.682845 1.616263e+01 1.617690e+01 6.757309e+00 13907
0.683325 1.673076e+01 1.698452e+01 7.037767e+00 14413
0.683856 1.792594e+01 1.845045e+01 7.590838e+00 15461
0.684380 1.535575e+01 1.598860e+01 6.647714e+00 13260
0.684861 1.522299e+01 1.534859e+01 6.390944e+00 13161
0.685359 1.630244e+01 1.640518e+01 6.826846e+00 14111
0.685888 1.600615e+01 1.627738e+01 6.726790e+00 13871
0.686373 1.709362e+01 1.721174e+01 7.124700e+00 14831
0.686875 1.557680e+01 1.590032e+01 6.680539e+00 13531
0.687403 1.492019e+01 1.531841e+01 6.279802e+00 12976
0.687879 1.427316e+01 1.479137e+01 6.174353e+00 12428
0.688398 1.562935e+01 1.570732e+01 6.551386e+00 13625
0.688898 1.493373e+01 1.531666e+01 6.301455e+00 13034
0.689405 1.413216e+01 1.473185e+01 6.087104e+00 12349
0.689913 1.429721e+01 1.441312e+01 6.056783e+00 12508
0.690410 1.359760e+01 1.385520e+01 5.981899e+00 11910
0.690933 1.580067e+01 1.594585e+01 6.966092e+00 13856
0.691426 1.307234e+01 1.336181e+01 5.748605e+00 11477
0.691951 1.370085e+01 1.407386e+01 6.136503e+00 12043
0.692457 1.495058e+01 1.509722e+01 6.514922e+00 13157
0.692949 1.558673e+01 1.574401e+01 6.765472e+00 13733
0.693460 1.565341e+01 1.600354e+01 6.983169e+00 13808
0.693954 1.576975e+01 1.652720e+01 7.115571e+00 13927
0.694489 1.319972e+01 1.343026e+01 5.873681e+00 11671
0.694985 1.565477e+01 1.625091e+01 7.043464e+00 13858
0.695484 1.405673e+01 1.435448e+01 6.221685e+00 12458
0.695997 1.396586e+01 1.415430e+01 6.184036e+00 12392
0.696519 1.513708e+01 1.566755e+01 6.764587e+00 13447
0.696988 1.275930e+01 1.291128e+01 5.592183e+00 11348
0.697502 1.416727e+01 1.429695e+01 6.211383e+00 12615
0.698014 1.169633e+01 1.178196e+01 5.149586e+00 10427
0.698529 1.265293e+01 1.317371e+01 5.747867e+00 11293
0.699045 1.353343e+01 1.364199e+01 5.963538e+00 12093
0.699546 1.278993e+01 1.301917e+01 5.672861e+00 11442
0.700061 1.232281e+01 1.248872e+01 5.637438e+00 11037
0.700569 1.276678e+01 1.292182e+01 5.922831e+00 11448
0.701080 1.403844e+01 1.430837e+01 6.523135e+00 12603
0.701614 1.362265e+01 1.382813e+01 6.347964e+00 12244
0.702109 1.146197e+01 1.180233e+01 5.380063e+00 10314
0.702617 1.348882e+01 1.390920e+01 6.420541e+00 12152
0.703134 1.253848e+01 1.280176e+01 5.927406e+00 11309
0.703640 1.326034e+01 1.368727e+01 6.308924e+00 11974
0.704141 1.242417e+01 1.256116e+01 5.822460e+00 11232
0.704635 1.153359e+01 1.153796e+01 5.368902e+00 10439
0.705173 1.244168e+01 1.270287e+01 5.903538e+00 11274
0.705673 1.230049e+01 1.239217e+01 5.686025e+00 11159
0.706175 1.307015e+01 1.323353e+01 6.053921e+00 11871
0.706709 1.330244e+01 1.346988e+01 6.249068e+00 12096
0.707209 1.192164e+01 1.221444e+01 5.590306e+00 10853
0.707716 1.339564e+01 1.387404e+01 6.353050e+00 12209
0.708238 1.108308e+01 1.132302e+01 5.224573e+00 10113
0.708747 1.126621e+01 1.151802e+01 5.321206e+00 10292
0.709248 1.202294e+01 1.235140e+01 5.737438e+00 10996
0.709751 1.128935e+01 1.152163e+01 5.375649e+00 10337
0.710275 9.322569e+00 9.421253e+00 4.481239e+00 8546
0.710783 1.329108e+01 1.350041e+01 6.461614e+00 12198
0.711313 1.296557e+01 1.343187e+01 6.378049e+00 11913
0.711808 1.341156e+01 1.375497e+01 6.536364e+00 12337
0.712340 1.173043e+01 1.197879e+01 5.715190e+00 10803
0.712843 1.243276e+01 1.296385e+01 6.171214e+00 11463
0.713358 1.084652e+01 1.111709e+01 5.264150e+00 10012
0.713857 1.227217e+01 1.242858e+01 5.899428e+00 11341
0.714382 8.901992e+00 9.045465e+00 4.357896e+00 8236
0.714885 1.002645e+01 1.049519e+01 4.952708e+00 9287
0.715411 1.221485e+01 1.234815e+01 5.868400e+00 11327
0.715926 1.131974e+01 1.173047e+01 5.613924e+00 10509
0.716426 1.080001e+01 1.122692e+01 5.317627e+00 10038
0.716927 1.117129e+01 1.144286e+01 5.456014e+00 10395
0.717483 1.153851e+01 1.206038e+01 5.735598e+00 10749
0.717988 1.130550e+01 1.152535e+01 5.526559e+00 10544
0.718513 1.112978e+01 1.111824e+01 5.320323e+00 10392
0.719000 1.098547e+01 1.109046e+01 5.259533e+00 10269
0.719521 1.090774e+01 1.119156e+01 5.324899e+00 10208
0.720024 1.059110e+01 1.094392e+01 5.324125e+00 9923
0.720550 1.185942e+01 1.208061e+01 5.957338e+00 11124
0.721081 1.230699e+01 1.275443e+01 6.218335e+00 11557
0.721613 9.485912e+00 9.752096e+00 4.773924e+00 8918
0.722101 1.136630e+01 1.136189e+01 5.662288e+00 10698
0.722613 1.054044e+01 1.096714e+01 5.453481e+00 9932
0.723136 1.181959e+01 1.201035e+01 5.996958e+00 11150
0.723646 1.093684e+01 1.112790e+01 5.521346e+00 10329
0.724180 9.460628e+00 9.652716e+00 4.819938e+00 8945
0.724664 1.035525e+01 1.037963e+01 5.188949e+00 9802
0.725195 8.173918e+00 8.481509e+00 4.216467e+00 7746
0.725730 1.103271e+01 1.130062e+01 5.704226e+00 10467
0.726218 1.025477e+01 1.058639e+01 5.213296e+00 9740
0.726759 9.423910e+00 9.798961e+00 4.847655e+00 8961
0.727271 8.078093e+00 8.220230e+00 4.074446e+00 7690
0.727798 1.023676e+01 1.032718e+01 5.122563e+00 9756
0.728342 9.928567e+00 1.005411e+01 5.020489e+00 9473
0.728850 1.014871e+01 1.034623e+01 5.106842e+00 9694
0.729336 9.542223e+00 9.959503e+00 4.914963e+00 9125
0.729859 1.012683e+01 1.030890e+01 5.096666e+00 9695
0.730359 9.604156e+00 9.978725e+00 4.987098e+00 9205
0.730922 1.050836e+01 1.106428e+01 5.566364e+00 10083
0.731401 1.008115e+01 1.038470e+01 5.162481e+00 9684
0.731912 9.425090e+00 9.631172e+00 4.837090e+00 9064
0.732452 8.727917e+00 9.134949e+00 4.614012e+00 8403
0.732970 1.089995e+01 1.134729e+01 5.727456e+00 10506
0.733477 9.597457e+00 9.672711e+00 4.862206e+00 9261
0.734006 1.063736e+01 1.091697e+01 5.531488e+00 10276
0.734541 9.920217e+00 1.048488e+01 5.294917e+00 9594
0.735073 9.104493e+00 9.249404e+00 4.620439e+00 8815
0.735582 7.308433e+00 7.461232e+00 3.726671e+00 7084
0.736084 7.688742e+00 8.080725e+00 4.042814e+00 7461
0.736596 9.069770e+00 9.157007e+00 4.617546e+00 8811
0.737141 1.080757e+01 1.125784e+01 5.632648e+00 10511
0.737659 1.133981e+01 1.151881e+01 5.806948e+00 11041
0.738171 9.718487e+00 9.752810e+00 4.883820e+00 9473
0.738702 1.040856e+01 1.044724e+01 5.292658e+00 10157
0.739217 9.025267e+00 9.133947e+00 4.580383e+00 8817
0.739769 8.774900e+00 8.765862e+00 4.413546e+00 8582
0.740251 1.008977e+01 1.011755e+01 5.244200e+00 9879
0.740796 8.940993e+00 8.921451e+00 4.637523e+00 8764
0.741294 9.659645e+00 9.858291e+00 5.073124e+00 9479
0.741808 1.048052e+01 1.075374e+01 5.565108e+00 10296
0.742364 8.273595e+00 8.453659e+00 4.380689e+00 8137
0.742848 9.372460e+00 9.688406e+00 4.968911e+00 9228
0.743382 7.856475e+00 8.063001e+00 4.161422e+00 7744
0.743908 9.348574e+00 9.821008e+00 5.088301e+00 9225
0.744429 8.559745e+00 8.589509e+00 4.415742e+00 8456
0.744981 8.059829e+00 8.113786e+00 4.242026e+00 7971
0.745477 8.680121e+00 8.766796e+00 4.504909e+00 8594
0.745991 9.586567e+00 1.005249e+01 5.144989e+00 9502
0.746513 9.029715e+00 9.103196e+00 4.697435e+00 8960
0.747056 9.655915e+00 9.989013e+00 5.173949e+00 9592
0.747574 9.772920e+00 1.023982e+01 5.319752e+00 9719
0.748088 7.702002e+00 7.870859e+00 4.054838e+00 7668
0.748632 9.112174e+00 9.302696e+00 4.745629e+00 9082
0.749142 8.159012e+00 8.210395e+00 4.213682e+00 8141
0.749681 7.748548e+00 7.861773e+00 4.008632e+00 7740
0.750203 8.217984e+00 8.530193e+00 4.571971e+00 8218
0.750738 9.387602e+00 9.474541e+00 5.104294e+00 9398
0.751247 7.739865e+00 7.929178e+00 4.308626e+00 7757
0.751742 7.730330e+00 7.757463e+00 4.171629e+00 7756
0.752298 8.499363e+00 8.783239e+00 4.671576e+00 8537
0.752821 8.152863e+00 8.644600e+00 4.552901e+00 8198
0.753334 8.433956e+00 8.561883e+00 4.569897e+00 8490
0.753885 7.748912e+00 7.912045e+00 4.280389e+00 7809
0.754401 8.147775e+00 8.211357e+00 4.375636e+00 8220
0.754923 7.601179e+00 7.731922e+00 4.134983e+00 7677
0.755447 8.461198e+00 8.927269e+00 4.775451e+00 8555
0.755981 8.330387e+00 8.745934e+00 4.656419e+00 8432
0.756494 7.616621e+00 7.874351e+00 4.220276e+00 7718
0.757027 6.981307e+00 7.090836e+00 3.789573e+00 7082
0.757563 7.324205e+00 7.481433e+00 3.976352e+00 7438
0.758082 9.600147e+00 9.881417e+00 5.226627e+00 9760
0.758608 8.622808e+00 8.851880e+00 4.729268e+00 8776
0.759150 6.807466e+00 7.041056e+00 3.740914e+00 6936
0.759665 7.808843e+00 8.312771e+00 4.446705e+00 7965
0.760192 8.034362e+00 8.413767e+00 4.674933e+00 8204
0.760719 7.077654e+00 7.242244e+00 4.049267e+00 7235
0.761236 7.863396e+00 8.467722e+00 4.732253e+00 8047
0.761750 7.071965e+00 7.206753e+00 4.016911e+00 7245
0.762307 7.277785e+00 7.536942e+00 4.266243e+00 7464
0.762826 7.556200e+00 7.631805e+00 4.281522e+00 7758
0.763341 5.802534e+00 5.984428e+00 3.362610e+00 5964
0.763887 6.830278e+00 7.143360e+00 3.966411e+00 7028
0.764430 7.175245e+00 7.334040e+00 4.139672e+00 7391
0.764971 7.078220e+00 7.374416e+00 4.188117e+00 7299
0.765481 8.272674e+00 8.501594e+00 4.774350e+00 8540
0.765988 6.735771e+00 6.670817e+00 3.713375e+00 6961
0.766524 7.323875e+00 7.694672e+00 4.323283e+00 7577
0.767057 7.398959e+00 7.733161e+00 4.376424e+00 7663
0.767609 5.522701e+00 5.680010e+00 3.217747e+00 5726
0.768097 7.327032e+00 7.570037e+00 4.223068e+00 7605
0.768639 7.171841e+00 7.463608e+00 4.192938e+00 7452
0.769173 6.586292e+00 6.913073e+00 3.869903e+00 6851
0.769700 6.706882e+00 6.882978e+00 3.841337e+00 6984
0.770226 6.696745e+00 6.846744e+00 3.995677e+00 6981
0.770772 6.403944e+00 6.535380e+00 3.842523e+00 6683
0.771291 7.111098e+00 7.318143e+00 4.328768e+00 7429
0.771828 6.270586e+00 6.588393e+00 3.863186e+00 6558
0.772360 7.241878e+00 7.281123e+00 4.294100e+00 7582
0.772891 6.519433e+00 6.810762e+00 4.046442e+00 6833
0.773430 6.012032e+00 6.175694e+00 3.640236e+00 6308
0.773963 6.229282e+00 6.543777e+00 3.848873e+00 6543
0.774488 5.297220e+00 5.394513e+00 3.160501e+00 5570
0.775033 5.808316e+00 5.855123e+00 3.427602e+00 6114
0.775543 5.610369e+00 5.816444e+00 3.380428e+00 5912
0.776077 6.546604e+00 6.643255e+00 3.899300e+00 6906
0.776629 6.134274e+00 6.195233e+00 3.624115e+00 6478
0.777174 5.787149e+00 5.900509e+00 3.503292e+00 6118
0.777651 6.343152e+00 6.643468e+00 3.884074e+00 6713
0.778245 5.611433e+00 5.878270e+00 3.412378e+00 5945
0.778749 6.371972e+00 6.440909e+00 3.801672e+00 6758
0.779290 5.788716e+00 5.998973e+00 3.500774e+00 6146
0.779828 6.504149e+00 6.875689e+00 4.036384e+00 6913
0.780356 5.347745e+00 5.502648e+00 3.300193e+00 5690
0.780881 6.744650e+00 6.893667e+00 4.100239e+00 7184
0.781419 5.961840e+00 6.135664e+00 3.648641e+00 6357
0.781930 4.701040e+00 5.032954e+00 2.985508e+00 5018
0.782471 6.787604e+00 6.819360e+00 4.118159e+00 7253
0.783049 5.756708e+00 5.844181e+00 3.479078e+00 6158
0.783578 5.101545e+00 5.244091e+00 3.117099e+00 5463
0.784079 6.600770e+00 6.755115e+00 4.012254e+00 7076
0.784642 5.321761e+00 5.332782e+00 3.154523e+00 5711
0.785197 6.242283e+00 6.423773e+00 3.849183e+00 6706
0.785699 6.136137e+00 6.274496e+00 3.747511e+00 6599
0.786247 5.236030e+00 5.283554e+00 3.180151e+00 5637
0.786759 5.558926e+00 5.768743e+00 3.443639e+00 5991
0.787311 6.681967e+00 6.733476e+00 4.049427e+00 7209
0.787821 5.274891e+00 5.414074e+00 3.230033e+00 5697
0.788385 6.406939e+00 6.474613e+00 3.835053e+00 6927
0.788934 5.088139e+00 5.336510e+00 3.174551e+00 5507
0.789460 5.130731e+00 5.184546e+00 3.073334e+00 5559
0.789973 6.012231e+00 6.301438e+00 3.790521e+00 6521
0.790513 5.598772e+00 5.803119e+00 3.520515e+00 6079
0.791061 5.496235e+00 5.546957e+00 3.345977e+00 5974
0.791603 6.142939e+00 6.133941e+00 3.723986e+00 6684
0.792162 5.269769e+00 5.404816e+00 3.265004e+00 5740
0.792665 5.697066e+00 5.940765e+00 3.590622e+00 6212
0.793224 5.477581e+00 5.665267e+00 3.465077e+00 5979
0.793761 5.372952e+00 5.572592e+00 3.390795e+00 5871
0.794303 5.577541e+00 5.438681e+00 3.298800e+00 6101
0.794833 5.630098e+00 5.725844e+00 3.459825e+00 6165
0.795371 6.114958e+00 6.260518e+00 3.760464e+00 6703
0.795926 6.315374e+00 6.353635e+00 3.831739e+00 6930
0.796441 5.337373e+00 5.295167e+00 3.233712e+00 5863
0.796979 4.783387e+00 4.826148e+00 2.904904e+00 5260
0.797530 5.343393e+00 5.640246e+00 3.411928e+00 5882
0.798066 6.141791e+00 6.485298e+00 3.919989e+00 6768
0.798599 4.687616e+00 4.807582e+00 2.906419e+00 5171
0.799136 4.926284e+00 5.079013e+00 3.052499e+00 5440
0.799688 5.149069e+00 5.306732e+00 3.211664e+00 5692
0.800214 4.306867e+00 4.389817e+00 2.776006e+00 4766
0.800759 4.973063e+00 5.115991e+00 3.204645e+00 5509
0.801282 5.024656e+00 5.082874e+00 3.213613e+00 5572
0.801827 5.321161e+00 5.371062e+00 3.395948e+00 5907
0.802390 4.591181e+00 4.684529e+00 2.960236e+00 5102
0.802910 4.890211e+00 5.063211e+00 3.180277e+00 5440
0.803465 4.627365e+00 4.736299e+00 2.971268e+00 5153
0.804013 4.488861e+00 4.558273e+00 2.882437e+00 5004
0.804567 4.306734e+00 4.529927e+00 2.843385e+00 4806
0.805056 4.896630e+00 5.020004e+00 3.164603e+00 5470
0.805642 4.659904e+00 4.754380e+00 2.989797e+00 5211
0.806157 5.567106e+00 5.597212e+00 3.520393e+00 6232
0.806703 5.335523e+00 5.489804e+00 3.474322e+00 5979
0.807280 4.980509e+00 5.066253e+00 3.201952e+00 5587
0.807784 4.829271e+00 4.955548e+00 3.127954e+00 5423
0.808336 5.131145e+00 5.188631e+00 3.279876e+00 5768
0.808866 5.331970e+00 5.486408e+00 3.463510e+00 6000
0.809435 5.404539e+00 5.360954e+00 3.409126e+00 6088
0.809997 5.151494e+00 5.269701e+00 3.386815e+00 5809
0.810515 4.996420e+00 5.155728e+00 3.335791e+00 5640
0.811080 3.978821e+00 3.989979e+00 2.589181e+00 4496
0.811614 4.224873e+00 4.213830e+00 2.741765e+00 4779
0.812134 5.068292e+00 5.160388e+00 3.345929e+00 5739
0.812691 4.372257e+00 4.624310e+00 2.996278e+00 4956
0.813234 4.806609e+00 4.830111e+00 3.114900e+00 5454
0.813763 4.933683e+00 5.038576e+00 3.292840e+00 5604
0.814323 4.568865e+00 4.646462e+00 3.016416e+00 5195
0.814880 4.112551e+00 4.264032e+00 2.770920e+00 4681
0.815410 4.153054e+00 4.270967e+00 2.776265e+00 4732
0.815955 4.325859e+00 4.288897e+00 2.783689e+00 4934
0.816513 4.436120e+00 4.463837e+00 2.876858e+00 5065
0.817054 4.426285e+00 4.456023e+00 2.885938e+00 5059
0.817608 4.136779e+00 4.241411e+00 2.764891e+00 4733
0.818142 4.672972e+00 4.968725e+00 3.217336e+00 5352
0.818680 3.812497e+00 3.928816e+00 2.559063e+00 4371
0.819250 4.305219e+00 4.487578e+00 2.907454e+00 4941
0.819776 4.380860e+00 4.425786e+00 2.907577e+00 5033
0.820327 3.890278e+00 3.888520e+00 2.657391e+00 4474
0.820850 4.129489e+00 4.261393e+00 2.917717e+00 4754
0.821447 3.796365e+00 3.838054e+00 2.665964e+00 4375
0.821989 3.193467e+00 3.212750e+00 2.209291e+00 3684
0.822524 3.675118e+00 3.890855e+00 2.685885e+00 4244
0.823069 3.628088e+00 3.666759e+00 2.524268e+00 4194
0.823598 3.253629e+00 3.471521e+00 2.378426e+00 3765
0.824148 3.828692e+00 3.882917e+00 2.660110e+00 4435
0.824699 3.466003e+00 3.621870e+00 2.484756e+00 4019
0.825250 4.141325e+00 4.332433e+00 2.963644e+00 4807
0.825770 3.659426e+00 3.831366e+00 2.640654e+00 4252
0.826347 3.809573e+00 3.816571e+00 2.605919e+00 4431
0.826906 3.790212e+00 4.142524e+00 2.834249e+00 4413
0.827448 3.476596e+00 3.700498e+00 2.532703e+00 4052
0.827968 3.917883e+00 4.173973e+00 2.869101e+00 4571
0.828536 3.768315e+00 4.017120e+00 2.758050e+00 4401
0.829045 3.311120e+00 3.403854e+00 2.341655e+00 3871
0.829626 3.220580e+00 3.289091e+00 2.264582e+00 3769
0.830190 3.674832e+00 3.698578e+00 2.559947e+00 4305
0.830733 3.849306e+00 4.037473e+00 2.803852e+00 4514
0.831322 2.915128e+00 3.073008e+00 2.141860e+00 3422
0.831831 3.601475e+00 3.690194e+00 2.566566e+00 4232
0.832393 3.845197e+00 3.937706e+00 2.750814e+00 4523
0.832944 3.551677e+00 3.527942e+00 2.451399e+00 4182
0.833521 4.168252e+00 4.390736e+00 3.057546e+00 4913
0.834023 3.447832e+00 3.473966e+00 2.418277e+00 4068
0.834599 3.673778e+00 3.667510e+00 2.552331e+00 4339
0.835107 3.129561e+00 3.130819e+00 2.171304e+00 3700
0.835702 3.362973e+00 3.335374e+00 2.315999e+00 3980
0.836214 3.284433e+00 3.387850e+00 2.357358e+00 3891
0.836801 3.464929e+00 3.492826e+00 2.424552e+00 4109
0.837356 3.190162e+00 3.280011e+00 2.281907e+00 3787
0.837904 4.042779e+00 4.170049e+00 2.897878e+00 4804
0.838440 4.403543e+00 4.490867e+00 3.128339e+00 5238
0.838981 2.998230e+00 3.041453e+00 2.114394e+00 3570
0.839545 3.768744e+00 3.872990e+00 2.705329e+00 4492
0.840115 2.588180e+00 2.713683e+00 1.918929e+00 3088
0.840663 2.719530e+00 2.806343e+00 1.994453e+00 3248
0.841210 3.719682e+00 3.818353e+00 2.715578e+00 4447
0.841746 3.436834e+00 3.540337e+00 2.506760e+00 4113
0.842347 3.263073e+00 3.374270e+00 2.387499e+00 3909
0.842872 3.581672e+00 3.744833e+00 2.667114e+00 4295
0.843432 3.065718e+00 3.147779e+00 2.234275e+00 3680
0.844002 3.621889e+00 3.756493e+00 2.661150e+00 4352
0.844537 3.862670e+00 3.880398e+00 2.754833e+00 4646
0.845097 2.857125e+00 2.921629e+00 2.072060e+00 3440
0.845638 3.608468e+00 3.772109e+00 2.686026e+00 4349
0.846202 3.552618e+00 3.653170e+00 2.593730e+00 4286
0.846758 3.247633e+00 3.259745e+00 2.308174e+00 3922
0.847324 3.093814e+00 3.152226e+00 2.232885e+00 3740
0.847862 3.132026e+00 3.120453e+00 2.221197e+00 3790
0.848393 3.752180e+00 3.868438e+00 2.743033e+00 4545
0.848969 3.719549e+00 3.792222e+00 2.688468e+00 4510
0.849532 3.260198e+00 3.194222e+00 2.268901e+00 3957
0.850083 2.098855e+00 2.171457e+00 1.583646e+00 2550
0.850653 3.198574e+00 3.212975e+00 2.372194e+00 3890
0.851223 2.414189e+00 2.481272e+00 1.835058e+00 2939
0.851757 3.237306e+00 3.335340e+00 2.470766e+00 3945
0.852288 2.874999e+00 3.074300e+00 2.267102e+00 3507
0.852890 3.499454e+00 3.456357e+00 2.553596e+00 4273
0.853410 2.114918e+00 2.265017e+00 1.674473e+00 2585
0.853975 2.798548e+00 2.937854e+00 2.171379e+00 3424
0.854513 2.458532e+00 2.498924e+00 1.840916e+00 3011
0.855091 3.189394e+00 3.527396e+00 2.608143e+00 3910
0.855645 2.456887e+00 2.559704e+00 1.887767e+00 3015
0.856203 2.285110e+00 2.310025e+00 1.719356e+00 2807
0.856762 3.100163e+00 3.138876e+00 2.320821e+00 3812
0.857335 3.067827e+00 3.121705e+00 2.305680e+00 3776
0.857878 2.968999e+00 3.056031e+00 2.257911e+00 3658
0.858425 3.137131e+00 3.196938e+00 2.362944e+00 3869
0.859015 2.860220e+00 2.901599e+00 2.153595e+00 3531
0.859535 2.729519e+00 2.869792e+00 2.119882e+00 3373
0.860134 2.454369e+00 2.517811e+00 1.875089e+00 3036
0.860683 3.468724e+00 3.445572e+00 2.589854e+00 4295
0.861249 2.992486e+00 3.060205e+00 2.292818e+00 3709
0.861806 2.695320e+00 2.735118e+00 2.044742e+00 3344
0.862362 2.806183e+00 2.852935e+00 2.131928e+00 3485
0.862918 2.753528e+00 2.747153e+00 2.069315e+00 3423
0.863475 2.959742e+00 2.977160e+00 2.225282e+00 3683
0.864054 2.473510e+00 2.491882e+00 1.867455e+00 3081
0.864569 2.761397e+00 2.860418e+00 2.140082e+00 3443
0.865154 3.427700e+00 3.455831e+00 2.591602e+00 4278
0.865746 2.938440e+00 2.935671e+00 2.199635e+00 3671
0.866295 2.659655e+00 2.787825e+00 2.085487e+00 3326
0.866856 2.136967e+00 2.144092e+00 1.606376e+00 2675
0.867399 2.330386e+00 2.376415e+00 1.784007e+00 2920
0.867937 2.522625e+00 2.569254e+00 1.918520e+00 3164
0.868524 2.301895e+00 2.415999e+00 1.804081e+00 2890
0.869074 2.351348e+00 2.358604e+00 1.767143e+00 2955
0.869646 2.724240e+00 2.655433e+00 1.988397e+00 3427
0.870251 2.290333e+00 2.270256e+00 1.746526e+00 2884
0.870763 2.300772e+00 2.483588e+00 1.923320e+00 2900
0.871311 2.191509e+00 2.213436e+00 1.709310e+00 2765
0.871924 2.848932e+00 2.987070e+00 2.305695e+00 3598
0.872476 2.366766e+00 2.506386e+00 1.932721e+00 2992
0.873012 2.558844e+00 2.549816e+00 1.969051e+00 3238
0.873596 1.945275e+00 2.036545e+00 1.578932e+00 2464
0.874124 2.500979e+00 2.559353e+00 1.975515e+00 3171
0.874674 2.825517e+00 3.062483e+00 2.363486e+00 3586
0.875284 2.260716e+00 2.393873e+00 1.848792e+00 2872
0.875828 2.149980e+00 2.163269e+00 1.671144e+00 2734
0.876437 2.239005e+00 2.263062e+00 1.751098e+00 2850
0.876961 1.490424e+00 1.502761e+00 1.160750e+00 1899
0.877520 2.394576e+00 2.432150e+00 1.875476e+00 3054
0.878139 2.765874e+00 2.805056e+00 2.166025e+00 3531
0.878643 2.273296e+00 2.251520e+00 1.743927e+00 2905
0.879252 1.957581e+00 1.974040e+00 1.524853e+00 2504
0.879785 2.393039e+00 2.536683e+00 1.959986e+00 3064
0.880400 2.522566e+00 2.529816e+00 1.985978e+00 3233
0.880921 2.404740e+00 2.341346e+00 1.833887e+00 3085
0.881488 2.524656e+00 2.685741e+00 2.110734e+00 3242
0.882058 2.700352e+00 2.828224e+00 2.218205e+00 3471
0.882660 1.604953e+00 1.715963e+00 1.349808e+00 2065
0.883193 1.886022e+00 1.910049e+00 1.501499e+00 2429
0.883760 2.312375e+00 2.313293e+00 1.814221e+00 2981
0.884316 2.489139e+00 2.583832e+00 2.027606e+00 3212
0.884901 2.695752e+00 2.713834e+00 2.132563e+00 3482
0.885483 1.978470e+00 2.009333e+00 1.575979e+00 2558
0.886058 2.033727e+00 2.173064e+00 1.703728e+00 2632
0.886594 2.227054e+00 2.279637e+00 1.786542e+00 2885
0.887164 2.171680e+00 2.218154e+00 1.738880e+00 2816
0.887748 1.716552e+00 1.964235e+00 1.538511e+00 2228
0.888314 2.014300e+00 2.036452e+00 1.596884e+00 2617
0.888844 1.661706e+00 1.637906e+00 1.282910e+00 2161
0.889431 2.312305e+00 2.382292e+00 1.869889e+00 3010
0.890011 1.627023e+00 1.702378e+00 1.366556e+00 2120
0.890531 1.646917e+00 1.724178e+00 1.405057e+00 2148
0.891103 1.848309e+00 1.917060e+00 1.560225e+00 2413
0.891732 2.074563e+00 2.210615e+00 1.811342e+00 2711
0.892263 2.022866e+00 2.149317e+00 1.748955e+00 2646
0.892863 1.859759e+00 1.873763e+00 1.523760e+00 2435
0.893441 2.200562e+00 2.344085e+00 1.908036e+00 2884
0.893986 1.890474e+00 1.947843e+00 1.584001e+00 2480
0.894547 1.732533e+00 1.748481e+00 1.424949e+00 2275
0.895146 1.285023e+00 1.331220e+00 1.084792e+00 1689
0.895709 2.006626e+00 2.004057e+00 1.631674e+00 2640
0.896237 1.778407e+00 1.826313e+00 1.485172e+00 2342
0.896821 1.593108e+00 1.561248e+00 1.269620e+00 2100
0.897421 1.830312e+00 1.899722e+00 1.544869e+00 2415
0.897979 1.858081e+00 1.844758e+00 1.503118e+00 2454
0.898522 1.894874e+00 1.850450e+00 1.506481e+00 2505
0.899113 1.772140e+00 1.750954e+00 1.423890e+00 2345
0.899654 1.465424e+00 1.452489e+00 1.181176e+00 1941
0.900242 1.851707e+00 1.875912e+00 1.566268e+00 2455
0.900828 1.734640e+00 1.702380e+00 1.419808e+00 2302
0.901375 1.311401e+00 1.272667e+00 1.063644e+00 1742
0.902008 1.515465e+00 1.572479e+00 1.311469e+00 2015
0.902534 1.691337e+00 1.732984e+00 1.446686e+00 2251
0.903120 1.343667e+00 1.420558e+00 1.186237e+00 1790
0.903681 1.573361e+00 1.547700e+00 1.296437e+00 2098
0.904296 1.514916e+00 1.485661e+00 1.239062e+00 2022
0.904869 1.615263e+00 1.600021e+00 1.334439e+00 2158
0.905427 1.594277e+00 1.734731e+00 1.446789e+00 2132
0.905984 1.586778e+00 1.567433e+00 1.307261e+00 2124
0.906598 1.721100e+00 1.733230e+00 1.451110e+00 2306
0.907111 1.667263e+00 1.745904e+00 1.456107e+00 2236
0.907692 1.804975e+00 1.799103e+00 1.504822e+00 2423
0.908312 1.706505e+00 1.797640e+00 1.500463e+00 2293
0.908876 1.151704e+00 1.184019e+00 9.884528e-01 1549
0.909485 1.507897e+00 1.487516e+00 1.243260e+00 2030
0.910025 1.667497e+00 1.775558e+00 1.518571e+00 2247
0.910602 1.252954e+00 1.275829e+00 1.106097e+00 1690
0.911177 1.287316e+00 1.343977e+00 1.161671e+00 1738
0.911742 9.649391e-01 1.009939e+00 8.729449e-01 1304
0.912344 1.573929e+00 1.562633e+00 1.353993e+00 2129
0.912917 1.511132e+00 1.508453e+00 1.303837e+00 2046
0.913494 1.002038e+00 1.066040e+00 9.242735e-01 1358
0.914033 1.425701e+00 1.430698e+00 1.237803e+00 1934
0.914651 1.127548e+00 1.122244e+00 9.713862e-01 1531
0.915266 1.116179e+00 1.129963e+00 9.784512e-01 1517
0.915779 9.732500e-01 9.820848e-01 8.488687e-01 1324
0.916395 1.139034e+00 1.106853e+00 9.581831e-01 1551
0.916954 9.061093e-01 9.500915e-01 8.229802e-01 1235
0.917541 1.191854e+00 1.209537e+00 1.045468e+00 1626
0.918111 1.373071e+00 1.372215e+00 1.187156e+00 1875
0.918707 1.679050e+00 1.722415e+00 1.490144e+00 2295
0.919300 1.317120e+00 1.315338e+00 1.136918e+00 1802
0.919859 1.139890e+00 1.230978e+00 1.068246e+00 1561
0.920486 1.294936e+00 1.327063e+00 1.162363e+00 1775
0.921038 9.074222e-01 9.481826e-01 8.309139e-01 1245
0.921540 1.289582e+00 1.284968e+00 1.122871e+00 1771
0.922145 1.284001e+00 1.345006e+00 1.175335e+00 1765
0.922747 1.101093e+00 1.115826e+00 9.770389e-01 1515
0.923285 1.247457e+00 1.265874e+00 1.107440e+00 1718
0.923843 1.276025e+00 1.282901e+00 1.121960e+00 1759
0.924488 1.040007e+00 1.068196e+00 9.350551e-01 1435
0.925055 1.568319e+00 1.611773e+00 1.408450e+00 2166
0.925664 1.160304e+00 1.160817e+00 1.015275e+00 1604
0.926242 1.020455e+00 9.794117e-01 8.558603e-01 1412
0.926809 1.135743e+00 1.225246e+00 1.071843e+00 1573
0.927354 1.120250e+00 1.160194e+00 1.016335e+00 1553
0.927925 1.166043e+00 1.211629e+00 1.059676e+00 1618
0.928505 1.044710e+00 1.010425e+00 8.862601e-01 1451
0.929147 8.523925e-01 8.218581e-01 7.181819e-01 1185
0.929654 1.080123e+00 1.069266e+00 9.343795e-01 1503
0.930237 1.092035e+00 1.086738e+00 9.691650e-01 1521
0.930860 1.217258e+00 1.205112e+00 1.075106e+00 1697
0.931417 1.241918e+00 1.286168e+00 1.147438e+00 1733
0.932010 8.698897e-01 9.015173e-01 8.036329e-01 1215
0.932584 7.052754e-01 7.123465e-01 6.350017e-01 986
0.933212 1.409233e+00 1.444958e+00 1.289061e+00 1972
0.933847 1.112340e+00 1.105941e+00 9.866241e-01 1558
0.934293 8.338332e-01 8.536264e-01 7.609419e-01 1169
0.934925 7.788960e-01 7.757901e-01 6.915568e-01 1093
0.935608 7.617947e-01 7.790082e-01 6.944255e-01 1070
0.936134 8.656449e-01 8.294345e-01 7.420234e-01 1217
0.936724 1.075896e+00 1.054677e+00 9.408421e-01 1514
0.937299 1.210498e+00 1.219908e+00 1.087454e+00 1705
0.937844 9.625323e-01 9.888775e-01 8.840662e-01 1357
0.938436 8.851027e-01 8.628206e-01 7.691378e-01 1249
0.938947 6.478110e-01 6.615306e-01 5.909069e-01 915
0.939627 1.011485e+00 1.045862e+00 9.323048e-01 1430
0.940220 1.083333e+00 1.087217e+00 9.877132e-01 1533
0.940724 8.027434e-01 7.789937e-01 7.084936e-01 1137
0.941420 8.182217e-01 8.998214e-01 8.183862e-01 1160
0.941941 1.028875e+00 1.040927e+00 9.467212e-01 1460
0.942567 7.286977e-01 7.698385e-01 7.022934e-01 1035
0.943145 8.447872e-01 8.303492e-01 7.564522e-01 1201
0.943756 5.495517e-01 5.294741e-01 4.815559e-01 782
0.944309 4.739180e-01 4.525953e-01 4.129473e-01 675
0.944899 8.592774e-01 8.267642e-01 7.532528e-01 1225
0.945478 6.300210e-01 6.443623e-01 5.860465e-01 899
0.946033 1.329592e+00 1.373056e+00 1.248792e+00 1899
0.946688 7.715561e-01 7.652394e-01 6.967950e-01 1103
0.947238 5.702703e-01 5.599038e-01 5.111647e-01 816
0.947816 6.214116e-01 6.089968e-01 5.538817e-01 890
0.948394 6.898976e-01 7.331144e-01 6.667665e-01 989
0.949019 9.812736e-01 9.577823e-01 8.711016e-01 1408
0.949548 8.891555e-01 8.993922e-01 8.179959e-01 1277
0.950150 5.989485e-01 6.073387e-01 5.505689e-01 861
0.950697 5.907517e-01 6.218510e-01 5.631250e-01 850
0.951335 8.707299e-01 9.793464e-01 8.868593e-01 1254
0.951970 7.811319e-01 7.984106e-01 7.230107e-01 1126
0.952578 1.188640e+00 1.200351e+00 1.087905e+00 1715
0.953082 7.436883e-01 7.734463e-01 7.004040e-01 1074
0.953748 1.288152e+00 1.370594e+00 1.241158e+00 1862
0.954317 6.994693e-01 6.784694e-01 6.143964e-01 1012
0.954870 8.611039e-01 8.592479e-01 7.786112e-01 1247
0.955522 7.126735e-01 6.880672e-01 6.230878e-01 1033
0.956045 8.133428e-01 8.388652e-01 7.620988e-01 1180
0.956646 1.044669e+00 1.068486e+00 9.730162e-01 1517
0.957231 7.540592e-01 7.371353e-01 6.675221e-01 1096
0.957889 7.382460e-01 7.122409e-01 6.449786e-01 1074
0.958454 1.006776e+00 1.023851e+00 9.280961e-01 1466
0.959057 7.705147e-01 7.873456e-01 7.129906e-01 1123
0.959584 6.889214e-01 7.508253e-01 6.807322e-01 1005
0.960149 5.204989e-01 4.929468e-01 4.560124e-01 760
0.960789 6.917676e-01 6.563201e-01 6.110950e-01 1011
0.961385 5.421073e-01 5.641577e-01 5.264308e-01 793
0.961900 6.064964e-01 5.842671e-01 5.452351e-01 888
0.962616 4.667397e-01 4.661494e-01 4.336046e-01 684
0.963197 7.424206e-01 7.418424e-01 6.900497e-01 1089
0.963773 6.027943e-01 6.347484e-01 5.910845e-01 885
0.964282 5.757052e-01 5.700904e-01 5.302888e-01 846
0.964963 4.310455e-01 4.115766e-01 3.828418e-01 634
0.965464 6.826596e-01 6.693117e-01 6.231427e-01 1005
0.966177 7.716192e-01 7.781312e-01 7.238050e-01 1137
0.966677 5.586945e-01 5.580332e-01 5.195880e-01 824
0.967306 5.913795e-01 6.038379e-01 5.616802e-01 873
0.967904 7.248472e-01 7.369742e-01 6.855214e-01 1071
0.968495 6.450754e-01 6.589425e-01 6.129376e-01 954
0.969091 6.093601e-01 6.024710e-01 5.604087e-01 902
0.969715 4.927151e-01 4.765911e-01 4.433172e-01 730
0.970304 5.421691e-01 5.500734e-01 5.191801e-01 804
0.970930 4.379232e-01 4.235750e-01 3.997861e-01 650
0.971512 4.725282e-01 4.685665e-01 4.435360e-01 702
0.972154 4.135919e-01 4.080963e-01 3.851767e-01 615
0.972677 6.188180e-01 6.250354e-01 5.899321e-01 921
0.973293 3.027516e-01 3.566873e-01 3.366550e-01 451
0.973920 4.278951e-01 4.165604e-01 3.940129e-01 638
0.974505 8.657373e-01 8.397420e-01 7.935777e-01 1292
0.975134 4.907211e-01 4.859697e-01 4.586766e-01 733
0.975676 5.524819e-01 5.856104e-01 5.527213e-01 826
0.976358 3.200966e-01 3.367676e-01 3.178540e-01 479
0.976863 5.127603e-01 5.531819e-01 5.221140e-01 768
0.977381 5.183010e-01 4.987746e-01 4.707623e-01 777
0.978082 2.625822e-01 2.489606e-01 2.349784e-01 394
0.978800 2.417040e-01 2.267939e-01 2.140567e-01 363
0.979272 6.546071e-01 6.829714e-01 6.446143e-01 984
0.979944 5.144404e-01 5.010106e-01 4.724047e-01 774
0.980444 6.129211e-01 6.382154e-01 6.014853e-01 923
0.981070 5.632736e-01 5.516809e-01 5.196010e-01 849
0.981686 3.791550e-01 3.954799e-01 3.737334e-01 572
0.982225 5.251740e-01 5.748671e-01 5.414390e-01 793
0.982850 6.080720e-01 6.214750e-01 5.853367e-01 919
0.983483 5.037372e-01 4.815527e-01 4.535508e-01 762
0.984035 2.774011e-01 2.891925e-01 2.729050e-01 420
0.984702 4.361845e-01 4.546577e-01 4.282196e-01 661
0.985161 5.419394e-01 5.294443e-01 4.986575e-01 822
0.985873 5.309141e-01 5.200377e-01 4.897979e-01 806
0.986428 5.376774e-01 5.354428e-01 5.047231e-01 817
0.987047 4.168690e-01 3.992612e-01 3.764227e-01 634
0.987593 6.359113e-01 6.321092e-01 5.953525e-01 968
0.988275 4.358131e-01 4.364552e-01 4.110757e-01 664
0.988914 3.770606e-01 3.776585e-01 3.556979e-01 575
0.989426 4.081716e-01 4.059206e-01 3.823166e-01 623
0.990153 3.711498e-01 3.569830e-01 3.384424e-01 567
0.990614 2.844901e-01 2.897500e-01 2.752767e-01 435
0.991175 1.568198e-01 1.574653e-01 1.499208e-01 240
0.991848 4.328280e-01 4.298085e-01 4.083391e-01 663
0.992457 3.756960e-01 3.791084e-01 3.601715e-01 576
0.993013 4.926610e-01 5.057708e-01 4.805070e-01 756
0.993616 4.179978e-01 3.970525e-01 3.775667e-01 642
0.994213 3.688372e-01 3.537315e-01 3.365349e-01 567
0.994849 3.581098e-01 3.523628e-01 3.347619e-01 551
0.995452 5.396084e-01 5.251790e-01 4.994433e-01 831
0.996069 5.585912e-01 5.624028e-01 5.358865e-01 861
0.996705 4.958677e-01 4.871777e-01 4.635812e-01 765
0.997312 3.775605e-01 4.057568e-01 3.859468e-01 583
0.997899 4.542227e-01 4.699365e-01 4.464627e-01 702
0.998550 4.305463e-01 4.208183e-01 3.997980e-01 666
0.999019 5.128381e-01 5.185691e-01 4.929446e-01 794
0.999721 3.968708e-01 4.311656e-01 4.102818e-01 615
