#Interval: 1.000000 Mpc/h, Area= 1.000000 deg^2
# z <nobs> <wc nobs> <wc wfkp nobs> N_obj
0.600221 3.002701e+01 3.025143e+01 7.910565e+00 22673
0.600655 2.962644e+01 3.000330e+01 7.863004e+00 22399
0.601113 2.974073e+01 3.010025e+01 7.874215e+00 22514
0.601550 3.007107e+01 3.035007e+01 7.961256e+00 22793
0.601995 3.051782e+01 3.105201e+01 8.164858e+00 23161
0.602440 2.783536e+01 2.796857e+01 7.358252e+00 21152
0.602880 3.092419e+01 3.114848e+01 8.182030e+00 23529
0.603309 3.091917e+01 3.098005e+01 8.180304e+00 23555
0.603761 2.857011e+01 2.875496e+01 7.584150e+00 21793
0.604213 2.886132e+01 2.932058e+01 7.745548e+00 22043
0.604653 3.119042e+01 3.143016e+01 8.307608e+00 23852
0.605091 2.859516e+01 2.889393e+01 7.661779e+00 21895
0.605548 2.918908e+01 2.939221e+01 7.797991e+00 22378
0.605991 2.672400e+01 2.723958e+01 7.262401e+00 20514
0.606435 2.821518e+01 2.843580e+01 7.582677e+00 21686
0.606874 2.887614e+01 2.943998e+01 7.861987e+00 22222
0.607332 2.676980e+01 2.700410e+01 7.179719e+00 20627
0.607753 2.641726e+01 2.649229e+01 7.110330e+00 20381
0.608201 2.592449e+01 2.635014e+01 7.070578e+00 20026
0.608656 2.707623e+01 2.724398e+01 7.302359e+00 20942
0.609090 2.980947e+01 2.985187e+01 7.988965e+00 23085
0.609539 2.600106e+01 2.606466e+01 6.989263e+00 20161
0.609990 2.510932e+01 2.527572e+01 6.902222e+00 19494
0.610433 2.586644e+01 2.610979e+01 7.249883e+00 20107
0.610876 2.935705e+01 2.997363e+01 8.319684e+00 22849
0.611320 2.534617e+01 2.551286e+01 7.097147e+00 19752
0.611749 2.536060e+01 2.552037e+01 7.138271e+00 19788
0.612199 2.790684e+01 2.808143e+01 7.833223e+00 21802
0.612658 2.871956e+01 2.887432e+01 8.042775e+00 22465
0.613091 2.557465e+01 2.600109e+01 7.209230e+00 20030
0.613538 2.699905e+01 2.710940e+01 7.566242e+00 21172
0.613996 2.805434e+01 2.861371e+01 7.959374e+00 22027
0.614430 2.463064e+01 2.503486e+01 6.981760e+00 19363
0.614871 2.713708e+01 2.718083e+01 7.591111e+00 21360
0.615322 2.924391e+01 2.943325e+01 8.239525e+00 23047
0.615765 2.547532e+01 2.563094e+01 7.170108e+00 20102
0.616215 2.809915e+01 2.834187e+01 7.923485e+00 22200
0.616665 2.418328e+01 2.458682e+01 6.890120e+00 19130
0.617117 2.749658e+01 2.794091e+01 7.809258e+00 21778
0.617561 2.651292e+01 2.669312e+01 7.485939e+00 21025
0.618004 2.574326e+01 2.605894e+01 7.313241e+00 20440
0.618446 2.559186e+01 2.612385e+01 7.306248e+00 20345
0.618891 2.538553e+01 2.585537e+01 7.240725e+00 20206
0.619338 2.687741e+01 2.711140e+01 7.619769e+00 21420
0.619802 2.500693e+01 2.532373e+01 7.124530e+00 19954
0.620246 2.795877e+01 2.811076e+01 8.230015e+00 22337
0.620677 2.602403e+01 2.637793e+01 7.748446e+00 20817
0.621131 2.669235e+01 2.731318e+01 8.001524e+00 21378
0.621585 2.540613e+01 2.562408e+01 7.510671e+00 20373
0.622029 2.211530e+01 2.248985e+01 6.600356e+00 17756
0.622477 2.840993e+01 2.867304e+01 8.441318e+00 22838
0.622927 2.439912e+01 2.479195e+01 7.315864e+00 19638
0.623385 2.680128e+01 2.692217e+01 7.991560e+00 21598
0.623821 2.386194e+01 2.405986e+01 7.091883e+00 19253
0.624262 2.419778e+01 2.463742e+01 7.290732e+00 19548
0.624715 2.136155e+01 2.145315e+01 6.371803e+00 17278
0.625163 2.386671e+01 2.442749e+01 7.238643e+00 19328
0.625613 2.274841e+01 2.278524e+01 6.792403e+00 18445
0.626053 2.376015e+01 2.408633e+01 7.145537e+00 19289
0.626501 2.447905e+01 2.445185e+01 7.317409e+00 19897
0.626960 2.494672e+01 2.510814e+01 7.498209e+00 20302
0.627407 2.205663e+01 2.217915e+01 6.623815e+00 17972
0.627853 2.249176e+01 2.253676e+01 6.751680e+00 18349
0.628314 2.395910e+01 2.434605e+01 7.300046e+00 19570
0.628749 2.127395e+01 2.159730e+01 6.493743e+00 17398
0.629205 2.238377e+01 2.242957e+01 6.761128e+00 18328
0.629649 2.158798e+01 2.166515e+01 6.526260e+00 17698
0.630114 2.332820e+01 2.338315e+01 7.445563e+00 19148
0.630556 2.090505e+01 2.116482e+01 6.832841e+00 17180
0.631000 2.144837e+01 2.166804e+01 7.023957e+00 17648
0.631445 2.080925e+01 2.095119e+01 6.794931e+00 17143
0.631896 1.890837e+01 1.909640e+01 6.210042e+00 15596
0.632354 2.117643e+01 2.128702e+01 6.935505e+00 17488
0.632803 2.041415e+01 2.054033e+01 6.696985e+00 16879
0.633266 2.190294e+01 2.198921e+01 7.175305e+00 18132
0.633702 2.004850e+01 2.022108e+01 6.612566e+00 16617
0.634151 2.274758e+01 2.297255e+01 7.512157e+00 18877
0.634599 1.889262e+01 1.893986e+01 6.183754e+00 15697
0.635048 2.063805e+01 2.124138e+01 6.893842e+00 17168
0.635503 2.463530e+01 2.502205e+01 8.171756e+00 20518
0.635940 1.826884e+01 1.840309e+01 6.029474e+00 15234
0.636402 1.993320e+01 2.016400e+01 6.598590e+00 16642
0.636856 1.889343e+01 1.923434e+01 6.271375e+00 15793
0.637301 2.438973e+01 2.453430e+01 8.067182e+00 20412
0.637747 1.899463e+01 1.892526e+01 6.179077e+00 15916
0.638197 1.937222e+01 1.967212e+01 6.486364e+00 16252
0.638651 1.964174e+01 1.977662e+01 6.483100e+00 16498
0.639115 2.040170e+01 2.082166e+01 6.826385e+00 17157
0.639550 2.037238e+01 2.069871e+01 6.817903e+00 17153
0.640021 2.185204e+01 2.210951e+01 7.473936e+00 18421
0.640457 2.036723e+01 2.060908e+01 7.108221e+00 17190
0.640907 1.950608e+01 1.974403e+01 6.863240e+00 16483
0.641364 1.909141e+01 1.950800e+01 6.782634e+00 16152
0.641820 2.033641e+01 2.073164e+01 7.171690e+00 17226
0.642277 1.920479e+01 1.974199e+01 6.853536e+00 16287
0.642719 1.876249e+01 1.889350e+01 6.547486e+00 15931
0.643185 1.815067e+01 1.844507e+01 6.398805e+00 15430
0.643622 1.975736e+01 2.034496e+01 7.029197e+00 16816
0.644092 1.817177e+01 1.831278e+01 6.379172e+00 15485
0.644535 1.676578e+01 1.706423e+01 5.926473e+00 14304
0.644991 1.772327e+01 1.820764e+01 6.328078e+00 15139
0.645429 1.763427e+01 1.774998e+01 6.192082e+00 15081
0.645883 1.907427e+01 1.917530e+01 6.709694e+00 16332
0.646349 1.802030e+01 1.823230e+01 6.385766e+00 15448
0.646801 1.825747e+01 1.842349e+01 6.449062e+00 15670
0.647237 1.498423e+01 1.541903e+01 5.360444e+00 12876
0.647703 1.778391e+01 1.783647e+01 6.261581e+00 15300
0.648146 1.769888e+01 1.806797e+01 6.333390e+00 15245
0.648606 1.730328e+01 1.767080e+01 6.184325e+00 14922
0.649072 1.861116e+01 1.875965e+01 6.553756e+00 16069
0.649520 1.910383e+01 1.938286e+01 6.801400e+00 16514
0.649957 1.921979e+01 1.926805e+01 6.848132e+00 16634
0.650439 1.684958e+01 1.689811e+01 6.084380e+00 14600
0.650878 1.747511e+01 1.763907e+01 6.339799e+00 15160
0.651340 1.767660e+01 1.799830e+01 6.507983e+00 15353
0.651789 1.719106e+01 1.746840e+01 6.299694e+00 14949
0.652224 1.603472e+01 1.645024e+01 5.913636e+00 13960
0.652696 1.670065e+01 1.679559e+01 6.072428e+00 14557
0.653140 1.772138e+01 1.810103e+01 6.529951e+00 15465
0.653587 1.898232e+01 1.915905e+01 6.919617e+00 16585
0.654064 1.823511e+01 1.856735e+01 6.708989e+00 15951
0.654513 1.623704e+01 1.655715e+01 5.982120e+00 14220
0.654953 1.836886e+01 1.881657e+01 6.818853e+00 16106
0.655417 1.612585e+01 1.617908e+01 5.808371e+00 14156
0.655875 1.702619e+01 1.706766e+01 6.168352e+00 14964
0.656331 1.772552e+01 1.798470e+01 6.541746e+00 15597
0.656778 1.840844e+01 1.883281e+01 6.775871e+00 16217
0.657244 1.498652e+01 1.508065e+01 5.486447e+00 13218
0.657714 1.822473e+01 1.850154e+01 6.709546e+00 16093
0.658160 1.578722e+01 1.577676e+01 5.700096e+00 13957
0.658603 1.654824e+01 1.688227e+01 6.141495e+00 14647
0.659061 1.800825e+01 1.829264e+01 6.659559e+00 15958
0.659525 1.706849e+01 1.753824e+01 6.342195e+00 15143
0.659967 1.635947e+01 1.638751e+01 6.085146e+00 14531
0.660441 1.739060e+01 1.779470e+01 6.768936e+00 15465
0.660881 1.369625e+01 1.395978e+01 5.295276e+00 12194
0.661350 1.543485e+01 1.577475e+01 5.975647e+00 13758
0.661790 1.649590e+01 1.670946e+01 6.325023e+00 14721
0.662256 1.684374e+01 1.739402e+01 6.600289e+00 15049
0.662706 1.631986e+01 1.656530e+01 6.333003e+00 14598
0.663166 1.479445e+01 1.492393e+01 5.663548e+00 13249
0.663633 1.541627e+01 1.571686e+01 5.990119e+00 13822
0.664083 1.638088e+01 1.651337e+01 6.277622e+00 14704
0.664530 1.573086e+01 1.598158e+01 6.042669e+00 14137
0.664994 1.587370e+01 1.614600e+01 6.092051e+00 14282
0.665457 1.889592e+01 1.925765e+01 7.373824e+00 17021
0.665910 1.594322e+01 1.639911e+01 6.243010e+00 14378
0.666377 1.476062e+01 1.519851e+01 5.841157e+00 13327
0.666823 1.419917e+01 1.455048e+01 5.501644e+00 12835
0.667289 1.759602e+01 1.779292e+01 6.768062e+00 15924
0.667752 1.593437e+01 1.629745e+01 6.228609e+00 14437
0.668194 1.405386e+01 1.433796e+01 5.447582e+00 12748
0.668654 1.628613e+01 1.667579e+01 6.376091e+00 14790
0.669110 1.518498e+01 1.533882e+01 5.869086e+00 13806
0.669571 1.456535e+01 1.482010e+01 5.619409e+00 13258
0.670023 1.361685e+01 1.396794e+01 5.428885e+00 12409
0.670487 1.623276e+01 1.652914e+01 6.622261e+00 14810
0.670947 1.445465e+01 1.484504e+01 5.956589e+00 13203
0.671396 1.546259e+01 1.573909e+01 6.307597e+00 14140
0.671878 1.461679e+01 1.473241e+01 5.904011e+00 13382
0.672328 1.410242e+01 1.419351e+01 5.682941e+00 12926
0.672787 1.491763e+01 1.509902e+01 6.019088e+00 13689
0.673240 1.461851e+01 1.502480e+01 6.079626e+00 13430
0.673694 1.476041e+01 1.486309e+01 5.954787e+00 13576
0.674166 1.525817e+01 1.563306e+01 6.284251e+00 14050
0.674625 1.509091e+01 1.524088e+01 6.163644e+00 13912
0.675069 1.326629e+01 1.340314e+01 5.420420e+00 12244
0.675536 1.321533e+01 1.367316e+01 5.523581e+00 12211
0.676011 1.227048e+01 1.231391e+01 4.982227e+00 11351
0.676463 1.267858e+01 1.304001e+01 5.300236e+00 11742
0.676923 1.434005e+01 1.479598e+01 5.973843e+00 13296
0.677366 1.367400e+01 1.395826e+01 5.702947e+00 12693
0.677850 1.422649e+01 1.468213e+01 5.963446e+00 13221
0.678274 1.229271e+01 1.252443e+01 5.074599e+00 11437
0.678750 1.282724e+01 1.291514e+01 5.247400e+00 11948
0.679212 1.288870e+01 1.304710e+01 5.245099e+00 12019
0.679665 1.299714e+01 1.314495e+01 5.325882e+00 12134
0.680151 1.234783e+01 1.301096e+01 5.347274e+00 11541
0.680602 1.346012e+01 1.342859e+01 5.539471e+00 12595
0.681067 1.330278e+01 1.375690e+01 5.679025e+00 12462
0.681525 1.192813e+01 1.200489e+01 4.929862e+00 11187
0.681976 1.265899e+01 1.304444e+01 5.389108e+00 11886
0.682441 1.284350e+01 1.312183e+01 5.429500e+00 12073
0.682910 1.395204e+01 1.399966e+01 5.843397e+00 13130
0.683349 1.375041e+01 1.396829e+01 5.792184e+00 12955
0.683834 1.495293e+01 1.544266e+01 6.348006e+00 14104
0.684294 1.220692e+01 1.267022e+01 5.259153e+00 11527
0.684747 1.391617e+01 1.419478e+01 5.911335e+00 13156
0.685216 1.308574e+01 1.302095e+01 5.422710e+00 12385
0.685671 1.257381e+01 1.298117e+01 5.380180e+00 11914
0.686136 1.475013e+01 1.478602e+01 6.095971e+00 13992
0.686595 1.409109e+01 1.418919e+01 5.926495e+00 13382
0.687043 1.145615e+01 1.170218e+01 4.883221e+00 10892
0.687518 1.343197e+01 1.407888e+01 5.773928e+00 12785
0.687983 1.230123e+01 1.247891e+01 5.241817e+00 11722
0.688457 1.287852e+01 1.291561e+01 5.385392e+00 12286
0.688908 1.232368e+01 1.263372e+01 5.192697e+00 11770
0.689367 1.175336e+01 1.224689e+01 5.047991e+00 11238
0.689840 1.235853e+01 1.257133e+01 5.262658e+00 11830
0.690296 1.147117e+01 1.164232e+01 5.018917e+00 10993
0.690775 1.217848e+01 1.230439e+01 5.365311e+00 11684
0.691211 1.207208e+01 1.218432e+01 5.274010e+00 11595
0.691688 1.058588e+01 1.102893e+01 4.767737e+00 10179
0.692147 1.211346e+01 1.229787e+01 5.338762e+00 11661
0.692620 1.280645e+01 1.297778e+01 5.618673e+00 12342
0.693064 1.272053e+01 1.285075e+01 5.504737e+00 12273
0.693537 1.369597e+01 1.409351e+01 6.149829e+00 13229
0.693996 1.307458e+01 1.359782e+01 5.856716e+00 12643
0.694490 1.094953e+01 1.115610e+01 4.881479e+00 10600
0.694941 1.294825e+01 1.354103e+01 5.868593e+00 12549
0.695394 1.209580e+01 1.228557e+01 5.329977e+00 11736
0.695857 1.110009e+01 1.128419e+01 4.900280e+00 10782
0.696333 1.240291e+01 1.268898e+01 5.507506e+00 12061
0.696775 1.220002e+01 1.256956e+01 5.422962e+00 11877
0.697245 1.112851e+01 1.116168e+01 4.877329e+00 10846
0.697718 1.125544e+01 1.141789e+01 4.953034e+00 10982
0.698189 9.439005e+00 9.622028e+00 4.191163e+00 9220
0.698640 1.044289e+01 1.071849e+01 4.704925e+00 10212
0.699108 1.165086e+01 1.186589e+01 5.183436e+00 11406
0.699573 1.050121e+01 1.060738e+01 4.617860e+00 10292
0.700043 1.037942e+01 1.053002e+01 4.744998e+00 10184
0.700506 1.049409e+01 1.060308e+01 4.855719e+00 10308
0.700974 1.144745e+01 1.161816e+01 5.321459e+00 11257
0.701440 1.070130e+01 1.096975e+01 5.001082e+00 10535
0.701893 1.132862e+01 1.151080e+01 5.289598e+00 11165
0.702386 9.969044e+00 1.024650e+01 4.687980e+00 9836
0.702832 1.087114e+01 1.119634e+01 5.175321e+00 10738
0.703311 1.081356e+01 1.114520e+01 5.148397e+00 10693
0.703765 1.056113e+01 1.081933e+01 5.010766e+00 10455
0.704223 1.079359e+01 1.094018e+01 5.048377e+00 10697
0.704685 9.430012e+00 9.370882e+00 4.360548e+00 9356
0.705182 1.068006e+01 1.094304e+01 5.094828e+00 10608
0.705634 9.814406e+00 9.908813e+00 4.538269e+00 9759
0.706091 1.111449e+01 1.122292e+01 5.178307e+00 11064
0.706562 1.019507e+01 1.024558e+01 4.726021e+00 10160
0.707018 1.092953e+01 1.110740e+01 5.122198e+00 10904
0.707518 1.108866e+01 1.166354e+01 5.299770e+00 11075
0.707955 9.702230e+00 9.817336e+00 4.523536e+00 9701
0.708435 9.108086e+00 9.419331e+00 4.330824e+00 9117
0.708906 1.028156e+01 1.050946e+01 4.866513e+00 10303
0.709378 9.904389e+00 1.003892e+01 4.701828e+00 9936
0.709824 8.678690e+00 8.961963e+00 4.167276e+00 8716
0.710297 7.946036e+00 8.006180e+00 3.806285e+00 7989
0.710771 1.136694e+01 1.139497e+01 5.466232e+00 11441
0.711250 1.015954e+01 1.067557e+01 5.030524e+00 10237
0.711695 1.143115e+01 1.160781e+01 5.536229e+00 11531
0.712174 1.006788e+01 1.043980e+01 4.993835e+00 10167
0.712646 1.005286e+01 1.049429e+01 4.968456e+00 10163
0.713099 9.675241e+00 1.002397e+01 4.793438e+00 9792
0.713593 1.005448e+01 1.015901e+01 4.820070e+00 10187
0.714028 8.658248e+00 8.829896e+00 4.169154e+00 8782
0.714519 8.056873e+00 8.150287e+00 3.928983e+00 8181
0.714988 8.300866e+00 8.654517e+00 4.092231e+00 8438
0.715453 1.019422e+01 1.029221e+01 4.886860e+00 10374
0.715919 9.104290e+00 9.440474e+00 4.523917e+00 9275
0.716380 9.523796e+00 9.889802e+00 4.691665e+00 9713
0.716860 9.664216e+00 9.824191e+00 4.698727e+00 9867
0.717348 8.506994e+00 8.872946e+00 4.212707e+00 8695
0.717789 9.334278e+00 9.696965e+00 4.619542e+00 9551
0.718247 8.806678e+00 8.848732e+00 4.230123e+00 9021
0.718726 1.053386e+01 1.074377e+01 5.117985e+00 10802
0.719215 8.842999e+00 8.868639e+00 4.215418e+00 9078
0.719681 9.301397e+00 9.700983e+00 4.627234e+00 9559
0.720153 8.722649e+00 8.835118e+00 4.340775e+00 8974
0.720611 9.444264e+00 9.805744e+00 4.837608e+00 9727
0.721091 1.045721e+01 1.067799e+01 5.198721e+00 10782
0.721579 7.716662e+00 7.929522e+00 3.867028e+00 7965
0.722026 9.570260e+00 9.642836e+00 4.831458e+00 9889
0.722497 8.874460e+00 8.988455e+00 4.457294e+00 9180
0.722979 9.639288e+00 9.919904e+00 4.959142e+00 9982
0.723442 9.392495e+00 9.646151e+00 4.787534e+00 9737
0.723897 7.932131e+00 8.060530e+00 4.009724e+00 8232
0.724394 8.992900e+00 9.152591e+00 4.553761e+00 9343
0.724845 7.746686e+00 7.752759e+00 3.888573e+00 8057
0.725332 6.732712e+00 7.010884e+00 3.498171e+00 7010
0.725809 9.931754e+00 1.018946e+01 5.110258e+00 10352
0.726262 7.878731e+00 8.106556e+00 3.996536e+00 8221
0.726740 7.827133e+00 8.183099e+00 4.050461e+00 8176
0.727200 6.699809e+00 6.807060e+00 3.353538e+00 7006
0.727674 7.801634e+00 7.886925e+00 3.933635e+00 8167
0.728133 7.686338e+00 7.704141e+00 3.803907e+00 8055
0.728605 8.673189e+00 8.887045e+00 4.446927e+00 9099
0.729079 9.026616e+00 9.244120e+00 4.536673e+00 9480
0.729564 7.922116e+00 8.212337e+00 4.081546e+00 8329
0.730050 9.120241e+00 9.357214e+00 4.645274e+00 9599
0.730510 6.888577e+00 7.214075e+00 3.614749e+00 7258
0.731003 9.567076e+00 9.989615e+00 5.002059e+00 10091
0.731452 7.877649e+00 8.123539e+00 4.053394e+00 8318
0.731908 7.983654e+00 8.173514e+00 4.105600e+00 8439
0.732397 6.943109e+00 7.309131e+00 3.678984e+00 7347
0.732859 8.577291e+00 8.819859e+00 4.478361e+00 9086
0.733331 8.837785e+00 9.113663e+00 4.558038e+00 9372
0.733833 8.457163e+00 8.578389e+00 4.352185e+00 8978
0.734293 7.985137e+00 8.216579e+00 4.149591e+00 8486
0.734748 7.848746e+00 8.253205e+00 4.136754e+00 8350
0.735230 7.045979e+00 7.188493e+00 3.598663e+00 7504
0.735710 6.464408e+00 6.637551e+00 3.304957e+00 6892
0.736194 6.840708e+00 7.113950e+00 3.605362e+00 7301
0.736659 7.351914e+00 7.445062e+00 3.741614e+00 7855
0.737142 8.701611e+00 9.067651e+00 4.525372e+00 9307
0.737611 9.523538e+00 9.722258e+00 4.893685e+00 10197
0.738079 8.288399e+00 8.344858e+00 4.153180e+00 8884
0.738556 8.081049e+00 8.009278e+00 4.095750e+00 8671
0.739018 8.273523e+00 8.418116e+00 4.252725e+00 8887
0.739486 6.293155e+00 6.314985e+00 3.164501e+00 6767
0.739970 8.684167e+00 8.711246e+00 4.408781e+00 9348
0.740432 7.602157e+00 7.618481e+00 3.950432e+00 8192
0.740929 8.095582e+00 8.190032e+00 4.255788e+00 8733
0.741410 8.376819e+00 8.525752e+00 4.391223e+00 9046
0.741863 7.955348e+00 8.110796e+00 4.195429e+00 8600
0.742365 7.084752e+00 7.249889e+00 3.764688e+00 7667
0.742808 7.748307e+00 8.012098e+00 4.105579e+00 8394
0.743302 6.865015e+00 6.988518e+00 3.606115e+00 7445
0.743791 7.221576e+00 7.727988e+00 3.997276e+00 7840
0.744242 7.194599e+00 7.190676e+00 3.687057e+00 7819
0.744717 6.449804e+00 6.503420e+00 3.387327e+00 7017
0.745191 7.097647e+00 7.170656e+00 3.721036e+00 7730
0.745676 7.772550e+00 7.963339e+00 4.098036e+00 8474
0.746134 7.225572e+00 7.591264e+00 3.892419e+00 7886
0.746596 7.928194e+00 7.964308e+00 4.100099e+00 8662
0.747112 8.156625e+00 8.414228e+00 4.364012e+00 8921
0.747586 8.019228e+00 8.421868e+00 4.385291e+00 8780
0.748054 6.583790e+00 6.748921e+00 3.471516e+00 7216
0.748549 6.938680e+00 7.109911e+00 3.629528e+00 7613
0.749000 7.284624e+00 7.333256e+00 3.763377e+00 8001
0.749481 6.156437e+00 6.236711e+00 3.164076e+00 6769
0.749966 6.599684e+00 6.732046e+00 3.544872e+00 7264
0.750435 7.000244e+00 7.116889e+00 3.843827e+00 7713
0.750911 7.628430e+00 7.811670e+00 4.202755e+00 8414
0.751402 6.852389e+00 6.980608e+00 3.784000e+00 7566
0.751859 6.028216e+00 6.021088e+00 3.234956e+00 6663
0.752343 6.886800e+00 7.164304e+00 3.809893e+00 7620
0.752820 6.875055e+00 7.324445e+00 3.850256e+00 7615
0.753291 6.967950e+00 7.101401e+00 3.800377e+00 7726
0.753788 6.398456e+00 6.534680e+00 3.491891e+00 7102
0.754255 6.470048e+00 6.506728e+00 3.492949e+00 7189
0.754733 6.827384e+00 6.935373e+00 3.712208e+00 7594
0.755222 6.581338e+00 6.720229e+00 3.595598e+00 7328
0.755707 7.042771e+00 7.615413e+00 4.046419e+00 7850
0.756175 6.380260e+00 6.516714e+00 3.498554e+00 7119
0.756632 6.087990e+00 6.297137e+00 3.383561e+00 6800
0.757119 5.895602e+00 6.043382e+00 3.214432e+00 6592
0.757613 6.088677e+00 6.247566e+00 3.313293e+00 6815
0.758086 8.103812e+00 8.292550e+00 4.391917e+00 9080
0.758561 6.939004e+00 7.136699e+00 3.809576e+00 7783
0.759036 5.773950e+00 6.014011e+00 3.199782e+00 6483
0.759534 6.585567e+00 6.848317e+00 3.658409e+00 7402
0.760011 6.310296e+00 6.640085e+00 3.640925e+00 7100
0.760472 6.361436e+00 6.590902e+00 3.671917e+00 7165
0.760972 6.101156e+00 6.436312e+00 3.599773e+00 6879
0.761428 6.489967e+00 6.859771e+00 3.828033e+00 7325
0.761909 5.245876e+00 5.338049e+00 2.987002e+00 5927
0.762394 6.395140e+00 6.606836e+00 3.733014e+00 7233
0.762875 6.116460e+00 6.240336e+00 3.513667e+00 6925
0.763344 4.807797e+00 4.934008e+00 2.761776e+00 5449
0.763843 5.535262e+00 5.808419e+00 3.227563e+00 6280
0.764307 5.276820e+00 5.281187e+00 2.970804e+00 5993
0.764778 5.862432e+00 6.028621e+00 3.398093e+00 6665
0.765275 6.930099e+00 7.401717e+00 4.173370e+00 7887
0.765750 6.347989e+00 6.297725e+00 3.540164e+00 7232
0.766236 5.771464e+00 5.843655e+00 3.264204e+00 6582
0.766724 5.867981e+00 6.132068e+00 3.505071e+00 6699
0.767181 5.672031e+00 5.964990e+00 3.340346e+00 6482
0.767712 5.022805e+00 5.147175e+00 2.900297e+00 5746
0.768141 5.793052e+00 6.063252e+00 3.384564e+00 6634
0.768630 5.950200e+00 6.167994e+00 3.467638e+00 6821
0.769112 5.367172e+00 5.587553e+00 3.117873e+00 6159
0.769601 5.648915e+00 5.771263e+00 3.232136e+00 6489
0.770092 5.813544e+00 6.030886e+00 3.483224e+00 6685
0.770586 5.126460e+00 5.296508e+00 3.091856e+00 5901
0.771062 5.640157e+00 5.750974e+00 3.424470e+00 6499
0.771530 5.398542e+00 5.591352e+00 3.272222e+00 6227
0.772019 5.323705e+00 5.474334e+00 3.214499e+00 6147
0.772485 5.833013e+00 5.955438e+00 3.514817e+00 6742
0.772968 5.284248e+00 5.462235e+00 3.252603e+00 6114
0.773459 4.938643e+00 5.085427e+00 2.995073e+00 5720
0.773951 5.290655e+00 5.523894e+00 3.252837e+00 6134
0.774432 4.411537e+00 4.579158e+00 2.677043e+00 5120
0.774937 4.755616e+00 4.758297e+00 2.784260e+00 5525
0.775399 4.676795e+00 4.816034e+00 2.806779e+00 5439
0.775888 5.117817e+00 5.312038e+00 3.102627e+00 5958
0.776375 5.067957e+00 5.091721e+00 2.967569e+00 5906
0.776839 4.566439e+00 4.561874e+00 2.703639e+00 5327
0.777340 5.573117e+00 5.832167e+00 3.467095e+00 6508
0.777775 4.382590e+00 4.554369e+00 2.638784e+00 5123
0.778305 5.014790e+00 5.191015e+00 3.017689e+00 5868
0.778771 5.137729e+00 5.202148e+00 3.066705e+00 6018
0.779242 4.512460e+00 4.630432e+00 2.712992e+00 5291
0.779729 5.306168e+00 5.583219e+00 3.257519e+00 6228
0.780207 4.769661e+00 5.010052e+00 2.997599e+00 5604
0.780724 5.489214e+00 5.574369e+00 3.312265e+00 6456
0.781205 5.066576e+00 5.244616e+00 3.123532e+00 5965
0.781688 4.803469e+00 4.978939e+00 2.963411e+00 5661
0.782205 4.194203e+00 4.327261e+00 2.584010e+00 4948
0.782627 4.852131e+00 4.944687e+00 2.978515e+00 5730
0.783132 4.768528e+00 4.819847e+00 2.874781e+00 5637
0.783646 4.610726e+00 4.785094e+00 2.842349e+00 5456
0.784092 5.135368e+00 5.239629e+00 3.111158e+00 6083
0.784590 4.348362e+00 4.358843e+00 2.581523e+00 5156
0.785082 4.671686e+00 4.776779e+00 2.857943e+00 5545
0.785531 5.343637e+00 5.458435e+00 3.263486e+00 6349
0.786037 4.674833e+00 4.743316e+00 2.856292e+00 5560
0.786533 4.634821e+00 4.720447e+00 2.834242e+00 5518
0.787035 4.828156e+00 4.982216e+00 2.960859e+00 5754
0.787498 5.410044e+00 5.457039e+00 3.276229e+00 6454
0.788001 4.184483e+00 4.325011e+00 2.577371e+00 4997
0.788468 5.066163e+00 5.120166e+00 3.032830e+00 6056
0.788979 4.318937e+00 4.527915e+00 2.696539e+00 5168
0.789456 4.078310e+00 4.101747e+00 2.432168e+00 4885
0.789912 4.856506e+00 5.132129e+00 3.075966e+00 5823
0.790401 4.742461e+00 4.965606e+00 3.013845e+00 5692
0.790905 4.612828e+00 4.633443e+00 2.791901e+00 5542
0.791403 4.766166e+00 4.779740e+00 2.911252e+00 5732
0.791867 4.185715e+00 4.151606e+00 2.497526e+00 5039
0.792367 5.091823e+00 5.294266e+00 3.206997e+00 6136
0.792855 4.285893e+00 4.426227e+00 2.696027e+00 5170
0.793329 4.385103e+00 4.579826e+00 2.782006e+00 5295
0.793819 4.486593e+00 4.648691e+00 2.830049e+00 5423
0.794317 4.632508e+00 4.523366e+00 2.747631e+00 5605
0.794793 4.486668e+00 4.555637e+00 2.757634e+00 5434
0.795288 5.118939e+00 5.193701e+00 3.111425e+00 6206
0.795785 5.008331e+00 5.083345e+00 3.069770e+00 6078
0.796254 4.767879e+00 4.776866e+00 2.913391e+00 5792
0.796756 4.356856e+00 4.329351e+00 2.603605e+00 5298
0.797244 3.579428e+00 3.665370e+00 2.222536e+00 4357
0.797728 4.955463e+00 5.196568e+00 3.143336e+00 6038
0.798210 4.610249e+00 4.887836e+00 2.955321e+00 5623
0.798700 3.992154e+00 4.182785e+00 2.519994e+00 4874
0.799188 3.893246e+00 3.965734e+00 2.382964e+00 4758
0.799687 4.315241e+00 4.440838e+00 2.690758e+00 5279
0.800144 3.322006e+00 3.406330e+00 2.142156e+00 4068
0.800657 4.267470e+00 4.375283e+00 2.747833e+00 5231
0.801145 4.149929e+00 4.221337e+00 2.658386e+00 5092
0.801636 4.259776e+00 4.325002e+00 2.744727e+00 5232
0.802101 3.572304e+00 3.656995e+00 2.303880e+00 4392
0.802609 4.333360e+00 4.320705e+00 2.722463e+00 5333
0.803107 3.826575e+00 4.026391e+00 2.528280e+00 4714
0.803582 3.561644e+00 3.624874e+00 2.276366e+00 4392
0.804090 3.925092e+00 4.070445e+00 2.581142e+00 4845
0.804605 3.388653e+00 3.506526e+00 2.196527e+00 4187
0.805034 4.096786e+00 4.182961e+00 2.639265e+00 5067
0.805534 3.313267e+00 3.331389e+00 2.097892e+00 4102
0.806039 5.106985e+00 5.239332e+00 3.284568e+00 6329
0.806551 4.482014e+00 4.522036e+00 2.868647e+00 5560
0.807045 3.516825e+00 3.632884e+00 2.288012e+00 4367
0.807511 4.584155e+00 4.720450e+00 2.989110e+00 5698
0.808013 3.928598e+00 3.981979e+00 2.499891e+00 4888
0.808523 4.407267e+00 4.488338e+00 2.841626e+00 5489
0.808970 3.729916e+00 3.803413e+00 2.404145e+00 4650
0.809462 4.602090e+00 4.573902e+00 2.911853e+00 5743
0.809983 4.147633e+00 4.242272e+00 2.725092e+00 5181
0.810463 4.411452e+00 4.564315e+00 2.953716e+00 5516
0.810971 3.116765e+00 3.062218e+00 1.990854e+00 3901
0.811426 3.228626e+00 3.324682e+00 2.161105e+00 4045
0.811935 4.221379e+00 4.200549e+00 2.722887e+00 5294
0.812414 3.802982e+00 3.939755e+00 2.557744e+00 4774
0.812948 3.912239e+00 4.105876e+00 2.648728e+00 4916
0.813437 3.840807e+00 3.828862e+00 2.481351e+00 4831
0.813883 3.647198e+00 3.742593e+00 2.442542e+00 4592
0.814378 3.851497e+00 3.956533e+00 2.569865e+00 4854
0.814903 3.419656e+00 3.514166e+00 2.285743e+00 4314
0.815389 3.447178e+00 3.552659e+00 2.307596e+00 4353
0.815882 3.483346e+00 3.462873e+00 2.245308e+00 4403
0.816354 3.206462e+00 3.196847e+00 2.065366e+00 4057
0.816815 3.595733e+00 3.627510e+00 2.343822e+00 4554
0.817338 3.708947e+00 3.767048e+00 2.458015e+00 4702
0.817843 3.483085e+00 3.598021e+00 2.332277e+00 4420
0.818322 3.939427e+00 4.146259e+00 2.686661e+00 5004
0.818835 2.722808e+00 2.875786e+00 1.870187e+00 3462
0.819322 3.822497e+00 3.989116e+00 2.587947e+00 4865
0.819811 3.453756e+00 3.443021e+00 2.266135e+00 4400
0.820316 3.357843e+00 3.362894e+00 2.298268e+00 4282
0.820795 3.296587e+00 3.436821e+00 2.353914e+00 4208
0.821272 2.475502e+00 2.458054e+00 1.704439e+00 3163
0.821731 3.094676e+00 3.105383e+00 2.143840e+00 3958
0.822272 2.927620e+00 3.083663e+00 2.123386e+00 3748
0.822773 3.008260e+00 3.101420e+00 2.142346e+00 3855
0.823257 2.939059e+00 3.046663e+00 2.090836e+00 3770
0.823752 2.644131e+00 2.730077e+00 1.871143e+00 3395
0.824232 3.134074e+00 3.218385e+00 2.204557e+00 4028
0.824747 2.942910e+00 3.055833e+00 2.095459e+00 3786
0.825251 3.369480e+00 3.447402e+00 2.358811e+00 4339
0.825730 3.136564e+00 3.414027e+00 2.353270e+00 4043
0.826232 2.789392e+00 2.796700e+00 1.909561e+00 3599
0.826737 3.189312e+00 3.366767e+00 2.304001e+00 4119
0.827202 2.692693e+00 2.977932e+00 2.038747e+00 3481
0.827728 3.691612e+00 3.949455e+00 2.698780e+00 4777
0.828239 2.680517e+00 2.784633e+00 1.922824e+00 3472
0.828709 3.191594e+00 3.350904e+00 2.300003e+00 4138
0.829184 2.508881e+00 2.555607e+00 1.759561e+00 3256
0.829697 2.636544e+00 2.694123e+00 1.852945e+00 3425
0.830209 3.020820e+00 3.053633e+00 2.115810e+00 3928
0.830714 3.287569e+00 3.473948e+00 2.412804e+00 4279
0.831242 2.245878e+00 2.340228e+00 1.623898e+00 2926
0.831678 2.716831e+00 2.771102e+00 1.937991e+00 3543
0.832188 3.146269e+00 3.213663e+00 2.242692e+00 4107
0.832699 3.115676e+00 3.166027e+00 2.202666e+00 4071
0.833193 2.803004e+00 2.867993e+00 2.002798e+00 3666
0.833694 3.747479e+00 3.862109e+00 2.682309e+00 4906
0.834202 2.425955e+00 2.470792e+00 1.717487e+00 3179
0.834666 2.922212e+00 2.911137e+00 2.024748e+00 3833
0.835128 2.650533e+00 2.654095e+00 1.840830e+00 3480
0.835674 2.633520e+00 2.627568e+00 1.825167e+00 3461
0.836145 2.900847e+00 2.985285e+00 2.077451e+00 3816
0.836690 2.647436e+00 2.695757e+00 1.869233e+00 3486
0.837167 2.716207e+00 2.732945e+00 1.901762e+00 3580
0.837670 2.813648e+00 2.922954e+00 2.032689e+00 3712
0.838170 3.790834e+00 3.794426e+00 2.641034e+00 5006
0.838659 3.049574e+00 3.181191e+00 2.213791e+00 4031
0.839183 2.862228e+00 2.985583e+00 2.074920e+00 3787
0.839673 2.390576e+00 2.378190e+00 1.663871e+00 3166
0.840144 2.234394e+00 2.345105e+00 1.660663e+00 2962
0.840655 2.228482e+00 2.278296e+00 1.620157e+00 2957
0.841147 2.924290e+00 3.041659e+00 2.164968e+00 3884
0.841663 3.190770e+00 3.260202e+00 2.308310e+00 4242
0.842139 1.915483e+00 1.978175e+00 1.398012e+00 2549
0.842633 3.381356e+00 3.565628e+00 2.540970e+00 4504
0.843158 2.421836e+00 2.467656e+00 1.746914e+00 3229
0.843620 2.543156e+00 2.660360e+00 1.889258e+00 3394
0.844152 3.378399e+00 3.438186e+00 2.432162e+00 4513
0.844645 2.816506e+00 2.833617e+00 2.013800e+00 3766
0.845152 2.385692e+00 2.458255e+00 1.743854e+00 3193
0.845635 2.930562e+00 3.047525e+00 2.171921e+00 3926
0.846129 2.703298e+00 2.809527e+00 1.996312e+00 3625
0.846644 2.993515e+00 3.026698e+00 2.143029e+00 4018
0.847157 2.285050e+00 2.266703e+00 1.606554e+00 3070
0.847649 2.752832e+00 2.810593e+00 1.994718e+00 3702
0.848145 2.791069e+00 2.851781e+00 2.021301e+00 3757
0.848655 3.093452e+00 3.096148e+00 2.198216e+00 4168
0.849141 2.592973e+00 2.688072e+00 1.910037e+00 3497
0.849610 2.562357e+00 2.486609e+00 1.763024e+00 3459
0.850140 1.811705e+00 1.880243e+00 1.380640e+00 2448
0.850663 2.643256e+00 2.664854e+00 1.964854e+00 3575
0.851161 1.830424e+00 1.894556e+00 1.400979e+00 2478
0.851627 2.433083e+00 2.464926e+00 1.822867e+00 3297
0.852134 2.740427e+00 2.935502e+00 2.171049e+00 3717
0.852664 2.171406e+00 2.188445e+00 1.612191e+00 2948
0.853110 2.783065e+00 2.833318e+00 2.095943e+00 3782
0.853718 1.962179e+00 2.141322e+00 1.581808e+00 2669
0.854187 2.188743e+00 2.213489e+00 1.635902e+00 2980
0.854681 1.888756e+00 1.960196e+00 1.444044e+00 2574
0.855142 2.413326e+00 2.664688e+00 1.971632e+00 3292
0.855641 2.111494e+00 2.201339e+00 1.623556e+00 2883
0.856160 1.853402e+00 1.885227e+00 1.403146e+00 2533
0.856673 2.460584e+00 2.492546e+00 1.845311e+00 3366
0.857172 2.308544e+00 2.264969e+00 1.672268e+00 3161
0.857643 2.457399e+00 2.635453e+00 1.943158e+00 3368
0.858177 2.772171e+00 2.792908e+00 2.068761e+00 3803
0.858668 2.027464e+00 2.109072e+00 1.557783e+00 2784
0.859163 2.470825e+00 2.503548e+00 1.856325e+00 3396
0.859627 2.041090e+00 2.142094e+00 1.583214e+00 2808
0.860180 2.127038e+00 2.157790e+00 1.611802e+00 2929
0.860681 2.804844e+00 2.787464e+00 2.094225e+00 3866
0.861204 2.556487e+00 2.618630e+00 1.962302e+00 3527
0.861714 2.230387e+00 2.273183e+00 1.699564e+00 3080
0.862192 2.017760e+00 2.074913e+00 1.550802e+00 2789
0.862700 2.414123e+00 2.407715e+00 1.801615e+00 3340
0.863208 2.223384e+00 2.234466e+00 1.682876e+00 3079
0.863676 2.159254e+00 2.108961e+00 1.576759e+00 2993
0.864229 2.431116e+00 2.476619e+00 1.857147e+00 3373
0.864728 2.063755e+00 2.133793e+00 1.593351e+00 2866
0.865207 2.750293e+00 2.789432e+00 2.092858e+00 3823
0.865756 2.430037e+00 2.434306e+00 1.824489e+00 3381
0.866246 2.097454e+00 2.223705e+00 1.660490e+00 2921
0.866720 1.697340e+00 1.690485e+00 1.270481e+00 2366
0.867233 1.984589e+00 2.031753e+00 1.522301e+00 2769
0.867733 1.971277e+00 1.949265e+00 1.458929e+00 2753
0.868236 1.935096e+00 2.001951e+00 1.494902e+00 2705
0.868776 2.050501e+00 2.133118e+00 1.598164e+00 2869
0.869291 1.862935e+00 1.851819e+00 1.382795e+00 2609
0.869760 2.022419e+00 1.977032e+00 1.482001e+00 2835
0.870321 2.051892e+00 2.076674e+00 1.606312e+00 2879
0.870789 1.725286e+00 1.859186e+00 1.435248e+00 2423
0.871294 1.981198e+00 1.997765e+00 1.545458e+00 2785
0.871843 1.913966e+00 1.974796e+00 1.524875e+00 2693
0.872280 2.066976e+00 2.171942e+00 1.674825e+00 2911
0.872819 2.125351e+00 2.193833e+00 1.694256e+00 2996
0.873293 1.661986e+00 1.707961e+00 1.320226e+00 2345
0.873843 2.011647e+00 2.057392e+00 1.590948e+00 2841
0.874358 2.224833e+00 2.341155e+00 1.807057e+00 3145
0.874838 2.017098e+00 2.165661e+00 1.674272e+00 2854
0.875368 1.677707e+00 1.801221e+00 1.388955e+00 2376
0.875826 1.717771e+00 1.728147e+00 1.335304e+00 2435
0.876391 1.850794e+00 1.829638e+00 1.416259e+00 2626
0.876850 1.275202e+00 1.333008e+00 1.029650e+00 1811
0.877397 1.924747e+00 1.908778e+00 1.471895e+00 2736
0.877917 1.733198e+00 1.800636e+00 1.389926e+00 2466
0.878380 2.409204e+00 2.414130e+00 1.867894e+00 3431
0.878896 1.417105e+00 1.410819e+00 1.089800e+00 2020
0.879404 1.775349e+00 1.768868e+00 1.366368e+00 2533
0.879877 1.831127e+00 1.986766e+00 1.538178e+00 2615
0.880445 2.221207e+00 2.207624e+00 1.733156e+00 3175
0.880922 1.860595e+00 1.805263e+00 1.413994e+00 2662
0.881437 2.108869e+00 2.240568e+00 1.761314e+00 3020
0.881941 2.084597e+00 2.214900e+00 1.734848e+00 2988
0.882457 1.527852e+00 1.616669e+00 1.272767e+00 2192
0.882996 1.509034e+00 1.530128e+00 1.202326e+00 2167
0.883494 1.680184e+00 1.667488e+00 1.308441e+00 2415
0.883998 1.964316e+00 2.021936e+00 1.587543e+00 2826
0.884524 2.215286e+00 2.306005e+00 1.807831e+00 3190
0.885049 1.948906e+00 1.928895e+00 1.517032e+00 2809
0.885553 1.404362e+00 1.428837e+00 1.121076e+00 2026
0.886045 1.723020e+00 1.813346e+00 1.421803e+00 2488
0.886511 1.668160e+00 1.714189e+00 1.343546e+00 2411
0.887030 1.856724e+00 1.912310e+00 1.499170e+00 2686
0.887569 1.545619e+00 1.717807e+00 1.345493e+00 2238
0.888089 1.484171e+00 1.596295e+00 1.250317e+00 2151
0.888585 1.575872e+00 1.544414e+00 1.211301e+00 2286
0.889109 1.367810e+00 1.388492e+00 1.088728e+00 1986
0.889564 1.872305e+00 1.884513e+00 1.478414e+00 2721
0.890150 1.253247e+00 1.361397e+00 1.103277e+00 1823
0.890576 1.291936e+00 1.337338e+00 1.090169e+00 1881
0.891088 1.517887e+00 1.584864e+00 1.288824e+00 2212
0.891663 1.606995e+00 1.733799e+00 1.418679e+00 2344
0.892146 1.757584e+00 1.859190e+00 1.517517e+00 2566
0.892679 1.396707e+00 1.406009e+00 1.143378e+00 2041
0.893169 1.518496e+00 1.605995e+00 1.307628e+00 2221
0.893660 1.845669e+00 1.933283e+00 1.572162e+00 2702
0.894215 1.566226e+00 1.583510e+00 1.287723e+00 2295
0.894681 1.130472e+00 1.142672e+00 9.339794e-01 1658
0.895221 1.119223e+00 1.175141e+00 9.556346e-01 1643
0.895731 1.658588e+00 1.638306e+00 1.334037e+00 2437
0.896199 1.413649e+00 1.467896e+00 1.193705e+00 2079
0.896746 1.374318e+00 1.344036e+00 1.092981e+00 2023
0.897290 1.364922e+00 1.437941e+00 1.169346e+00 2011
0.897766 1.451156e+00 1.415530e+00 1.152753e+00 2140
0.898295 1.644277e+00 1.618826e+00 1.317447e+00 2427
0.898761 1.284037e+00 1.265914e+00 1.030956e+00 1897
0.899306 1.616267e+00 1.599942e+00 1.301086e+00 2390
0.899862 1.187789e+00 1.175069e+00 9.642179e-01 1758
0.900334 1.361545e+00 1.381717e+00 1.153921e+00 2017
0.900842 1.394030e+00 1.370677e+00 1.143163e+00 2067
0.901332 1.084161e+00 1.056637e+00 8.832382e-01 1609
0.901923 1.198295e+00 1.199582e+00 1.000467e+00 1780
0.902416 1.410420e+00 1.443537e+00 1.205141e+00 2097
0.902902 1.065760e+00 1.195569e+00 9.971210e-01 1586
0.903434 1.268221e+00 1.246522e+00 1.042359e+00 1889
0.903947 1.176520e+00 1.158861e+00 9.701195e-01 1754
0.904485 1.155351e+00 1.112256e+00 9.276365e-01 1724
0.904967 1.298260e+00 1.301779e+00 1.085701e+00 1939
0.905477 1.347926e+00 1.471210e+00 1.227009e+00 2015
0.905995 1.300593e+00 1.287310e+00 1.073634e+00 1946
0.906533 1.253344e+00 1.265938e+00 1.058736e+00 1877
0.907009 1.547754e+00 1.614498e+00 1.348570e+00 2320
0.907560 1.417050e+00 1.403476e+00 1.174407e+00 2126
0.908054 1.121430e+00 1.185033e+00 9.883337e-01 1684
0.908531 1.320684e+00 1.387164e+00 1.158856e+00 1985
0.909097 8.767825e-01 8.560784e-01 7.148437e-01 1319
0.909620 1.457774e+00 1.440636e+00 1.207331e+00 2195
0.910140 1.177777e+00 1.293272e+00 1.111348e+00 1775
0.910629 1.018275e+00 1.031723e+00 8.947513e-01 1536
0.911170 1.118035e+00 1.166259e+00 1.008061e+00 1688
0.911692 7.782153e-01 7.957153e-01 6.877795e-01 1176
0.912230 1.099498e+00 1.104272e+00 9.574544e-01 1663
0.912700 1.198254e+00 1.208291e+00 1.044391e+00 1814
0.913202 9.708104e-01 1.032519e+00 8.940367e-01 1471
0.913738 1.029283e+00 1.035675e+00 8.972015e-01 1561
0.914239 1.080404e+00 1.070213e+00 9.262684e-01 1640
0.914765 7.378332e-01 7.328548e-01 6.334458e-01 1121
0.915310 1.044272e+00 1.067644e+00 9.243987e-01 1588
0.915816 7.614783e-01 7.602276e-01 6.571056e-01 1159
0.916338 8.159362e-01 7.928025e-01 6.865762e-01 1243
0.916830 8.217644e-01 8.486267e-01 7.350914e-01 1253
0.917326 7.679540e-01 7.971023e-01 6.889784e-01 1172
0.917872 1.130606e+00 1.109327e+00 9.588505e-01 1727
0.918386 1.155759e+00 1.204200e+00 1.043040e+00 1767
0.918891 1.254058e+00 1.254025e+00 1.083921e+00 1919
0.919415 1.025725e+00 1.046640e+00 9.046674e-01 1571
0.919941 9.478345e-01 1.006207e+00 8.744567e-01 1453
0.920518 1.052572e+00 1.086117e+00 9.515234e-01 1615
0.921027 7.742365e-01 7.744063e-01 6.788095e-01 1189
0.921480 1.014914e+00 1.051241e+00 9.186285e-01 1560
0.921999 9.340588e-01 9.185837e-01 8.027057e-01 1437
0.922514 9.955720e-01 1.090834e+00 9.538678e-01 1533
0.923097 1.047891e+00 1.037841e+00 9.080395e-01 1615
0.923601 1.025566e+00 1.023158e+00 8.960084e-01 1582
0.924080 8.497763e-01 8.570441e-01 7.503684e-01 1312
0.924673 9.447945e-01 9.769622e-01 8.537198e-01 1460
0.925126 1.126281e+00 1.166191e+00 1.019078e+00 1742
0.925674 9.999620e-01 1.003672e+00 8.778581e-01 1548
0.926177 7.041279e-01 6.771828e-01 5.917572e-01 1091
0.926649 8.788953e-01 9.018410e-01 7.880751e-01 1363
0.927220 1.162875e+00 1.240279e+00 1.087085e+00 1805
0.927750 8.490152e-01 8.541393e-01 7.463909e-01 1319
0.928276 8.315419e-01 8.541274e-01 7.501233e-01 1293
0.928750 7.138629e-01 7.058525e-01 6.168102e-01 1111
0.929314 8.037489e-01 7.701947e-01 6.730358e-01 1252
0.929798 8.883443e-01 8.686817e-01 7.620926e-01 1385
0.930314 8.305240e-01 8.341081e-01 7.443631e-01 1296
0.930851 9.328730e-01 9.321881e-01 8.317253e-01 1457
0.931354 1.049754e+00 1.092668e+00 9.748496e-01 1641
0.931893 7.605751e-01 7.854228e-01 7.001437e-01 1190
0.932412 5.715240e-01 5.634652e-01 5.022856e-01 895
0.932991 8.083595e-01 7.924689e-01 7.073117e-01 1267
0.933410 9.268490e-01 9.710854e-01 8.663287e-01 1454
0.933998 1.078247e+00 1.081482e+00 9.640573e-01 1693
0.934499 5.434208e-01 5.670035e-01 5.054398e-01 854
0.934987 5.798163e-01 5.712300e-01 5.092074e-01 912
0.935621 6.548948e-01 6.727196e-01 5.996775e-01 1031
0.936100 6.714537e-01 6.367168e-01 5.699453e-01 1058
0.936608 7.735848e-01 7.608057e-01 6.788054e-01 1220
0.937076 9.148146e-01 9.023427e-01 8.043687e-01 1444
0.937597 9.228719e-01 9.227826e-01 8.235289e-01 1458
0.938158 8.082262e-01 8.331983e-01 7.440741e-01 1278
0.938693 6.571338e-01 6.559741e-01 5.858244e-01 1040
0.939255 5.605985e-01 6.088244e-01 5.427198e-01 888
0.939739 6.862566e-01 6.778624e-01 6.042619e-01 1088
0.940245 9.471864e-01 9.501937e-01 8.641998e-01 1503
0.940735 6.800162e-01 6.593838e-01 5.997086e-01 1080
0.941338 5.089360e-01 5.526272e-01 5.026136e-01 809
0.941776 8.441313e-01 8.658492e-01 7.874886e-01 1343
0.942331 6.945582e-01 7.602000e-01 6.932975e-01 1106
0.942905 6.199121e-01 6.086995e-01 5.542249e-01 988
0.943317 4.764383e-01 4.589712e-01 4.179354e-01 760
0.943911 5.536883e-01 5.311389e-01 4.830700e-01 884
0.944499 3.842391e-01 3.670738e-01 3.350230e-01 614
0.944981 7.703078e-01 7.561500e-01 6.888869e-01 1232
0.945558 4.379173e-01 4.436293e-01 4.034802e-01 701
0.945998 1.054828e+00 1.102994e+00 1.003171e+00 1690
0.946528 5.737245e-01 5.707090e-01 5.197820e-01 920
0.947046 6.093621e-01 5.887010e-01 5.371461e-01 978
0.947607 4.507091e-01 4.332511e-01 3.940413e-01 724
0.948146 5.510777e-01 5.788124e-01 5.264291e-01 886
0.948646 5.872627e-01 6.019360e-01 5.474599e-01 945
0.949189 8.214519e-01 8.038754e-01 7.311235e-01 1323
0.949656 6.644061e-01 6.755928e-01 6.144506e-01 1071
0.950249 5.243684e-01 5.438512e-01 4.926213e-01 846
0.950738 4.396900e-01 4.518891e-01 4.092138e-01 710
0.951302 6.880427e-01 7.103296e-01 6.432478e-01 1112
0.951741 4.228528e-01 5.026859e-01 4.552135e-01 684
0.952310 8.301470e-01 8.498622e-01 7.696033e-01 1344
0.952814 1.021355e+00 1.050055e+00 9.517023e-01 1655
0.953442 5.796014e-01 6.228551e-01 5.640342e-01 940
0.953897 1.033137e+00 1.056163e+00 9.564213e-01 1677
0.954499 5.619773e-01 5.435894e-01 4.922542e-01 913
0.954951 6.242198e-01 6.243690e-01 5.658580e-01 1015
0.955523 5.646907e-01 5.455487e-01 4.940284e-01 919
0.955974 6.446266e-01 6.722033e-01 6.104046e-01 1050
0.956602 1.021922e+00 1.040549e+00 9.476261e-01 1666
0.957133 5.190992e-01 5.134950e-01 4.650018e-01 847
0.957626 4.580289e-01 4.324580e-01 3.916178e-01 748
0.958141 7.409004e-01 7.322169e-01 6.630681e-01 1211
0.958640 7.329250e-01 7.572777e-01 6.865944e-01 1199
0.959232 7.463393e-01 7.809252e-01 7.071766e-01 1222
0.959777 4.497359e-01 4.728683e-01 4.289355e-01 737
0.960244 4.341053e-01 4.070675e-01 3.786475e-01 712
0.960797 4.940390e-01 4.688657e-01 4.366624e-01 811
0.961261 4.090111e-01 4.301249e-01 4.015736e-01 672
0.961798 5.886630e-01 5.694854e-01 5.305494e-01 968
0.962333 2.515460e-01 2.454480e-01 2.290544e-01 414
0.962907 5.135863e-01 5.170772e-01 4.809768e-01 846
0.963398 5.653078e-01 5.952666e-01 5.537073e-01 932
0.963966 6.054256e-01 6.028038e-01 5.612983e-01 999
0.964436 2.979112e-01 2.929417e-01 2.724896e-01 492
0.965007 3.853787e-01 3.681761e-01 3.429701e-01 637
0.965473 5.784781e-01 5.666000e-01 5.270420e-01 957
0.966117 5.284573e-01 5.372781e-01 4.997674e-01 875
0.966558 5.847263e-01 5.809642e-01 5.408615e-01 969
0.967184 4.443483e-01 4.477543e-01 4.164937e-01 737
0.967675 4.957734e-01 5.192310e-01 4.829802e-01 823
0.968203 5.350725e-01 5.263945e-01 4.896436e-01 889
0.968673 4.540310e-01 4.644097e-01 4.319863e-01 755
0.969186 5.119246e-01 5.182083e-01 4.820289e-01 852
0.969800 3.842150e-01 3.620401e-01 3.371489e-01 640
0.970304 4.264736e-01 4.343435e-01 4.099499e-01 711
0.970863 3.529930e-01 3.389446e-01 3.199088e-01 589
0.971375 3.610743e-01 3.568079e-01 3.367688e-01 603
0.971942 3.529880e-01 3.475952e-01 3.292158e-01 590
0.972472 4.543079e-01 4.535732e-01 4.280995e-01 760
0.972956 3.553715e-01 4.172506e-01 3.938169e-01 595
0.973516 2.589909e-01 2.489218e-01 2.349419e-01 434
0.974101 3.631126e-01 3.556375e-01 3.364175e-01 609
0.974550 7.047550e-01 6.844779e-01 6.469229e-01 1183
0.975159 4.065404e-01 4.022171e-01 3.796277e-01 683
0.975620 3.996520e-01 4.357144e-01 4.112438e-01 672
0.976124 2.359028e-01 2.411195e-01 2.275777e-01 397
0.976683 4.690291e-01 4.911050e-01 4.635235e-01 790
0.977233 4.763415e-01 4.752925e-01 4.485991e-01 803
0.977772 2.210762e-01 2.151899e-01 2.031044e-01 373
0.978320 1.510094e-01 1.436703e-01 1.356014e-01 255
0.978920 2.946617e-01 2.781818e-01 2.625586e-01 498
0.979321 4.747236e-01 5.048132e-01 4.764618e-01 803
0.979966 5.121242e-01 4.949847e-01 4.666705e-01 867
0.980477 4.898527e-01 5.175331e-01 4.877782e-01 830
0.980922 3.036868e-01 2.965229e-01 2.792803e-01 515
0.981457 4.236225e-01 4.115420e-01 3.881839e-01 719
0.982073 4.509315e-01 5.195125e-01 4.898414e-01 766
0.982620 3.823199e-01 3.934723e-01 3.705922e-01 650
0.983092 4.536937e-01 4.405590e-01 4.149409e-01 772
0.983633 3.176690e-01 3.098358e-01 2.918191e-01 541
0.984122 2.293964e-01 2.408558e-01 2.273200e-01 391
0.984735 3.904059e-01 4.043321e-01 3.808205e-01 666
0.985173 4.556741e-01 4.471089e-01 4.211098e-01 778
0.985861 4.500220e-01 4.424630e-01 4.167341e-01 769
0.986328 3.753836e-01 3.752437e-01 3.537930e-01 642
0.986824 3.277451e-01 3.145308e-01 2.965772e-01 561
0.987366 5.165945e-01 5.108772e-01 4.811701e-01 885
0.987912 3.073622e-01 2.952988e-01 2.781274e-01 527
0.988405 3.758660e-01 3.853205e-01 3.629144e-01 645
0.989017 2.829718e-01 2.823640e-01 2.659447e-01 486
0.989477 3.630156e-01 3.607219e-01 3.397462e-01 624
0.990154 2.348313e-01 2.241606e-01 2.125772e-01 404
0.990556 3.171038e-01 3.204456e-01 3.044390e-01 546
0.991093 1.085137e-01 1.098300e-01 1.046290e-01 187
0.991634 2.197438e-01 2.145636e-01 2.038459e-01 379
0.992191 3.864006e-01 3.787400e-01 3.598216e-01 667
0.992763 3.640804e-01 3.890507e-01 3.696172e-01 629
0.993266 3.556777e-01 3.436483e-01 3.264828e-01 615
0.993783 2.785246e-01 2.678516e-01 2.547805e-01 482
0.994265 3.025402e-01 2.912249e-01 2.770974e-01 524
0.994868 2.953636e-01 2.913809e-01 2.768261e-01 512
0.995374 3.723532e-01 3.603040e-01 3.427482e-01 646
0.995947 4.918312e-01 4.978487e-01 4.740512e-01 854
0.996485 3.412312e-01 3.359921e-01 3.201930e-01 593
0.997006 3.915408e-01 3.744737e-01 3.561749e-01 681
0.997578 3.280214e-01 3.621541e-01 3.440641e-01 571
0.998098 2.864196e-01 2.992824e-01 2.843329e-01 499
0.998691 5.304939e-01 5.175610e-01 4.917083e-01 925
0.999224 3.065695e-01 3.157148e-01 3.001917e-01 535
0.999780 2.937171e-01 3.275264e-01 3.117458e-01 513
