#Interval: 1.000000 Mpc/h, Area= 1.000000 deg^2
# z <nobs> <wc nobs> <wc wfkp nobs> N_objects
0.600207 5.326286e-01 5.751659e-01 1.501791e-01 422
0.600621 5.244048e-01 5.788604e-01 1.511717e-01 416
0.601050 5.300502e-01 5.613329e-01 1.459269e-01 421
0.601458 5.482560e-01 5.925862e-01 1.566040e-01 436
0.601877 5.299949e-01 5.805251e-01 1.516132e-01 422
0.602294 5.368657e-01 5.814444e-01 1.525953e-01 428
0.602714 5.023764e-01 5.501517e-01 1.446078e-01 401
0.603131 5.893442e-01 6.415599e-01 1.691111e-01 471
0.603551 5.186327e-01 5.482435e-01 1.449546e-01 415
0.603967 4.842922e-01 5.321663e-01 1.392443e-01 388
0.604384 5.235875e-01 5.830713e-01 1.545491e-01 420
0.604806 5.478445e-01 5.867555e-01 1.534913e-01 440
0.605217 5.024015e-01 5.295748e-01 1.400965e-01 404
0.605636 5.117197e-01 5.559165e-01 1.469350e-01 412
0.606057 4.850397e-01 5.274454e-01 1.399956e-01 391
0.606472 4.856825e-01 5.308494e-01 1.411760e-01 392
0.606882 5.172601e-01 5.732282e-01 1.521321e-01 418
0.607320 4.634795e-01 5.104548e-01 1.370263e-01 375
0.607714 4.666143e-01 5.024394e-01 1.346326e-01 378
0.608145 4.796043e-01 5.262500e-01 1.412681e-01 389
0.608565 4.297605e-01 4.781156e-01 1.272634e-01 349
0.608977 5.202467e-01 5.719526e-01 1.535467e-01 423
0.609391 4.827583e-01 5.210983e-01 1.394096e-01 393
0.609815 4.392267e-01 4.636341e-01 1.242583e-01 358
0.610237 4.754516e-01 5.072991e-01 1.409833e-01 388
0.610674 4.932293e-01 5.403768e-01 1.502827e-01 403
0.611076 4.718464e-01 5.163907e-01 1.454627e-01 386
0.611498 4.615035e-01 5.116689e-01 1.425004e-01 378
0.611916 4.524049e-01 4.903878e-01 1.383487e-01 371
0.612329 4.944813e-01 5.308065e-01 1.478530e-01 406
0.612754 4.902298e-01 5.396536e-01 1.473677e-01 403
0.613171 4.629039e-01 4.974082e-01 1.390556e-01 381
0.613580 4.732623e-01 5.018213e-01 1.409115e-01 390
0.614009 5.151077e-01 5.579596e-01 1.552663e-01 425
0.614422 4.503230e-01 4.817937e-01 1.327489e-01 372
0.614845 4.908849e-01 5.231307e-01 1.482054e-01 406
0.615269 5.047806e-01 5.537143e-01 1.539833e-01 418
0.615680 4.643657e-01 5.026290e-01 1.396934e-01 385
0.616115 4.734405e-01 5.250537e-01 1.470730e-01 393
0.616518 4.500058e-01 4.846380e-01 1.356498e-01 374
0.616950 4.458559e-01 4.823390e-01 1.365400e-01 371
0.617357 4.897282e-01 5.513265e-01 1.526034e-01 408
0.617785 4.675566e-01 4.933801e-01 1.407737e-01 390
0.618206 4.681891e-01 5.210717e-01 1.462965e-01 391
0.618634 4.496843e-01 4.940329e-01 1.392161e-01 376
0.619052 4.563088e-01 5.012552e-01 1.400946e-01 382
0.619456 4.307037e-01 4.646366e-01 1.313925e-01 361
0.619880 4.552092e-01 5.005453e-01 1.423134e-01 382
0.620301 4.951281e-01 5.410394e-01 1.590704e-01 416
0.620722 4.648125e-01 5.075048e-01 1.484645e-01 391
0.621144 4.713774e-01 5.194346e-01 1.529831e-01 397
0.621564 4.542078e-01 4.787287e-01 1.402583e-01 383
0.621987 4.145736e-01 4.513097e-01 1.327301e-01 350
0.622416 4.696802e-01 5.230674e-01 1.524584e-01 397
0.622823 4.395751e-01 4.770266e-01 1.411037e-01 372
0.623246 4.390479e-01 4.853068e-01 1.440852e-01 372
0.623665 4.597403e-01 5.099779e-01 1.512470e-01 390
0.624093 4.226899e-01 4.467590e-01 1.304205e-01 359
0.624507 4.057198e-01 4.295236e-01 1.248822e-01 345
0.624940 4.064089e-01 4.330778e-01 1.276418e-01 346
0.625340 4.141352e-01 4.426819e-01 1.301159e-01 353
0.625774 4.347324e-01 4.728353e-01 1.406110e-01 371
0.626199 4.236796e-01 4.537193e-01 1.342546e-01 362
0.626613 4.068080e-01 4.393970e-01 1.322520e-01 348
0.627026 4.296745e-01 4.676036e-01 1.394275e-01 368
0.627455 3.790156e-01 4.111254e-01 1.240908e-01 325
0.627872 3.995305e-01 4.319018e-01 1.297902e-01 343
0.628307 4.234866e-01 4.546746e-01 1.352579e-01 364
0.628706 3.730149e-01 4.018199e-01 1.225431e-01 321
0.629140 4.027483e-01 4.312825e-01 1.307374e-01 347
0.629553 3.744468e-01 4.066676e-01 1.229555e-01 323
0.629980 3.902126e-01 4.231723e-01 1.337523e-01 337
0.630404 4.059406e-01 4.358791e-01 1.436966e-01 351
0.630837 3.927522e-01 4.211983e-01 1.362517e-01 340
0.631252 3.611343e-01 3.924207e-01 1.275949e-01 313
0.631663 3.630111e-01 3.861465e-01 1.256807e-01 315
0.632112 3.522216e-01 3.749616e-01 1.228093e-01 306
0.632515 3.575531e-01 3.831947e-01 1.241576e-01 311
0.632928 3.651683e-01 3.894621e-01 1.263266e-01 318
0.633352 3.716183e-01 4.096908e-01 1.333424e-01 324
0.633779 3.654511e-01 3.919849e-01 1.286570e-01 319
0.634196 3.844719e-01 4.348426e-01 1.407825e-01 336
0.634631 3.211580e-01 3.482888e-01 1.140827e-01 281
0.635051 3.664416e-01 4.065343e-01 1.311653e-01 321
0.635473 4.253009e-01 4.533534e-01 1.474008e-01 373
0.635872 3.462175e-01 3.693468e-01 1.201405e-01 304
0.636318 3.458098e-01 3.732332e-01 1.199862e-01 304
0.636735 3.454028e-01 3.676861e-01 1.203607e-01 304
0.637175 4.210320e-01 4.605769e-01 1.512150e-01 371
0.637584 3.649944e-01 3.945220e-01 1.273136e-01 322
0.638019 3.396574e-01 3.601570e-01 1.190927e-01 300
0.638430 3.290809e-01 3.573037e-01 1.148169e-01 291
0.638850 3.456377e-01 3.737501e-01 1.212139e-01 306
0.639287 3.892326e-01 4.278667e-01 1.407200e-01 345
0.639699 3.324320e-01 3.590723e-01 1.192938e-01 295
0.640120 3.962000e-01 4.364580e-01 1.494987e-01 352
0.640550 3.541389e-01 3.871577e-01 1.328822e-01 315
0.640964 3.323888e-01 3.674479e-01 1.277641e-01 296
0.641397 3.398514e-01 3.723802e-01 1.293265e-01 303
0.641823 3.517777e-01 3.797976e-01 1.326966e-01 314
0.642251 3.446528e-01 3.822816e-01 1.320142e-01 308
0.642672 3.431328e-01 3.604447e-01 1.261341e-01 307
0.643091 2.958440e-01 3.256862e-01 1.140677e-01 265
0.643513 3.568291e-01 3.917065e-01 1.342539e-01 320
0.643938 3.062927e-01 3.432893e-01 1.216664e-01 275
0.644351 3.126110e-01 3.363649e-01 1.164388e-01 281
0.644782 3.022463e-01 3.217472e-01 1.092119e-01 272
0.645213 3.474010e-01 3.783354e-01 1.312330e-01 313
0.645643 3.226075e-01 3.407440e-01 1.194359e-01 291
0.646047 3.144814e-01 3.383955e-01 1.180425e-01 284
0.646477 3.130102e-01 3.410838e-01 1.189089e-01 283
0.646904 3.203802e-01 3.553818e-01 1.238556e-01 290
0.647330 2.615243e-01 2.805645e-01 9.738403e-02 237
0.647753 3.218421e-01 3.445532e-01 1.190099e-01 292
0.648170 3.104600e-01 3.335552e-01 1.162892e-01 282
0.648601 3.101006e-01 3.388233e-01 1.210733e-01 282
0.649027 3.130369e-01 3.354698e-01 1.172346e-01 285
0.649460 3.543648e-01 3.888991e-01 1.368445e-01 323
0.649883 3.419011e-01 3.708247e-01 1.327300e-01 312
0.650303 2.747373e-01 2.979682e-01 1.087161e-01 251
0.650729 3.268989e-01 3.452499e-01 1.247808e-01 299
0.651148 3.035887e-01 3.321223e-01 1.205314e-01 278
0.651568 2.999663e-01 3.156064e-01 1.135437e-01 275
0.652010 3.181426e-01 3.509385e-01 1.260860e-01 292
0.652433 2.688038e-01 2.940736e-01 1.054208e-01 247
0.652857 3.054531e-01 3.220257e-01 1.188741e-01 281
0.653270 3.170452e-01 3.537496e-01 1.284021e-01 292
0.653691 3.177651e-01 3.317485e-01 1.202424e-01 293
0.654122 3.130669e-01 3.372968e-01 1.227769e-01 289
0.654561 2.932307e-01 3.222015e-01 1.172929e-01 271
0.654967 3.112676e-01 3.463444e-01 1.248326e-01 288
0.655401 2.882399e-01 3.032433e-01 1.113906e-01 267
0.655832 2.954576e-01 3.224201e-01 1.190953e-01 274
0.656254 3.123523e-01 3.357087e-01 1.245195e-01 290
0.656672 3.302839e-01 3.517986e-01 1.285745e-01 307
0.657096 2.708022e-01 2.909676e-01 1.039043e-01 252
0.657529 2.844465e-01 3.151970e-01 1.173069e-01 265
0.657941 2.884099e-01 3.225443e-01 1.183999e-01 269
0.658381 3.169955e-01 3.472839e-01 1.269179e-01 296
0.658832 2.909605e-01 3.278510e-01 1.178703e-01 272
0.659243 2.895599e-01 3.183486e-01 1.151652e-01 271
0.659662 3.127095e-01 3.338560e-01 1.231364e-01 293
0.660087 2.665128e-01 2.963894e-01 1.110692e-01 250
0.660507 2.864411e-01 3.210201e-01 1.233102e-01 269
0.660936 2.435700e-01 2.608364e-01 9.869733e-02 229
0.661372 2.751652e-01 2.974966e-01 1.127886e-01 259
0.661796 2.907703e-01 3.176102e-01 1.186000e-01 274
0.662229 3.031597e-01 3.268002e-01 1.231425e-01 286
0.662651 2.943450e-01 3.110832e-01 1.200096e-01 278
0.663070 2.675709e-01 2.884873e-01 1.113859e-01 253
0.663514 2.693801e-01 2.883688e-01 1.090887e-01 255
0.663935 2.806817e-01 3.023125e-01 1.164682e-01 266
0.664352 2.877415e-01 3.019205e-01 1.131162e-01 273
0.664785 2.947851e-01 3.106076e-01 1.183824e-01 280
0.665229 2.828836e-01 3.109811e-01 1.220847e-01 269
0.665635 3.172275e-01 3.420572e-01 1.280080e-01 302
0.666054 2.549639e-01 2.810149e-01 1.089730e-01 243
0.666485 2.588679e-01 2.929070e-01 1.119699e-01 247
0.666912 2.543880e-01 2.721862e-01 1.024415e-01 243
0.667330 3.042935e-01 3.405157e-01 1.302542e-01 291
0.667777 2.830601e-01 3.113173e-01 1.205640e-01 271
0.668190 2.524844e-01 2.718675e-01 1.050995e-01 242
0.668629 2.855486e-01 3.152679e-01 1.209323e-01 274
0.669058 2.664894e-01 2.910919e-01 1.095945e-01 256
0.669484 2.474729e-01 2.735783e-01 1.035786e-01 238
0.669917 2.544649e-01 2.689680e-01 1.037605e-01 245
0.670353 2.614410e-01 2.809068e-01 1.123453e-01 252
0.670759 2.652923e-01 2.938538e-01 1.192486e-01 256
0.671196 2.774159e-01 2.991950e-01 1.194371e-01 268
0.671619 2.471192e-01 2.585587e-01 1.044509e-01 239
0.672044 2.551044e-01 2.732681e-01 1.089308e-01 247
0.672476 2.610083e-01 2.780071e-01 1.098474e-01 253
0.672909 2.545327e-01 2.737757e-01 1.100333e-01 247
0.673334 2.635117e-01 2.906070e-01 1.192327e-01 256
0.673761 2.539630e-01 2.692426e-01 1.086843e-01 247
0.674195 2.803818e-01 2.951446e-01 1.229527e-01 273
0.674621 2.554469e-01 2.865600e-01 1.175625e-01 249
0.675048 2.305675e-01 2.490026e-01 9.892667e-02 225
0.675488 2.425931e-01 2.646412e-01 1.066061e-01 237
0.675922 2.014240e-01 2.183538e-01 9.243953e-02 197
0.676342 2.308174e-01 2.471273e-01 1.001619e-01 226
0.676781 2.417820e-01 2.601006e-01 1.044989e-01 237
0.677188 2.547600e-01 2.830364e-01 1.172141e-01 250
0.677631 2.351360e-01 2.434416e-01 9.973921e-02 231
0.678057 2.613103e-01 2.827673e-01 1.170229e-01 257
0.678494 2.163314e-01 2.317009e-01 9.603184e-02 213
0.678928 2.252214e-01 2.389345e-01 9.847653e-02 222
0.679349 2.310513e-01 2.496085e-01 1.016025e-01 228
0.679755 2.156108e-01 2.246118e-01 9.153936e-02 213
0.680208 2.355941e-01 2.585160e-01 1.083911e-01 233
0.680636 2.323026e-01 2.404411e-01 9.959460e-02 230
0.681065 2.441517e-01 2.633854e-01 1.074587e-01 242
0.681502 2.237256e-01 2.325197e-01 9.640327e-02 222
0.681918 2.134112e-01 2.328593e-01 9.613211e-02 212
0.682348 2.272525e-01 2.468075e-01 1.035429e-01 226
0.682781 2.239878e-01 2.422846e-01 1.003098e-01 223
0.683211 2.708960e-01 2.867556e-01 1.187565e-01 270
0.683652 2.415325e-01 2.631435e-01 1.112924e-01 241
0.684061 2.422668e-01 2.601060e-01 1.093142e-01 242
0.684510 2.249993e-01 2.472560e-01 1.044977e-01 225
0.684934 2.257499e-01 2.499759e-01 1.053824e-01 226
0.685368 2.264987e-01 2.398010e-01 1.011172e-01 227
0.685803 2.282425e-01 2.518681e-01 1.063281e-01 229
0.686228 2.668192e-01 2.803194e-01 1.147785e-01 268
0.686653 2.406684e-01 2.555522e-01 1.067588e-01 242
0.687073 1.986807e-01 2.100198e-01 8.794360e-02 200
0.687502 2.292238e-01 2.527463e-01 1.038995e-01 231
0.687944 2.051825e-01 2.275851e-01 9.475033e-02 207
0.688377 2.198090e-01 2.397183e-01 9.671229e-02 222
0.688799 2.353924e-01 2.487126e-01 1.027696e-01 238
0.689232 2.173508e-01 2.279809e-01 9.376691e-02 220
0.689665 2.092174e-01 2.274691e-01 9.368041e-02 212
0.690095 2.168744e-01 2.313953e-01 9.874553e-02 220
0.690527 2.038355e-01 2.157278e-01 9.462346e-02 207
0.690966 2.232850e-01 2.521169e-01 1.116783e-01 227
0.691379 1.896336e-01 2.081630e-01 8.848837e-02 193
0.691829 1.923707e-01 2.144692e-01 9.637880e-02 196
0.692247 2.078469e-01 2.203878e-01 9.662744e-02 212
0.692676 2.340619e-01 2.518003e-01 1.092007e-01 239
0.693096 2.338063e-01 2.410816e-01 1.030873e-01 239
0.693545 2.394143e-01 2.630085e-01 1.160429e-01 245
0.693976 2.362248e-01 2.570040e-01 1.115434e-01 242
0.694409 1.813632e-01 1.927514e-01 8.168945e-02 186
0.694839 2.415541e-01 2.643119e-01 1.140006e-01 248
0.695265 2.121026e-01 2.314958e-01 1.021140e-01 218
0.695707 2.089561e-01 2.213729e-01 9.471564e-02 215
0.696132 1.931955e-01 2.052923e-01 8.786453e-02 199
0.696574 2.434137e-01 2.668139e-01 1.115686e-01 251
0.696998 1.869633e-01 1.974494e-01 8.601809e-02 193
0.697435 1.954693e-01 2.098507e-01 8.854682e-02 202
0.697854 1.855909e-01 1.970264e-01 8.860391e-02 192
0.698312 1.738027e-01 1.914716e-01 8.034907e-02 180
0.698729 1.890466e-01 1.978190e-01 8.752082e-02 196
0.699162 2.061843e-01 2.235151e-01 9.844186e-02 214
0.699589 1.790128e-01 1.887334e-01 8.193182e-02 186
0.700033 1.855488e-01 1.990352e-01 8.891404e-02 193
0.700472 1.920705e-01 2.003174e-01 9.335219e-02 200
0.700909 1.957000e-01 2.115756e-01 9.747892e-02 204
0.701307 1.667402e-01 1.834755e-01 8.359403e-02 174
0.701741 2.038925e-01 2.143000e-01 9.671219e-02 213
0.702190 1.883730e-01 2.014374e-01 9.052275e-02 197
0.702633 1.910353e-01 2.082769e-01 9.715859e-02 200
0.703050 1.765171e-01 1.941989e-01 8.908583e-02 185
0.703484 1.982485e-01 2.080008e-01 9.604529e-02 208
0.703929 1.989870e-01 2.181649e-01 9.989135e-02 209
0.704350 1.730940e-01 1.858885e-01 8.668061e-02 182
0.704785 1.643573e-01 1.721633e-01 8.100140e-02 173
0.705234 1.841099e-01 2.001652e-01 9.326938e-02 194
0.705658 1.772760e-01 1.852825e-01 8.603737e-02 187
0.706082 1.893963e-01 1.992767e-01 9.330533e-02 200
0.706522 1.844631e-01 1.974205e-01 9.009785e-02 195
0.706961 1.870999e-01 1.984350e-01 9.043807e-02 198
0.707404 1.793477e-01 1.970503e-01 8.852206e-02 190
0.707815 1.876418e-01 2.084339e-01 9.971293e-02 199
0.708264 1.620090e-01 1.731132e-01 8.020461e-02 172
0.708699 1.712446e-01 1.849322e-01 8.473763e-02 182
0.709129 1.757607e-01 1.893426e-01 8.631768e-02 187
0.709564 1.699394e-01 1.858794e-01 8.511207e-02 181
0.709987 1.359937e-01 1.487298e-01 7.189081e-02 145
0.710433 1.564598e-01 1.681032e-01 7.952125e-02 167
0.710853 1.927922e-01 2.074123e-01 9.912384e-02 206
0.711308 1.907166e-01 2.095270e-01 9.830901e-02 204
0.711736 1.933148e-01 2.028091e-01 9.756998e-02 207
0.712168 1.651219e-01 1.815316e-01 8.664006e-02 177
0.712597 1.761286e-01 1.881328e-01 8.881065e-02 189
0.713027 1.740792e-01 1.900012e-01 8.708652e-02 187
0.713474 1.655246e-01 1.746948e-01 8.247103e-02 178
0.713896 1.755666e-01 1.922774e-01 9.016388e-02 189
0.714346 1.345507e-01 1.447717e-01 6.947699e-02 145
0.714771 1.436772e-01 1.558278e-01 7.425315e-02 155
0.715225 1.796371e-01 1.882578e-01 8.877325e-02 194
0.715652 1.683466e-01 1.840746e-01 8.697283e-02 182
0.716084 1.607759e-01 1.742038e-01 8.318389e-02 174
0.716513 1.606054e-01 1.763847e-01 8.716793e-02 174
0.716936 1.659674e-01 1.749126e-01 8.406102e-02 180
0.717392 1.547387e-01 1.733462e-01 8.285867e-02 168
0.717814 1.582552e-01 1.785615e-01 8.280202e-02 172
0.718242 1.580877e-01 1.695646e-01 8.160499e-02 172
0.718693 1.882191e-01 2.027296e-01 9.737204e-02 205
0.719137 1.605049e-01 1.655580e-01 7.812221e-02 175
0.719562 1.566705e-01 1.676595e-01 7.809483e-02 171
0.719987 1.446070e-01 1.670413e-01 7.894236e-02 158
0.720444 1.682253e-01 1.804094e-01 9.241292e-02 184
0.720874 1.689610e-01 1.875274e-01 9.097819e-02 185
0.721289 1.550978e-01 1.614743e-01 7.936906e-02 170
0.721752 1.512888e-01 1.686145e-01 8.334265e-02 166
0.722171 1.629648e-01 1.756492e-01 8.685015e-02 179
0.722619 1.573365e-01 1.750829e-01 8.594057e-02 173
0.723070 1.589879e-01 1.731479e-01 8.485576e-02 175
0.723487 1.660810e-01 1.778952e-01 8.797782e-02 183
0.723905 1.350823e-01 1.497782e-01 7.412581e-02 149
0.724374 1.512418e-01 1.656345e-01 8.009313e-02 167
0.724786 1.357033e-01 1.397825e-01 6.953789e-02 150
0.725231 1.165823e-01 1.296110e-01 6.408886e-02 129
0.725696 1.561828e-01 1.736030e-01 8.765693e-02 173
0.726093 1.524117e-01 1.616393e-01 8.232409e-02 169
0.726523 1.333331e-01 1.482399e-01 7.290572e-02 148
0.726964 1.340934e-01 1.434398e-01 6.968631e-02 149
0.727418 1.267609e-01 1.341747e-01 6.812555e-02 141
0.727867 1.517743e-01 1.604845e-01 7.809954e-02 169
0.728324 1.318786e-01 1.486721e-01 7.512099e-02 147
0.728739 1.407027e-01 1.515212e-01 7.558384e-02 157
0.729156 1.512989e-01 1.600153e-01 7.744774e-02 169
0.729607 1.395147e-01 1.514483e-01 7.454947e-02 156
0.730049 1.608104e-01 1.726095e-01 8.557311e-02 180
0.730474 1.276217e-01 1.387645e-01 6.873571e-02 143
0.730935 1.551261e-01 1.748095e-01 8.964442e-02 174
0.731335 1.442772e-01 1.544158e-01 7.584646e-02 162
0.731783 1.485753e-01 1.629529e-01 8.104851e-02 167
0.732237 1.217583e-01 1.311698e-01 6.494262e-02 137
0.732672 1.367246e-01 1.448920e-01 7.552777e-02 154
0.733113 1.578680e-01 1.715795e-01 8.462824e-02 178
0.733534 1.390984e-01 1.490311e-01 7.471720e-02 157
0.733973 1.407240e-01 1.617466e-01 7.994744e-02 159
0.734423 1.423462e-01 1.623464e-01 8.057360e-02 161
0.734845 1.315998e-01 1.365635e-01 6.673369e-02 149
0.735286 1.288164e-01 1.352858e-01 6.811700e-02 146
0.735735 1.145807e-01 1.206661e-01 6.083209e-02 130
0.736177 1.250277e-01 1.359526e-01 6.807984e-02 142
0.736595 1.213799e-01 1.265297e-01 6.280823e-02 138
0.737041 1.528859e-01 1.640750e-01 8.392197e-02 174
0.737490 1.615052e-01 1.755266e-01 8.843166e-02 184
0.737911 1.560772e-01 1.667247e-01 8.427869e-02 178
0.738357 1.383972e-01 1.455014e-01 7.286558e-02 158
0.738805 1.496296e-01 1.591687e-01 8.115678e-02 171
0.739244 1.354892e-01 1.424762e-01 7.248444e-02 155
0.739692 1.143921e-01 1.195216e-01 6.006311e-02 131
0.740109 1.587625e-01 1.631983e-01 8.492346e-02 182
0.740547 1.228705e-01 1.320890e-01 6.687582e-02 141
0.740997 1.488597e-01 1.546348e-01 8.109780e-02 171
0.741444 1.487064e-01 1.573291e-01 8.103032e-02 171
0.741861 1.407348e-01 1.474338e-01 7.664551e-02 162
0.742319 1.232332e-01 1.285545e-01 6.679675e-02 142
0.742739 1.369777e-01 1.510776e-01 7.658471e-02 158
0.743204 1.333727e-01 1.387789e-01 7.135107e-02 154
0.743643 1.150672e-01 1.311154e-01 6.677753e-02 133
0.744056 1.348275e-01 1.422822e-01 7.413469e-02 156
0.744492 1.251919e-01 1.290443e-01 6.583147e-02 145
0.744970 1.181635e-01 1.219728e-01 6.475056e-02 137
0.745385 1.318283e-01 1.366419e-01 6.987429e-02 153
0.745836 1.334148e-01 1.481753e-01 7.681495e-02 155
0.746267 1.367176e-01 1.547006e-01 7.861869e-02 159
0.746696 1.228340e-01 1.259957e-01 6.424531e-02 143
0.747156 1.467352e-01 1.594668e-01 8.331072e-02 171
0.747605 1.388702e-01 1.517689e-01 8.032361e-02 162
0.748011 1.096125e-01 1.185425e-01 6.023237e-02 128
0.748467 1.189107e-01 1.260364e-01 6.422782e-02 139
0.748894 1.307538e-01 1.373738e-01 7.058135e-02 153
0.749348 1.229368e-01 1.280689e-01 6.477878e-02 144
0.749811 1.100186e-01 1.143161e-01 5.950931e-02 129
0.750241 1.175744e-01 1.382112e-01 7.347520e-02 138
0.750682 1.268169e-01 1.340119e-01 7.207785e-02 149
0.751107 1.283883e-01 1.357707e-01 7.211762e-02 151
0.751568 1.206132e-01 1.256538e-01 6.709374e-02 142
0.752004 1.069141e-01 1.121333e-01 6.014901e-02 126
0.752435 1.186727e-01 1.277823e-01 6.844621e-02 140
0.752873 1.304073e-01 1.413145e-01 7.468396e-02 154
0.753306 1.175858e-01 1.273638e-01 6.697447e-02 139
0.753758 1.107058e-01 1.156642e-01 6.119370e-02 131
0.754198 1.207241e-01 1.250542e-01 6.567556e-02 143
0.754640 1.138548e-01 1.200652e-01 6.485498e-02 135
0.755089 1.171095e-01 1.236663e-01 6.628909e-02 139
0.755530 1.161492e-01 1.284454e-01 6.879916e-02 138
0.755973 1.235988e-01 1.354410e-01 7.104519e-02 147
0.756411 1.150742e-01 1.222219e-01 6.487200e-02 137
0.756856 1.057276e-01 1.095562e-01 6.004954e-02 126
0.757299 1.005912e-01 1.080877e-01 5.644050e-02 120
0.757742 1.164004e-01 1.266572e-01 6.690513e-02 139
0.758175 1.388701e-01 1.465381e-01 7.777440e-02 166
0.758614 1.170012e-01 1.301616e-01 7.084642e-02 140
0.759058 9.768090e-02 1.057934e-01 5.656583e-02 117
0.759510 1.184333e-01 1.261217e-01 6.793402e-02 142
0.759943 1.141480e-01 1.229352e-01 6.668440e-02 137
0.760358 1.073741e-01 1.162680e-01 6.426725e-02 129
0.760809 1.064345e-01 1.123406e-01 6.328412e-02 128
0.761258 1.196183e-01 1.352460e-01 7.638525e-02 144
0.761694 1.062205e-01 1.116330e-01 6.311583e-02 128
0.762177 1.036266e-01 1.140303e-01 6.423902e-02 125
0.762601 1.051789e-01 1.117117e-01 6.293542e-02 127
0.763045 1.075553e-01 1.133115e-01 6.325590e-02 130
0.763507 8.017222e-02 8.756969e-02 4.954754e-02 97
0.763927 9.577987e-02 1.034281e-01 5.762010e-02 116
0.764358 9.815840e-02 1.037286e-01 5.867758e-02 119
0.764801 9.723598e-02 1.102305e-01 6.401078e-02 118
0.765253 1.177188e-01 1.326214e-01 7.583817e-02 143
0.765684 1.085547e-01 1.180070e-01 6.556540e-02 132
0.766134 1.051598e-01 1.085107e-01 6.168348e-02 128
0.766579 1.009509e-01 1.126667e-01 6.415931e-02 123
0.767047 1.024898e-01 1.262308e-01 7.086751e-02 125
0.767474 7.453802e-02 8.068216e-02 4.522423e-02 91
0.767929 1.096497e-01 1.145938e-01 6.536147e-02 134
0.768360 9.727823e-02 1.057263e-01 6.015342e-02 119
0.768798 1.020811e-01 1.098459e-01 6.144247e-02 125
0.769244 9.463674e-02 1.022154e-01 5.693064e-02 116
0.769689 1.010626e-01 1.053498e-01 5.879241e-02 124
0.770140 1.009619e-01 1.077431e-01 6.401359e-02 124
0.770583 8.947377e-02 9.647762e-02 5.573557e-02 110
0.771014 9.344766e-02 1.004464e-01 5.880710e-02 115
0.771453 1.030961e-01 1.103245e-01 6.481732e-02 127
0.771907 9.407284e-02 1.000026e-01 5.973645e-02 116
0.772353 1.118030e-01 1.156663e-01 6.832504e-02 138
0.772799 9.631408e-02 1.025685e-01 6.115115e-02 119
0.773236 8.651575e-02 9.120777e-02 5.390205e-02 107
0.773671 8.562214e-02 9.091731e-02 5.341855e-02 106
0.774108 9.279981e-02 1.010426e-01 5.944283e-02 115
0.774570 7.658471e-02 8.002496e-02 4.748726e-02 95
0.775018 8.375703e-02 8.742618e-02 5.083608e-02 104
0.775446 9.011054e-02 9.543261e-02 5.578581e-02 112
0.775905 9.323639e-02 1.002109e-01 5.849833e-02 116
0.776362 8.190261e-02 8.953121e-02 5.120789e-02 102
0.776776 8.021726e-02 8.474407e-02 4.941206e-02 100
0.777256 9.456281e-02 1.012557e-01 6.043987e-02 118
0.777666 8.886527e-02 9.582284e-02 5.576075e-02 111
0.778139 7.438117e-02 7.886645e-02 4.567868e-02 93
0.778566 9.987601e-02 1.078037e-01 6.356917e-02 125
0.779019 7.822555e-02 8.559719e-02 5.043285e-02 98
0.779474 9.090734e-02 9.818973e-02 5.674208e-02 114
0.779918 9.081775e-02 9.828293e-02 5.775562e-02 114
0.780350 7.958622e-02 8.510960e-02 5.060965e-02 100
0.780800 9.620452e-02 1.009887e-01 6.022138e-02 121
0.781244 8.896118e-02 9.459105e-02 5.651511e-02 112
0.781693 8.411259e-02 8.872271e-02 5.273425e-02 106
0.782167 7.213888e-02 7.717194e-02 4.632991e-02 91
0.782563 8.077951e-02 9.232746e-02 5.564942e-02 102
0.783017 8.149135e-02 8.454313e-02 4.971542e-02 103
0.783472 7.666894e-02 8.113375e-02 4.891779e-02 97
0.783918 9.396549e-02 9.905814e-02 5.879353e-02 119
0.784344 8.361827e-02 8.632573e-02 5.140095e-02 106
0.784812 8.038399e-02 8.351148e-02 5.111106e-02 102
0.785281 9.605136e-02 1.006175e-01 6.077980e-02 122
0.785700 8.573235e-02 9.248824e-02 5.520073e-02 109
0.786145 7.779078e-02 8.048744e-02 4.945978e-02 99
0.786585 8.320966e-02 8.793009e-02 5.251771e-02 106
0.787058 8.626521e-02 9.189904e-02 5.516990e-02 110
0.787477 9.244860e-02 9.614230e-02 5.689047e-02 118
0.787921 7.279086e-02 7.716171e-02 4.570159e-02 93
0.788377 9.539585e-02 1.000631e-01 5.923132e-02 122
0.788812 7.342999e-02 7.775690e-02 4.662478e-02 94
0.789263 7.648000e-02 8.450308e-02 4.971384e-02 98
0.789733 9.589662e-02 1.022398e-01 6.036717e-02 123
0.790186 7.633098e-02 8.369731e-02 5.064017e-02 98
0.790592 7.625663e-02 8.079051e-02 4.849892e-02 98
0.791042 8.240137e-02 8.486450e-02 5.120333e-02 106
0.791497 8.775749e-02 9.146207e-02 5.625758e-02 113
0.791945 7.525838e-02 7.776290e-02 4.663362e-02 97
0.792407 9.378776e-02 1.000110e-01 6.044018e-02 121
0.792857 7.278912e-02 7.782458e-02 4.761306e-02 94
0.793289 8.432243e-02 9.003766e-02 5.491593e-02 109
0.793754 7.883063e-02 8.503197e-02 5.177894e-02 102
0.794201 7.412155e-02 7.590272e-02 4.673456e-02 96
0.794629 8.870534e-02 9.144838e-02 5.620237e-02 115
0.795100 8.168393e-02 8.404945e-02 5.099005e-02 106
0.795525 8.545408e-02 9.253801e-02 5.518533e-02 111
0.795985 8.921688e-02 9.348278e-02 5.690352e-02 116
0.796436 8.528870e-02 8.997678e-02 5.476843e-02 111
0.796891 6.448036e-02 6.684774e-02 4.041506e-02 84
0.797330 7.362059e-02 7.974185e-02 4.872671e-02 96
0.797776 8.044469e-02 8.644683e-02 5.210644e-02 105
0.798216 8.113238e-02 8.968052e-02 5.428415e-02 106
0.798658 6.881947e-02 7.396505e-02 4.410929e-02 90
0.799100 7.104483e-02 7.612812e-02 4.567481e-02 93
0.799562 7.402904e-02 7.761676e-02 4.784748e-02 97
0.799994 7.167032e-02 7.560781e-02 4.662015e-02 94
0.800482 6.626924e-02 6.995777e-02 4.420482e-02 87
0.800922 6.924934e-02 7.321002e-02 4.617813e-02 91
0.801350 7.070317e-02 7.565237e-02 4.779693e-02 93
0.801803 7.974934e-02 8.330478e-02 5.247723e-02 105
0.802267 6.373811e-02 6.716597e-02 4.266803e-02 84
0.802701 7.580575e-02 7.807643e-02 4.922663e-02 100
0.803154 6.513031e-02 7.023916e-02 4.407191e-02 86
0.803586 6.506775e-02 6.801699e-02 4.318125e-02 86
0.804057 6.802879e-02 7.161821e-02 4.583545e-02 90
0.804516 5.965686e-02 6.565360e-02 4.095172e-02 79
0.804943 8.147800e-02 8.470048e-02 5.308361e-02 108
0.805408 6.255733e-02 6.509908e-02 4.060584e-02 83
0.805881 7.303912e-02 7.698941e-02 4.878679e-02 97
0.806278 7.673047e-02 7.987933e-02 5.083261e-02 102
0.806726 7.289932e-02 7.749764e-02 4.859006e-02 97
0.807213 7.207876e-02 7.729930e-02 4.875993e-02 96
0.807650 7.651044e-02 7.887455e-02 5.017840e-02 102
0.808102 6.519653e-02 6.914192e-02 4.367549e-02 87
0.808558 8.310231e-02 8.706744e-02 5.490923e-02 111
0.808984 6.806386e-02 7.158905e-02 4.545031e-02 91
0.809445 8.144923e-02 8.791315e-02 5.518067e-02 109
0.809927 6.644097e-02 6.970858e-02 4.526600e-02 89
0.810347 7.383577e-02 7.915089e-02 5.139709e-02 99
0.810784 6.184372e-02 6.495330e-02 4.202959e-02 83
0.811252 5.806282e-02 5.991401e-02 3.855422e-02 78
0.811713 6.841915e-02 7.059352e-02 4.565987e-02 92
0.812146 6.983999e-02 7.513526e-02 4.939000e-02 94
0.812582 6.012401e-02 6.393366e-02 4.151772e-02 81
0.813040 6.896564e-02 7.432537e-02 4.782782e-02 93
0.813508 7.630870e-02 7.983524e-02 5.268025e-02 103
0.813942 6.513385e-02 6.803971e-02 4.481904e-02 88
0.814391 6.802983e-02 7.270096e-02 4.784072e-02 92
0.814874 5.983898e-02 6.389335e-02 4.222411e-02 81
0.815314 5.904417e-02 6.380793e-02 4.105993e-02 80
0.815754 6.120024e-02 6.238220e-02 4.038668e-02 83
0.816197 6.408886e-02 6.545758e-02 4.241299e-02 87
0.816686 6.770793e-02 7.075221e-02 4.575207e-02 92
0.817132 6.102649e-02 6.350220e-02 4.086319e-02 83
0.817555 5.509224e-02 5.718063e-02 3.679531e-02 75
0.818006 6.971749e-02 7.431127e-02 4.862605e-02 95
0.818448 6.012031e-02 6.634527e-02 4.325547e-02 82
0.818928 5.347116e-02 5.753241e-02 3.702168e-02 73
0.819384 6.586108e-02 7.132227e-02 4.613396e-02 90
0.819828 5.995011e-02 6.255801e-02 4.082445e-02 82
0.820280 5.697190e-02 5.849108e-02 3.993717e-02 78
0.820711 5.910732e-02 6.300422e-02 4.301870e-02 81
0.821165 4.957418e-02 5.093813e-02 3.498488e-02 68
0.821636 5.608257e-02 5.930485e-02 4.183956e-02 77
0.822111 4.729784e-02 4.946102e-02 3.400928e-02 65
0.822535 5.234213e-02 5.813683e-02 4.041866e-02 72
0.822993 5.229287e-02 5.428459e-02 3.753761e-02 72
0.823446 5.151808e-02 5.607971e-02 3.875983e-02 71
0.823902 5.074472e-02 5.208409e-02 3.556254e-02 70
0.824302 4.997280e-02 5.367169e-02 3.685147e-02 69
0.824778 5.354368e-02 5.772627e-02 3.941496e-02 74
0.825250 6.289090e-02 6.615939e-02 4.538322e-02 87
0.825690 5.272101e-02 5.892160e-02 4.023112e-02 73
0.826149 5.267156e-02 5.362642e-02 3.661562e-02 73
0.826592 4.829707e-02 5.224679e-02 3.588885e-02 67
0.827034 6.121499e-02 7.040589e-02 4.807249e-02 85
0.827513 5.180413e-02 5.466793e-02 3.732675e-02 72
0.827929 5.534978e-02 6.101342e-02 4.165940e-02 77
0.828404 5.601614e-02 6.120863e-02 4.264955e-02 78
0.828876 5.739872e-02 6.089894e-02 4.184978e-02 80
0.829354 3.870791e-02 4.061259e-02 2.772990e-02 54
0.829764 4.225246e-02 4.472221e-02 3.074633e-02 59
0.830221 5.652249e-02 5.930012e-02 4.106679e-02 79
0.830680 5.432531e-02 5.949792e-02 4.121090e-02 76
0.831125 4.070596e-02 4.356368e-02 3.017413e-02 57
0.831588 5.351052e-02 5.627402e-02 3.940693e-02 75
0.832048 4.989660e-02 5.310433e-02 3.701602e-02 70
0.832491 5.269868e-02 5.508907e-02 3.815713e-02 74
0.832943 5.193812e-02 5.306427e-02 3.675467e-02 73
0.833416 5.331140e-02 5.855288e-02 4.077695e-02 75
0.833825 5.752274e-02 5.959172e-02 4.148182e-02 81
0.834313 4.753629e-02 4.915866e-02 3.445801e-02 67
0.834756 5.387163e-02 5.617410e-02 3.890868e-02 76
0.835176 4.036618e-02 4.102130e-02 2.841317e-02 57
0.835669 4.881894e-02 5.031577e-02 3.485094e-02 69
0.836111 5.089421e-02 5.416511e-02 3.772496e-02 72
0.836606 4.519732e-02 4.747357e-02 3.288230e-02 64
0.837018 4.374429e-02 4.416452e-02 3.059031e-02 62
0.837498 5.357233e-02 5.688289e-02 3.963325e-02 76
0.837965 5.493118e-02 5.887284e-02 4.077794e-02 78
0.838389 6.261983e-02 6.625088e-02 4.588830e-02 89
0.838828 4.850302e-02 5.075752e-02 3.515691e-02 69
0.839295 4.916043e-02 5.342989e-02 3.720754e-02 70
0.839747 4.771167e-02 4.881566e-02 3.401718e-02 68
0.840206 3.925564e-02 4.234623e-02 2.991776e-02 56
0.840680 3.921937e-02 4.151490e-02 2.933933e-02 56
0.841126 5.247743e-02 5.703182e-02 4.091614e-02 75
0.841582 5.033182e-02 5.284379e-02 3.753982e-02 72
0.842016 4.679333e-02 4.999849e-02 3.533484e-02 67
0.842531 5.093676e-02 5.495284e-02 3.929947e-02 73
0.842947 4.810132e-02 5.077124e-02 3.608632e-02 69
0.843421 4.666404e-02 4.952887e-02 3.500295e-02 67
0.843896 4.801273e-02 5.136574e-02 3.630110e-02 69
0.844302 5.144450e-02 5.515496e-02 3.897900e-02 74
0.844750 5.209172e-02 5.449705e-02 3.851405e-02 75
0.845248 4.302288e-02 4.483636e-02 3.190307e-02 62
0.845668 5.130268e-02 5.553241e-02 3.947289e-02 74
0.846119 4.848497e-02 5.239548e-02 3.723291e-02 70
0.846598 5.190046e-02 5.412120e-02 3.848779e-02 75
0.847062 4.217362e-02 4.337845e-02 3.065633e-02 61
0.847493 4.144418e-02 4.443313e-02 3.161874e-02 60
0.847958 5.037750e-02 5.097401e-02 3.620704e-02 73
0.848397 4.826290e-02 5.146005e-02 3.677843e-02 70
0.848868 5.304054e-02 5.601441e-02 3.958640e-02 77
0.849334 4.679809e-02 4.815983e-02 3.421808e-02 68
0.849731 3.506643e-02 3.543742e-02 2.524326e-02 51
0.850208 3.503434e-02 3.691954e-02 2.719801e-02 51
0.850692 4.804236e-02 5.015187e-02 3.694605e-02 70
0.851173 3.359891e-02 3.584312e-02 2.657061e-02 49
0.851603 4.315911e-02 4.508484e-02 3.321325e-02 63
0.852073 4.654188e-02 5.151862e-02 3.795291e-02 68
0.852510 3.624217e-02 3.775094e-02 2.781049e-02 53
0.852970 5.192247e-02 5.414726e-02 3.988939e-02 76
0.853426 3.071552e-02 3.275175e-02 2.412767e-02 45
0.853870 3.682502e-02 4.088655e-02 3.012044e-02 54
0.854318 4.019807e-02 4.209081e-02 3.100760e-02 59
0.854824 4.084216e-02 4.548312e-02 3.350666e-02 60
0.855269 3.876472e-02 4.332342e-02 3.213820e-02 57
0.855706 3.601158e-02 3.844719e-02 2.848448e-02 53
0.856178 3.394228e-02 3.693751e-02 2.786326e-02 50
0.856652 4.272838e-02 4.463867e-02 3.288457e-02 63
0.857108 4.201194e-02 4.262748e-02 3.140296e-02 62
0.857566 4.603574e-02 4.923937e-02 3.627383e-02 68
0.858025 4.261203e-02 4.549439e-02 3.367251e-02 63
0.858451 4.257335e-02 4.451348e-02 3.311415e-02 63
0.858943 4.118442e-02 4.566258e-02 3.379617e-02 61
0.859405 4.317070e-02 4.639398e-02 3.438268e-02 64
0.859866 2.965295e-02 3.163034e-02 2.337480e-02 44
0.860309 4.241916e-02 4.439697e-02 3.348279e-02 63
0.860758 4.641701e-02 4.751876e-02 3.548332e-02 69
0.861235 4.368659e-02 4.636275e-02 3.462011e-02 65
0.861690 3.827511e-02 4.051555e-02 3.025387e-02 57
0.862122 3.824050e-02 3.970223e-02 2.964655e-02 57
0.862593 4.021676e-02 4.165957e-02 3.126277e-02 60
0.863032 3.683206e-02 4.043418e-02 3.019311e-02 55
0.863501 4.482762e-02 4.630997e-02 3.474464e-02 67
0.864001 3.743403e-02 3.909468e-02 2.935235e-02 56
0.864425 3.740025e-02 3.971952e-02 2.965946e-02 56
0.864924 4.203734e-02 4.343868e-02 3.259307e-02 63
0.865330 3.933281e-02 4.232616e-02 3.160590e-02 59
0.865803 4.462582e-02 4.594339e-02 3.448673e-02 67
0.866268 3.660014e-02 4.018633e-02 3.000803e-02 55
0.866714 3.191318e-02 3.209293e-02 2.416152e-02 48
0.867193 3.254872e-02 3.412183e-02 2.547954e-02 49
0.867671 4.048339e-02 4.330739e-02 3.249667e-02 61
0.868126 2.983794e-02 3.198264e-02 2.388216e-02 45
0.868572 3.378594e-02 3.633799e-02 2.713440e-02 51
0.869017 3.243184e-02 3.376385e-02 2.537522e-02 49
0.869492 3.835424e-02 3.864098e-02 2.885409e-02 58
0.869925 3.105227e-02 3.069132e-02 2.329910e-02 47
0.870407 3.630516e-02 3.869611e-02 3.003072e-02 55
0.870847 3.099659e-02 3.406336e-02 2.626690e-02 47
0.871322 3.558118e-02 3.714158e-02 2.864057e-02 54
0.871831 3.423266e-02 3.661350e-02 2.823335e-02 52
0.872236 3.617520e-02 3.929463e-02 3.030082e-02 55
0.872720 3.614282e-02 3.831151e-02 2.954272e-02 55
0.873143 3.282771e-02 3.376767e-02 2.617829e-02 50
0.873624 2.820659e-02 3.034865e-02 2.340241e-02 43
0.874069 3.735670e-02 3.859590e-02 2.976202e-02 57
0.874547 4.125210e-02 4.479498e-02 3.454224e-02 63
0.875004 3.009368e-02 3.443264e-02 2.669443e-02 46
0.875489 3.464220e-02 3.735153e-02 2.880246e-02 53
0.875923 2.612172e-02 2.761953e-02 2.129794e-02 40
0.876410 3.262303e-02 3.412395e-02 2.631362e-02 50
0.876838 2.281576e-02 2.368109e-02 1.826093e-02 35
0.877355 3.517010e-02 3.684713e-02 2.841351e-02 54
0.877782 2.537800e-02 2.707426e-02 2.087747e-02 39
0.878234 4.485957e-02 4.685454e-02 3.627778e-02 69
0.878683 3.182844e-02 3.194377e-02 2.477324e-02 49
0.879188 2.725725e-02 2.853228e-02 2.215091e-02 42
0.879637 3.631069e-02 3.938510e-02 3.037059e-02 56
0.880092 2.720882e-02 2.861514e-02 2.230507e-02 42
0.880555 4.271873e-02 4.371263e-02 3.452329e-02 66
0.881009 3.039390e-02 3.055555e-02 2.393301e-02 47
0.881458 3.618187e-02 4.084605e-02 3.228474e-02 56
0.881930 3.873190e-02 4.092642e-02 3.205612e-02 60
0.882395 2.450845e-02 2.744868e-02 2.165542e-02 38
0.882847 2.577550e-02 2.829336e-02 2.229415e-02 40
0.883271 2.446503e-02 2.559307e-02 2.004608e-02 38
0.883761 3.730829e-02 3.857071e-02 3.021098e-02 58
0.884248 3.534724e-02 3.755989e-02 2.954932e-02 55
0.884697 3.338964e-02 3.559757e-02 2.801313e-02 52
0.885128 3.271856e-02 3.383134e-02 2.663059e-02 51
0.885621 2.820283e-02 2.944100e-02 2.306002e-02 44
0.886097 3.009913e-02 3.297995e-02 2.583194e-02 47
0.886520 2.943270e-02 3.071530e-02 2.405814e-02 46
0.887002 3.324238e-02 3.559637e-02 2.788129e-02 52
0.887470 2.554849e-02 2.765230e-02 2.165900e-02 40
0.887921 2.424966e-02 2.807572e-02 2.199065e-02 38
0.888396 3.060414e-02 3.221109e-02 2.537284e-02 48
0.888833 2.356990e-02 2.367254e-02 1.854181e-02 37
0.889343 3.373255e-02 3.576372e-02 2.817292e-02 53
0.889744 2.162070e-02 2.290759e-02 1.797235e-02 34
0.890263 3.049647e-02 3.404527e-02 2.768589e-02 48
0.890712 1.840874e-02 1.863627e-02 1.528707e-02 29
0.891128 2.727172e-02 2.964678e-02 2.410901e-02 43
0.891664 2.851508e-02 3.172113e-02 2.579588e-02 45
0.892090 3.038937e-02 3.116122e-02 2.534056e-02 48
0.892543 2.530223e-02 2.882310e-02 2.343918e-02 40
0.893018 2.591202e-02 2.720606e-02 2.212419e-02 41
0.893483 3.220375e-02 3.516676e-02 2.859790e-02 51
0.893921 2.712836e-02 2.895074e-02 2.354298e-02 43
0.894408 2.710458e-02 2.809454e-02 2.284671e-02 43
0.894875 1.826382e-02 1.894736e-02 1.540814e-02 29
0.895362 2.265247e-02 2.451912e-02 1.993915e-02 36
0.895814 2.829079e-02 2.880906e-02 2.357971e-02 45
0.896220 2.386909e-02 2.555526e-02 2.078174e-02 38
0.896728 2.510338e-02 2.527069e-02 2.055033e-02 40
0.897246 2.508144e-02 2.674631e-02 2.175032e-02 40
0.897678 2.380654e-02 2.390059e-02 1.943615e-02 38
0.898143 2.816733e-02 2.896450e-02 2.369897e-02 45
0.898579 2.439037e-02 2.455774e-02 1.997055e-02 39
0.899060 2.499392e-02 2.538630e-02 2.064435e-02 40
0.899518 2.434782e-02 2.494592e-02 2.028623e-02 39
0.900043 2.245531e-02 2.321314e-02 1.921275e-02 36
0.900458 2.430538e-02 2.507079e-02 2.090937e-02 39
0.900907 2.241618e-02 2.270443e-02 1.893580e-02 36
0.901340 1.928601e-02 1.920747e-02 1.601929e-02 31
0.901904 2.051240e-02 2.103459e-02 1.754313e-02 33
0.902339 2.297874e-02 2.412102e-02 2.021617e-02 37
0.902759 1.985622e-02 2.209130e-02 1.842444e-02 32
0.903227 1.921899e-02 2.043850e-02 1.704599e-02 31
0.903673 2.229943e-02 2.269879e-02 1.893110e-02 36
0.904142 1.856671e-02 1.888065e-02 1.574671e-02 30
0.904633 2.226071e-02 2.182537e-02 1.820266e-02 36
0.905074 2.409484e-02 2.549956e-02 2.126698e-02 39
0.905571 2.592578e-02 2.953790e-02 2.463501e-02 42
0.906039 2.035259e-02 2.034526e-02 1.696822e-02 33
0.906511 2.156737e-02 2.262816e-02 1.887219e-02 35
0.906958 2.832113e-02 2.939654e-02 2.451711e-02 46
0.907468 2.645117e-02 2.844630e-02 2.372460e-02 43
0.907924 2.089677e-02 2.193515e-02 1.829421e-02 34
0.908368 2.333501e-02 2.549198e-02 2.135533e-02 38
0.908809 1.533870e-02 1.618561e-02 1.349902e-02 25
0.909308 1.900355e-02 1.960698e-02 1.635249e-02 31
0.909755 2.143708e-02 2.213941e-02 1.846456e-02 35
0.910222 2.019464e-02 2.388712e-02 2.064692e-02 33
0.910674 1.895435e-02 1.913718e-02 1.654129e-02 31
0.911171 1.954889e-02 2.159508e-02 1.866578e-02 32
0.911646 1.525939e-02 1.597704e-02 1.380981e-02 25
0.912125 1.585609e-02 1.687871e-02 1.458918e-02 26
0.912552 2.254498e-02 2.281326e-02 1.971872e-02 37
0.913015 2.009036e-02 2.160091e-02 1.867082e-02 33
0.913498 1.459859e-02 1.534360e-02 1.334379e-02 24
0.913966 2.127128e-02 2.161441e-02 1.868250e-02 35
0.914427 1.335902e-02 1.405974e-02 1.215259e-02 22
0.914877 1.395423e-02 1.420713e-02 1.227998e-02 23
0.915354 1.757934e-02 1.852106e-02 1.600874e-02 29
0.915828 1.332459e-02 1.370305e-02 1.184428e-02 22
0.916312 1.452343e-02 1.460095e-02 1.262039e-02 24
0.916767 1.451096e-02 1.561955e-02 1.350082e-02 24
0.917243 1.570672e-02 1.583196e-02 1.368441e-02 26
0.917740 1.569324e-02 1.638913e-02 1.416601e-02 26
0.918163 1.990127e-02 2.046426e-02 1.768836e-02 33
0.918670 2.289697e-02 2.421670e-02 2.093180e-02 38
0.919110 1.806107e-02 1.900532e-02 1.642732e-02 30
0.919579 1.924864e-02 2.048021e-02 1.770214e-02 32
0.920067 1.442412e-02 1.548691e-02 1.350535e-02 24
0.920568 1.861522e-02 2.010804e-02 1.772789e-02 31
0.921041 1.139957e-02 1.170038e-02 1.022440e-02 19
0.921452 1.918286e-02 2.048656e-02 1.797647e-02 32
0.921953 1.677066e-02 1.701281e-02 1.486667e-02 28
0.922400 1.496101e-02 1.628495e-02 1.423063e-02 25
0.922880 1.674203e-02 1.737538e-02 1.525654e-02 28
0.923314 1.672774e-02 1.771358e-02 1.555127e-02 28
0.923803 1.969801e-02 2.025515e-02 1.770000e-02 33
0.924281 1.312081e-02 1.452414e-02 1.269194e-02 22
0.924762 1.608909e-02 1.687572e-02 1.474687e-02 27
0.925147 1.964769e-02 2.022225e-02 1.767124e-02 33
0.925680 1.844120e-02 1.904314e-02 1.664088e-02 31
0.926124 1.069868e-02 1.060142e-02 9.264068e-03 18
0.926575 1.603436e-02 1.615146e-02 1.411398e-02 27
0.927074 1.780080e-02 2.086077e-02 1.830585e-02 30
0.927549 1.719281e-02 1.819938e-02 1.590355e-02 29
0.928019 1.362409e-02 1.443112e-02 1.261066e-02 23
0.928476 1.538806e-02 1.592784e-02 1.399126e-02 26
0.928996 1.300961e-02 1.294631e-02 1.131316e-02 22
0.929466 1.358942e-02 1.353559e-02 1.182809e-02 23
0.929874 1.475857e-02 1.496109e-02 1.315734e-02 25
0.930336 1.474606e-02 1.521815e-02 1.356581e-02 25
0.930823 1.650158e-02 1.693792e-02 1.515863e-02 28
0.931295 1.884297e-02 2.047125e-02 1.824853e-02 32
0.931745 1.294357e-02 1.276578e-02 1.137971e-02 22
0.932221 1.234477e-02 1.308687e-02 1.166593e-02 21
0.932695 8.810229e-03 9.448881e-03 8.422946e-03 15
0.933197 2.112666e-02 2.243395e-02 1.999813e-02 36
0.933664 1.055440e-02 1.062950e-02 9.475377e-03 18
0.934081 1.816166e-02 1.924926e-02 1.715922e-02 31
0.934610 1.053657e-02 1.081119e-02 9.637341e-03 18
0.935044 9.357932e-03 9.490307e-03 8.459875e-03 16
0.935532 8.765656e-03 8.903195e-03 7.936510e-03 15
0.935957 1.284545e-02 1.339730e-02 1.200664e-02 22
0.936476 1.400140e-02 1.420039e-02 1.265855e-02 24
0.936956 1.690409e-02 1.684501e-02 1.501603e-02 29
0.937458 1.572503e-02 1.641087e-02 1.462902e-02 27
0.937882 1.338411e-02 1.425958e-02 1.271131e-02 23
0.938335 9.884276e-03 9.789394e-03 8.726487e-03 17
0.938793 1.278065e-02 1.323247e-02 1.179573e-02 22
0.939354 8.706749e-03 9.891223e-03 8.817260e-03 15
0.939761 1.217920e-02 1.234910e-02 1.100826e-02 21
0.940234 1.738423e-02 1.804065e-02 1.640794e-02 30
0.940705 1.273772e-02 1.270634e-02 1.155640e-02 22
0.941208 6.942015e-03 7.645977e-03 6.954005e-03 12
0.941662 1.560642e-02 1.680645e-02 1.528545e-02 27
0.942114 1.097308e-02 1.191615e-02 1.083772e-02 19
0.942566 9.809784e-03 1.077546e-02 9.800267e-03 17
0.943065 1.268437e-02 1.277275e-02 1.166543e-02 22
0.943516 7.489028e-03 7.330703e-03 6.717121e-03 13
0.943996 8.058351e-03 7.989773e-03 7.266687e-03 14
0.944520 6.901374e-03 6.843592e-03 6.282489e-03 12
0.944958 1.321656e-02 1.333406e-02 1.212731e-02 23
0.945427 6.889828e-03 7.523092e-03 6.842242e-03 12
0.945916 1.950485e-02 2.033747e-02 1.849690e-02 34
0.946369 9.744274e-03 9.999113e-03 9.144677e-03 17
0.946823 1.030884e-02 1.049676e-02 9.546784e-03 18
0.947306 8.583528e-03 8.628352e-03 7.847474e-03 15
0.947797 8.576361e-03 8.370930e-03 7.613348e-03 15
0.948310 9.711764e-03 1.083602e-02 9.855345e-03 17
0.948765 9.132859e-03 9.331923e-03 8.487370e-03 16
0.949203 1.425819e-02 1.448407e-02 1.317324e-02 25
0.949642 1.196690e-02 1.261255e-02 1.147109e-02 21
0.950189 9.110040e-03 9.404021e-03 8.520469e-03 16
0.950600 7.964646e-03 8.683140e-03 7.863125e-03 14
0.951143 1.080016e-02 1.158399e-02 1.049003e-02 19
0.951573 1.079118e-02 1.296988e-02 1.174503e-02 19
0.952092 9.647231e-03 1.007594e-02 9.124391e-03 17
0.952551 1.701037e-02 1.779288e-02 1.611256e-02 30
0.952968 1.189736e-02 1.271613e-02 1.151525e-02 21
0.953534 1.301962e-02 1.414402e-02 1.280830e-02 23
0.953945 1.583681e-02 1.682874e-02 1.523947e-02 28
0.954482 9.042094e-03 9.066287e-03 8.210089e-03 16
0.954862 1.016391e-02 1.045063e-02 9.463700e-03 18
0.955331 9.027098e-03 8.890056e-03 8.050501e-03 16
0.955808 1.183824e-02 1.256888e-02 1.138190e-02 21
0.956341 1.295495e-02 1.302472e-02 1.184285e-02 23
0.956742 9.004674e-03 1.356954e-02 1.228806e-02 16
0.957189 9.559544e-03 9.776011e-03 8.852789e-03 17
0.957719 9.551632e-03 9.397457e-03 8.509985e-03 17
0.958216 1.403490e-02 1.419245e-02 1.285215e-02 25
0.958664 1.177956e-02 1.271161e-02 1.151115e-02 21
0.959187 1.233029e-02 1.341981e-02 1.215247e-02 22
0.959620 7.840066e-03 8.490559e-03 7.688732e-03 14
0.960066 7.833591e-03 7.616557e-03 7.017438e-03 14
0.960559 7.268043e-03 7.048279e-03 6.593263e-03 13
0.961023 9.496520e-03 9.975676e-03 9.316536e-03 17
0.961584 7.814212e-03 7.817596e-03 7.306532e-03 14
0.961927 7.807768e-03 7.745640e-03 7.277961e-03 14
0.962413 4.457904e-03 4.586804e-03 4.266570e-03 8
0.962933 9.465241e-03 9.651676e-03 8.977831e-03 17
0.963386 8.901126e-03 9.678632e-03 9.002906e-03 16
0.963872 9.449660e-03 9.737736e-03 9.057883e-03 17
0.964295 7.220264e-03 7.341406e-03 6.828856e-03 13
0.964877 6.104429e-03 5.892039e-03 5.480679e-03 11
0.965337 9.426360e-03 9.735996e-03 9.095435e-03 17
0.965796 7.756505e-03 7.697608e-03 7.160189e-03 14
0.966305 1.051804e-02 1.100219e-02 1.023406e-02 19
0.966676 7.743767e-03 8.055751e-03 7.493329e-03 14
0.967207 8.842755e-03 9.391375e-03 8.735704e-03 16
0.967718 1.049216e-02 1.108136e-02 1.030770e-02 19
0.968215 8.828252e-03 9.007938e-03 8.379037e-03 16
0.968596 7.718387e-03 8.190811e-03 7.618959e-03 14
0.969109 9.915508e-03 1.022611e-02 9.512163e-03 18
0.969633 6.054513e-03 6.119019e-03 5.691811e-03 11
0.970068 7.699434e-03 7.670719e-03 7.203498e-03 14
0.970549 6.594113e-03 6.851193e-03 6.466416e-03 12
0.971018 4.941538e-03 4.962201e-03 4.683513e-03 9
0.971482 7.131940e-03 7.391462e-03 6.976342e-03 13
0.972033 5.481622e-03 5.361642e-03 5.060521e-03 10
0.972484 8.215714e-03 8.548960e-03 8.068832e-03 15
0.972955 6.567203e-03 7.914595e-03 7.470094e-03 12
0.973497 4.374560e-03 4.313554e-03 4.071296e-03 8
0.973963 4.370990e-03 4.842822e-03 4.570839e-03 8
0.974389 1.091856e-02 1.097461e-02 1.038799e-02 20
0.974806 7.636758e-03 7.648695e-03 7.248209e-03 14
0.975345 7.630533e-03 7.775338e-03 7.338659e-03 14
0.975767 7.079721e-03 8.108706e-03 7.653304e-03 13
0.976386 4.353203e-03 4.527621e-03 4.273340e-03 8
0.976756 7.068195e-03 7.694962e-03 7.262796e-03 13
0.977220 8.148971e-03 8.369683e-03 7.899624e-03 15
0.977716 4.342582e-03 4.356668e-03 4.111989e-03 8
0.978226 3.254288e-03 3.197481e-03 3.017904e-03 6
0.978690 2.167762e-03 2.078977e-03 1.962217e-03 4
0.979164 9.747002e-03 1.019835e-02 9.625591e-03 18
0.979596 6.492724e-03 7.046836e-03 6.651071e-03 12
0.980109 9.190557e-03 8.894613e-03 8.380541e-03 17
0.980588 9.183099e-03 9.824181e-03 9.252912e-03 17
0.981060 5.397441e-03 5.455916e-03 5.138659e-03 10
0.981507 6.471677e-03 6.520641e-03 6.141470e-03 12
0.982020 7.005300e-03 8.437706e-03 7.976811e-03 13
0.982494 6.999624e-03 7.518962e-03 7.081740e-03 13
0.982942 8.069948e-03 8.321358e-03 7.837477e-03 15
0.983461 6.450732e-03 6.310130e-03 5.943201e-03 12
0.983930 6.445511e-03 6.874367e-03 6.474627e-03 12
0.984451 3.220149e-03 3.288531e-03 3.097305e-03 6
0.984918 1.072515e-02 1.144773e-02 1.078205e-02 20
0.985377 4.822416e-03 4.732746e-03 4.457540e-03 9
0.985891 7.495476e-03 7.523961e-03 7.086448e-03 14
0.986329 7.489422e-03 7.617592e-03 7.174634e-03 14
0.986804 6.414322e-03 6.288917e-03 5.923221e-03 12
0.987324 9.079624e-03 9.148796e-03 8.647419e-03 17
0.987781 4.802982e-03 4.824253e-03 4.543726e-03 9
0.988265 6.932047e-03 7.364260e-03 6.936034e-03 13
0.988665 3.196827e-03 3.310491e-03 3.117989e-03 6
0.989166 6.920879e-03 7.229781e-03 6.809375e-03 13
0.989613 4.787519e-03 4.685777e-03 4.413303e-03 9
0.990232 5.846702e-03 5.769360e-03 5.476957e-03 11
0.990641 4.248725e-03 4.470425e-03 4.247122e-03 8
0.991011 1.591990e-03 1.673975e-03 1.590358e-03 3
0.991578 4.241894e-03 4.318471e-03 4.128650e-03 8
0.992055 5.298106e-03 5.376349e-03 5.107795e-03 10
0.992524 5.823234e-03 6.191802e-03 5.882515e-03 11
0.992989 6.876477e-03 7.205430e-03 6.845511e-03 13
0.993524 6.870957e-03 6.809724e-03 6.469571e-03 13
0.994021 5.281110e-03 5.174509e-03 4.916037e-03 10
0.994421 3.693812e-03 3.717968e-03 3.532252e-03 7
0.994976 6.327172e-03 6.443196e-03 6.121351e-03 12
0.995438 5.795259e-03 5.703085e-03 5.418210e-03 11
0.995908 7.896295e-03 8.134056e-03 7.727751e-03 15
0.996363 5.785979e-03 5.893062e-03 5.598697e-03 11
0.996829 7.358078e-03 7.371619e-03 7.003399e-03 14
0.997365 5.251564e-03 6.152410e-03 5.845091e-03 10
0.997769 4.722627e-03 5.266193e-03 5.003141e-03 9
0.998280 5.767485e-03 5.767720e-03 5.479616e-03 11
0.998745 8.906262e-03 8.906366e-03 8.461483e-03 17
0.999247 5.758271e-03 6.105100e-03 5.800144e-03 11
0.999780 5.753673e-03 6.559965e-03 6.232288e-03 11
