#Interval: 1.000000 Mpc/h, Area= 1.000000 deg^2
# z <nobs> <wc nobs> <wc wfkp nobs> N_objects
0.600251 1.841830e+00 1.963969e+00 5.597063e-01 1242
0.600737 1.751976e+00 1.848088e+00 5.358807e-01 1183
0.601222 1.785116e+00 1.874577e+00 5.407271e-01 1207
0.601722 1.623204e+00 1.738200e+00 5.035721e-01 1099
0.602209 1.685925e+00 1.802486e+00 5.220217e-01 1143
0.602707 1.761733e+00 1.864086e+00 5.391121e-01 1196
0.603191 1.691704e+00 1.782941e+00 5.192271e-01 1150
0.603688 1.645365e+00 1.728258e+00 5.011500e-01 1120
0.604183 1.781070e+00 1.897776e+00 5.517731e-01 1214
0.604668 1.777222e+00 1.900830e+00 5.555179e-01 1213
0.605163 1.744119e+00 1.843782e+00 5.406206e-01 1192
0.605666 1.792932e+00 1.880887e+00 5.487985e-01 1227
0.606146 1.783241e+00 1.893772e+00 5.576619e-01 1222
0.606643 1.627842e+00 1.715314e+00 5.060590e-01 1117
0.607146 1.654779e+00 1.793486e+00 5.313824e-01 1137
0.607631 1.694724e+00 1.787208e+00 5.318340e-01 1166
0.608124 1.541509e+00 1.624668e+00 4.857769e-01 1062
0.608620 1.601790e+00 1.702763e+00 5.085507e-01 1105
0.609111 1.602555e+00 1.686681e+00 5.039498e-01 1107
0.609607 1.555608e+00 1.637120e+00 4.902957e-01 1076
0.610105 1.541991e+00 1.639058e+00 5.002098e-01 1068
0.610594 1.725949e+00 1.813787e+00 5.601126e-01 1197
0.611100 1.679020e+00 1.797554e+00 5.513613e-01 1166
0.611592 1.589072e+00 1.680841e+00 5.166706e-01 1105
0.612077 1.561116e+00 1.656855e+00 5.118327e-01 1087
0.612579 1.547575e+00 1.675263e+00 5.135120e-01 1079
0.613074 1.491098e+00 1.596499e+00 4.902598e-01 1041
0.613572 1.529180e+00 1.613490e+00 4.983668e-01 1069
0.614065 1.602875e+00 1.719901e+00 5.307945e-01 1122
0.614562 1.582211e+00 1.692066e+00 5.235302e-01 1109
0.615052 1.493210e+00 1.608082e+00 5.037464e-01 1048
0.615551 1.495510e+00 1.560245e+00 4.818189e-01 1051
0.616054 1.537592e+00 1.645426e+00 5.126034e-01 1082
0.616534 1.580982e+00 1.698863e+00 5.326761e-01 1114
0.617037 1.526460e+00 1.624656e+00 5.074179e-01 1077
0.617538 1.480574e+00 1.580274e+00 4.985163e-01 1046
0.618030 1.583234e+00 1.694958e+00 5.388156e-01 1120
0.618520 1.442804e+00 1.489357e+00 4.700323e-01 1022
0.619031 1.491667e+00 1.579176e+00 4.988800e-01 1058
0.619522 1.499566e+00 1.599063e+00 5.082614e-01 1065
0.620019 1.469477e+00 1.559586e+00 5.070205e-01 1045
0.620515 1.424017e+00 1.503623e+00 4.998580e-01 1014
0.621013 1.479656e+00 1.545860e+00 5.138542e-01 1055
0.621517 1.469316e+00 1.552472e+00 5.181414e-01 1049
0.622006 1.417037e+00 1.515400e+00 5.114374e-01 1013
0.622507 1.478052e+00 1.581434e+00 5.338717e-01 1058
0.623000 1.444032e+00 1.557094e+00 5.254011e-01 1035
0.623504 1.337645e+00 1.412200e+00 4.794398e-01 960
0.623999 1.295545e+00 1.352895e+00 4.611970e-01 931
0.624499 1.307754e+00 1.407863e+00 4.778353e-01 941
0.624998 1.319931e+00 1.381141e+00 4.717571e-01 951
0.625499 1.334847e+00 1.415935e+00 4.890881e-01 963
0.625997 1.273585e+00 1.337828e+00 4.602490e-01 920
0.626497 1.259487e+00 1.332992e+00 4.640721e-01 911
0.626987 1.257851e+00 1.330568e+00 4.601919e-01 911
0.627499 1.270007e+00 1.360699e+00 4.707076e-01 921
0.628000 1.313806e+00 1.385765e+00 4.813767e-01 954
0.628496 1.301100e+00 1.381246e+00 4.829902e-01 946
0.629005 1.271943e+00 1.353981e+00 4.722370e-01 926
0.629502 1.277155e+00 1.347380e+00 4.730704e-01 931
0.629994 1.349485e+00 1.421965e+00 4.993262e-01 985
0.630491 1.328584e+00 1.394192e+00 4.919233e-01 971
0.630997 1.224380e+00 1.305923e+00 4.670422e-01 896
0.631502 1.323789e+00 1.409860e+00 5.027190e-01 970
0.632005 1.279829e+00 1.335556e+00 4.797788e-01 939
0.632496 1.275456e+00 1.343094e+00 4.790145e-01 937
0.632999 1.267015e+00 1.348675e+00 4.799660e-01 932
0.633500 1.268099e+00 1.367078e+00 4.873281e-01 934
0.634001 1.285450e+00 1.344041e+00 4.774824e-01 948
0.634503 1.226919e+00 1.290048e+00 4.636692e-01 906
0.634998 1.275384e+00 1.330532e+00 4.811076e-01 943
0.635506 1.238626e+00 1.331635e+00 4.834691e-01 917
0.636016 1.193868e+00 1.297978e+00 4.739406e-01 885
0.636525 1.203114e+00 1.263112e+00 4.589707e-01 893
0.637009 1.220409e+00 1.287814e+00 4.697763e-01 907
0.637526 1.241690e+00 1.302436e+00 4.772989e-01 924
0.638020 1.092469e+00 1.156922e+00 4.269145e-01 814
0.638528 1.174175e+00 1.255223e+00 4.601913e-01 876
0.639022 1.133852e+00 1.195731e+00 4.444372e-01 847
0.639529 1.164490e+00 1.222352e+00 4.527399e-01 871
0.640035 1.240447e+00 1.320473e+00 4.969042e-01 929
0.640529 1.185522e+00 1.267290e+00 4.853210e-01 889
0.641032 1.194664e+00 1.280421e+00 4.849688e-01 897
0.641548 1.110672e+00 1.195137e+00 4.539057e-01 835
0.642047 1.089330e+00 1.178404e+00 4.474605e-01 820
0.642538 1.083963e+00 1.169412e+00 4.428417e-01 817
0.643054 1.134262e+00 1.212560e+00 4.599804e-01 856
0.643558 1.127526e+00 1.210051e+00 4.674648e-01 852
0.644064 1.085120e+00 1.146514e+00 4.322448e-01 821
0.644568 1.073182e+00 1.149073e+00 4.352014e-01 813
0.645077 1.079730e+00 1.150442e+00 4.367870e-01 819
0.645574 1.179745e+00 1.257698e+00 4.851529e-01 896
0.646076 1.109869e+00 1.173383e+00 4.480609e-01 844
0.646588 1.107150e+00 1.160993e+00 4.479828e-01 843
0.647091 1.076891e+00 1.133503e+00 4.386530e-01 821
0.647596 1.127929e+00 1.201989e+00 4.699897e-01 861
0.648110 1.051927e+00 1.123956e+00 4.293744e-01 804
0.648613 1.108093e+00 1.165230e+00 4.514540e-01 848
0.649105 9.892378e-01 1.046099e+00 4.090612e-01 758
0.649623 9.945065e-01 1.040904e+00 4.085918e-01 763
0.650131 1.001063e+00 1.062089e+00 4.238059e-01 769
0.650628 9.789991e-01 1.038930e+00 4.188580e-01 753
0.651137 1.023213e+00 1.098857e+00 4.488556e-01 788
0.651645 1.037488e+00 1.100731e+00 4.498286e-01 800
0.652149 9.882590e-01 1.037091e+00 4.195591e-01 763
0.652655 9.482086e-01 1.011044e+00 4.158233e-01 733
0.653165 9.715648e-01 1.026156e+00 4.256180e-01 752
0.653671 1.007765e+00 1.081282e+00 4.460765e-01 781
0.654186 1.019388e+00 1.091524e+00 4.547397e-01 791
0.654680 9.769217e-01 1.041356e+00 4.262482e-01 759
0.655198 8.895686e-01 9.353895e-01 3.841529e-01 692
0.655704 9.834626e-01 1.017083e+00 4.224708e-01 766
0.656215 9.873608e-01 1.039245e+00 4.322737e-01 770
0.656716 8.977586e-01 9.461234e-01 3.973325e-01 701
0.657226 9.721021e-01 1.042524e+00 4.360621e-01 760
0.657743 9.670552e-01 1.027233e+00 4.281910e-01 757
0.658241 9.135363e-01 9.732770e-01 4.103680e-01 716
0.658755 8.907334e-01 9.561408e-01 3.987922e-01 699
0.659266 9.367128e-01 1.012181e+00 4.159884e-01 736
0.659773 9.355454e-01 9.998377e-01 4.144409e-01 736
0.660289 9.546929e-01 1.005367e+00 4.237365e-01 752
0.660786 8.812310e-01 9.300598e-01 3.938011e-01 695
0.661307 9.257245e-01 9.820550e-01 4.172524e-01 731
0.661806 8.815703e-01 9.431788e-01 4.040935e-01 697
0.662316 9.436368e-01 9.960485e-01 4.258322e-01 747
0.662830 8.995686e-01 9.856508e-01 4.182304e-01 713
0.663340 9.501165e-01 9.890404e-01 4.211025e-01 754
0.663841 9.023724e-01 9.691952e-01 4.186852e-01 717
0.664357 8.836564e-01 9.676767e-01 4.237287e-01 703
0.664872 8.599644e-01 9.098244e-01 3.912149e-01 685
0.665381 8.325687e-01 8.873838e-01 3.874265e-01 664
0.665901 8.490713e-01 8.864515e-01 3.917850e-01 678
0.666406 8.130001e-01 8.747537e-01 3.763563e-01 650
0.666930 8.794538e-01 9.277438e-01 4.010938e-01 704
0.667422 8.359468e-01 8.828469e-01 3.789282e-01 670
0.667945 8.822687e-01 9.289779e-01 4.085498e-01 708
0.668445 8.450871e-01 8.960498e-01 4.002172e-01 679
0.668960 7.806490e-01 8.286292e-01 3.628672e-01 628
0.669484 8.343153e-01 8.951489e-01 3.889985e-01 672
0.669984 8.171682e-01 8.649986e-01 3.889736e-01 659
0.670502 8.074935e-01 8.371229e-01 3.850253e-01 652
0.671016 7.990790e-01 8.530148e-01 3.917580e-01 646
0.671518 8.252771e-01 8.725541e-01 4.007563e-01 668
0.672041 7.354209e-01 7.700107e-01 3.499642e-01 596
0.672549 7.838150e-01 8.319222e-01 3.838777e-01 636
0.673062 7.176160e-01 7.521100e-01 3.460491e-01 583
0.673576 7.536183e-01 7.822254e-01 3.519903e-01 613
0.674088 7.588346e-01 7.884834e-01 3.625273e-01 618
0.674601 7.897918e-01 8.334918e-01 3.815192e-01 644
0.675116 7.655527e-01 8.206489e-01 3.757346e-01 625
0.675625 7.487127e-01 7.918551e-01 3.634773e-01 612
0.676143 7.282476e-01 7.637607e-01 3.445584e-01 596
0.676664 7.481052e-01 7.876079e-01 3.652728e-01 613
0.677171 7.776650e-01 8.121991e-01 3.737029e-01 638
0.677680 7.803688e-01 8.465441e-01 3.851123e-01 641
0.678198 8.061683e-01 8.599962e-01 3.948799e-01 663
0.678713 7.481067e-01 7.835376e-01 3.617589e-01 616
0.679236 7.860113e-01 8.291001e-01 3.786805e-01 648
0.679749 7.438638e-01 7.826773e-01 3.609618e-01 614
0.680266 6.691474e-01 7.018187e-01 3.271035e-01 553
0.680783 8.000675e-01 8.334277e-01 3.900185e-01 662
0.681299 6.916645e-01 7.538103e-01 3.620675e-01 573
0.681810 6.908250e-01 7.289094e-01 3.426306e-01 573
0.682323 7.056412e-01 7.556194e-01 3.583312e-01 586
0.682843 6.662992e-01 7.236807e-01 3.469470e-01 554
0.683358 7.627932e-01 8.292668e-01 3.890671e-01 635
0.683875 6.958809e-01 7.352764e-01 3.425644e-01 580
0.684399 6.698737e-01 6.955126e-01 3.299640e-01 559
0.684921 6.666698e-01 7.171310e-01 3.442813e-01 557
0.685422 7.387864e-01 7.809222e-01 3.712623e-01 618
0.685940 6.913279e-01 7.240998e-01 3.412442e-01 579
0.686457 6.881083e-01 7.264598e-01 3.466633e-01 577
0.686968 6.396332e-01 6.883415e-01 3.236201e-01 537
0.687504 6.840702e-01 7.436826e-01 3.552934e-01 575
0.688014 6.380923e-01 7.051226e-01 3.412950e-01 537
0.688524 6.669944e-01 7.184029e-01 3.437146e-01 562
0.689042 6.673771e-01 7.101722e-01 3.398323e-01 563
0.689555 6.144798e-01 6.575985e-01 3.171241e-01 519
0.690084 6.775986e-01 7.101363e-01 3.477804e-01 573
0.690594 5.917436e-01 6.210519e-01 3.095991e-01 501
0.691133 6.382214e-01 6.702770e-01 3.312955e-01 541
0.691641 5.997503e-01 6.292937e-01 3.108199e-01 509
0.692151 6.449294e-01 6.692596e-01 3.337451e-01 548
0.692677 6.711923e-01 7.097604e-01 3.617651e-01 571
0.693190 6.574737e-01 6.917486e-01 3.460584e-01 560
0.693709 6.426149e-01 6.874668e-01 3.482516e-01 548
0.694233 6.266198e-01 6.574764e-01 3.343150e-01 535
0.694749 5.942847e-01 6.336986e-01 3.197059e-01 508
0.695277 6.227859e-01 6.509751e-01 3.287276e-01 533
0.695815 5.916987e-01 6.323321e-01 3.192610e-01 507
0.696317 5.793359e-01 6.256268e-01 3.272900e-01 497
0.696841 5.623451e-01 5.991454e-01 3.024617e-01 483
0.697362 5.744665e-01 6.065700e-01 3.075132e-01 494
0.697888 5.749436e-01 6.148904e-01 3.144316e-01 495
0.698382 5.707788e-01 6.084050e-01 3.094035e-01 492
0.698924 5.909569e-01 6.225947e-01 3.066122e-01 510
0.699437 5.682643e-01 6.030242e-01 3.043888e-01 491
0.699971 5.271294e-01 5.484816e-01 2.787322e-01 456
0.700469 5.657602e-01 6.023883e-01 3.095153e-01 490
0.700998 5.985326e-01 6.440353e-01 3.328793e-01 519
0.701530 5.241026e-01 5.573385e-01 2.880651e-01 455
0.702046 5.660500e-01 6.035274e-01 3.161762e-01 492
0.702561 5.642301e-01 5.873369e-01 3.056992e-01 491
0.703097 5.245373e-01 5.628513e-01 2.872263e-01 457
0.703612 5.755056e-01 6.037151e-01 3.042281e-01 502
0.704130 5.622291e-01 6.020055e-01 3.042575e-01 491
0.704664 5.238219e-01 5.489016e-01 2.813461e-01 458
0.705173 5.197759e-01 5.489739e-01 2.768663e-01 455
0.705707 5.956102e-01 6.379423e-01 3.309193e-01 522
0.706231 5.094322e-01 5.386855e-01 2.755846e-01 447
0.706750 5.691626e-01 6.014625e-01 3.198737e-01 500
0.707273 5.230124e-01 5.648476e-01 2.888295e-01 460
0.707795 5.223963e-01 5.472056e-01 2.843589e-01 460
0.708324 5.263186e-01 5.595483e-01 2.897628e-01 464
0.708855 4.939761e-01 5.464684e-01 2.842382e-01 436
0.709361 5.330026e-01 5.745546e-01 2.938522e-01 471
0.709884 4.984669e-01 5.219821e-01 2.735140e-01 441
0.710420 4.978815e-01 5.351721e-01 2.858297e-01 441
0.710952 5.322545e-01 5.624958e-01 3.037515e-01 472
0.711468 5.079770e-01 5.293523e-01 2.777311e-01 451
0.711997 5.208816e-01 5.526710e-01 2.958431e-01 463
0.712503 4.876841e-01 5.103528e-01 2.729271e-01 434
0.713053 5.320082e-01 5.701672e-01 3.046126e-01 474
0.713563 4.921482e-01 5.052231e-01 2.666336e-01 439
0.714087 4.736565e-01 4.989042e-01 2.603960e-01 423
0.714614 4.417862e-01 4.670271e-01 2.542258e-01 395
0.715147 4.759014e-01 5.064022e-01 2.719184e-01 426
0.715678 5.099366e-01 5.285808e-01 2.787559e-01 457
0.716188 4.848218e-01 5.166660e-01 2.756031e-01 435
0.716730 4.541991e-01 4.776264e-01 2.521272e-01 408
0.717240 5.081545e-01 5.318959e-01 2.821225e-01 457
0.717789 4.698008e-01 5.016974e-01 2.695198e-01 423
0.718318 4.936594e-01 5.351402e-01 2.840953e-01 445
0.718826 4.565192e-01 4.771680e-01 2.629541e-01 412
0.719368 4.294259e-01 4.605454e-01 2.463172e-01 388
0.719888 4.620912e-01 4.803573e-01 2.540652e-01 418
0.720410 4.604503e-01 4.962573e-01 2.700424e-01 417
0.720938 4.246225e-01 4.547943e-01 2.512407e-01 385
0.721474 4.351462e-01 4.567448e-01 2.553738e-01 395
0.721993 4.544481e-01 4.747276e-01 2.561288e-01 413
0.722516 4.000663e-01 4.251258e-01 2.337055e-01 364
0.723049 4.259504e-01 4.482998e-01 2.458344e-01 388
0.723573 4.791878e-01 5.172568e-01 2.869404e-01 437
0.724112 4.140125e-01 4.451825e-01 2.448412e-01 378
0.724635 4.485420e-01 4.657376e-01 2.558395e-01 410
0.725186 3.988504e-01 4.309725e-01 2.366288e-01 365
0.725707 4.234938e-01 4.428645e-01 2.438304e-01 388
0.726232 4.240952e-01 4.620092e-01 2.531159e-01 389
0.726746 4.029157e-01 4.228088e-01 2.354828e-01 370
0.727297 4.100652e-01 4.281919e-01 2.361850e-01 377
0.727811 3.813449e-01 4.197257e-01 2.317005e-01 351
0.728341 4.253991e-01 4.496913e-01 2.456630e-01 392
0.728882 4.086502e-01 4.260407e-01 2.410337e-01 377
0.729401 4.222554e-01 4.546158e-01 2.425139e-01 390
0.729941 4.087924e-01 4.360449e-01 2.381683e-01 378
0.730458 4.342481e-01 4.686971e-01 2.651414e-01 402
0.731004 3.970642e-01 4.164293e-01 2.308518e-01 368
0.731521 4.127746e-01 4.393449e-01 2.426767e-01 383
0.732061 3.853886e-01 3.995077e-01 2.213510e-01 358
0.732595 4.043017e-01 4.342050e-01 2.425901e-01 376
0.733117 3.726914e-01 4.017060e-01 2.227156e-01 347
0.733658 4.098131e-01 4.290882e-01 2.330699e-01 382
0.734176 4.179168e-01 4.371422e-01 2.397267e-01 390
0.734724 4.110167e-01 4.410457e-01 2.433151e-01 384
0.735231 3.848878e-01 4.019910e-01 2.242981e-01 360
0.735771 3.801764e-01 3.914215e-01 2.212715e-01 356
0.736297 4.000096e-01 4.159096e-01 2.261593e-01 375
0.736836 3.441485e-01 3.696483e-01 2.048850e-01 323
0.737368 3.522701e-01 3.833776e-01 2.153998e-01 331
0.737898 3.869492e-01 4.186653e-01 2.324612e-01 364
0.738421 3.907557e-01 4.133551e-01 2.302096e-01 368
0.738970 3.765227e-01 3.925319e-01 2.172170e-01 355
0.739512 3.443117e-01 3.581744e-01 1.997582e-01 325
0.740053 3.830742e-01 4.128695e-01 2.375804e-01 362
0.740568 3.836959e-01 4.014372e-01 2.211602e-01 363
0.741109 4.001531e-01 4.190342e-01 2.376432e-01 379
0.741656 3.427496e-01 3.564509e-01 2.005651e-01 325
0.742173 3.623757e-01 3.802056e-01 2.186850e-01 344
0.742707 3.440770e-01 3.626041e-01 2.080493e-01 327
0.743246 3.394830e-01 3.627785e-01 2.053480e-01 323
0.743768 3.495969e-01 3.759678e-01 2.086428e-01 333
0.744329 3.544444e-01 3.763572e-01 2.111235e-01 338
0.744857 3.425213e-01 3.622890e-01 1.970698e-01 327
0.745384 3.557357e-01 3.780091e-01 2.160899e-01 340
0.745915 3.501082e-01 3.668990e-01 2.079741e-01 335
0.746447 3.257027e-01 3.511407e-01 1.947326e-01 312
0.746993 3.138649e-01 3.339695e-01 1.912101e-01 301
0.747532 3.437161e-01 3.576077e-01 2.004717e-01 330
0.748055 3.578941e-01 3.870972e-01 2.164911e-01 344
0.748604 3.554123e-01 3.834532e-01 2.163132e-01 342
0.749146 3.134902e-01 3.315934e-01 1.885255e-01 302
0.749652 3.069160e-01 3.278215e-01 1.898317e-01 296
0.750205 3.127850e-01 3.391552e-01 1.986084e-01 302
0.750755 3.103643e-01 3.296803e-01 1.896647e-01 300
0.751289 3.193160e-01 3.382434e-01 1.954058e-01 309
0.751817 3.354730e-01 3.629523e-01 2.060005e-01 325
0.752341 3.443760e-01 3.678797e-01 2.127786e-01 334
0.752903 3.275111e-01 3.440077e-01 2.009759e-01 318
0.753441 2.787925e-01 3.028213e-01 1.774433e-01 271
0.753958 3.432190e-01 3.607670e-01 2.053183e-01 334
0.754503 2.791947e-01 2.912258e-01 1.687840e-01 272
0.755042 3.301473e-01 3.521942e-01 2.017269e-01 322
0.755597 3.062224e-01 3.241307e-01 1.845420e-01 299
0.756114 3.242942e-01 3.412871e-01 1.927046e-01 317
0.756663 2.932758e-01 3.140419e-01 1.775381e-01 287
0.757194 3.031555e-01 3.241728e-01 1.838651e-01 297
0.757730 3.007780e-01 3.161627e-01 1.790785e-01 295
0.758273 3.248852e-01 3.477708e-01 1.993459e-01 319
0.758823 3.021421e-01 3.183664e-01 1.808660e-01 297
0.759354 3.160320e-01 3.322188e-01 1.873763e-01 311
0.759888 2.771082e-01 2.921027e-01 1.716683e-01 273
0.760440 2.869389e-01 3.040557e-01 1.763527e-01 283
0.760978 2.967476e-01 3.176127e-01 1.819780e-01 293
0.761517 2.873127e-01 3.074152e-01 1.836553e-01 284
0.762059 2.708248e-01 2.947909e-01 1.703060e-01 268
0.762596 3.018160e-01 3.288803e-01 1.931609e-01 299
0.763121 2.692154e-01 2.850724e-01 1.687576e-01 267
0.763665 3.233045e-01 3.478575e-01 2.028774e-01 321
0.764230 2.977944e-01 3.142585e-01 1.780604e-01 296
0.764764 2.823902e-01 3.012756e-01 1.737147e-01 281
0.765305 2.850890e-01 2.989126e-01 1.748409e-01 284
0.765836 2.627135e-01 2.759402e-01 1.620118e-01 262
0.766394 2.964777e-01 3.097446e-01 1.795161e-01 296
0.766918 2.881459e-01 3.022267e-01 1.722086e-01 288
0.767458 2.558466e-01 2.677086e-01 1.578221e-01 256
0.768011 2.815198e-01 2.985334e-01 1.701004e-01 282
0.768537 3.081333e-01 3.262311e-01 1.903832e-01 309
0.769083 2.828910e-01 3.062577e-01 1.818189e-01 284
0.769617 2.726291e-01 2.830122e-01 1.662255e-01 274
0.770182 2.832615e-01 2.987987e-01 1.761519e-01 285
0.770730 2.829496e-01 3.012114e-01 1.765983e-01 285
0.771255 2.598287e-01 2.779452e-01 1.596461e-01 262
0.771802 2.714303e-01 2.810104e-01 1.607578e-01 274
0.772342 2.790481e-01 2.992161e-01 1.761296e-01 282
0.772890 2.510650e-01 2.701364e-01 1.597739e-01 254
0.773434 2.665869e-01 2.849842e-01 1.661552e-01 270
0.773980 2.870060e-01 3.071506e-01 1.819300e-01 291
0.774539 2.591057e-01 2.780445e-01 1.602079e-01 263
0.775067 2.489805e-01 2.642733e-01 1.498569e-01 253
0.775604 2.605040e-01 2.769584e-01 1.638254e-01 265
0.776166 2.503991e-01 2.682726e-01 1.574421e-01 255
0.776701 2.550294e-01 2.668683e-01 1.539877e-01 260
0.777252 2.704273e-01 2.819627e-01 1.639173e-01 276
0.777771 2.476206e-01 2.675134e-01 1.530406e-01 253
0.778338 2.434393e-01 2.564298e-01 1.497717e-01 249
0.778895 2.275477e-01 2.386993e-01 1.364298e-01 233
0.779430 2.438834e-01 2.549513e-01 1.475407e-01 250
0.779976 2.601832e-01 2.778901e-01 1.648465e-01 267
0.780536 2.637931e-01 2.805653e-01 1.642531e-01 271
0.781046 2.391969e-01 2.546321e-01 1.526118e-01 246
0.781616 2.107690e-01 2.234982e-01 1.322916e-01 217
0.782156 2.309143e-01 2.359038e-01 1.404586e-01 238
0.782694 2.122488e-01 2.299555e-01 1.390255e-01 219
0.783256 2.352528e-01 2.492341e-01 1.480811e-01 243
0.783788 2.407994e-01 2.560621e-01 1.524724e-01 249
0.784343 1.912710e-01 2.015558e-01 1.173829e-01 198
0.784896 2.036079e-01 2.184962e-01 1.331839e-01 211
0.785455 2.592942e-01 2.696027e-01 1.606090e-01 269
0.786012 2.320525e-01 2.452980e-01 1.462634e-01 241
0.786522 2.337246e-01 2.508285e-01 1.460566e-01 243
0.787095 2.334714e-01 2.497325e-01 1.451740e-01 243
0.787647 2.408965e-01 2.621183e-01 1.598136e-01 251
0.788188 2.128332e-01 2.212161e-01 1.344113e-01 222
0.788744 2.375024e-01 2.518067e-01 1.508141e-01 248
0.789293 2.391589e-01 2.503819e-01 1.496594e-01 250
0.789816 2.303001e-01 2.553697e-01 1.516960e-01 241
0.790381 2.023688e-01 2.141011e-01 1.317739e-01 212
0.790919 1.888008e-01 2.042494e-01 1.235876e-01 198
0.791463 2.133624e-01 2.254002e-01 1.368183e-01 224
0.792024 2.093264e-01 2.200593e-01 1.339906e-01 220
0.792572 2.129027e-01 2.281908e-01 1.403278e-01 224
0.793142 2.221677e-01 2.299778e-01 1.396700e-01 234
0.793654 2.361547e-01 2.527449e-01 1.541758e-01 249
0.794229 2.017945e-01 2.156416e-01 1.308005e-01 213
0.794769 2.034703e-01 2.129152e-01 1.270122e-01 215
0.795332 2.136505e-01 2.278091e-01 1.396407e-01 226
0.795861 1.973672e-01 2.051480e-01 1.273667e-01 209
0.796421 1.933820e-01 2.009036e-01 1.246115e-01 205
0.796979 1.856360e-01 1.999299e-01 1.200790e-01 197
0.797542 2.052043e-01 2.229800e-01 1.355016e-01 218
0.798085 2.181484e-01 2.308942e-01 1.377454e-01 232
0.798649 2.263683e-01 2.398812e-01 1.449768e-01 241
0.799175 2.251877e-01 2.415647e-01 1.467796e-01 240
0.799762 2.080757e-01 2.260157e-01 1.372610e-01 222
0.800273 2.059806e-01 2.188721e-01 1.343229e-01 220
0.800831 1.674141e-01 1.742661e-01 1.086004e-01 179
0.801391 1.952635e-01 2.032247e-01 1.250003e-01 209
0.801950 2.090541e-01 2.201975e-01 1.387692e-01 224
0.802488 1.957791e-01 2.098627e-01 1.294302e-01 210
0.803039 1.862573e-01 1.957663e-01 1.200078e-01 200
0.803583 1.832679e-01 1.921922e-01 1.155745e-01 197
0.804165 1.960828e-01 2.065666e-01 1.308417e-01 211
0.804727 2.060854e-01 2.136781e-01 1.294197e-01 222
0.805256 1.938108e-01 2.014160e-01 1.218135e-01 209
0.805815 1.815622e-01 1.920988e-01 1.169234e-01 196
0.806372 2.331889e-01 2.427102e-01 1.467761e-01 252
0.806925 1.922688e-01 2.083723e-01 1.271017e-01 208
0.807480 1.976049e-01 2.092887e-01 1.286867e-01 214
0.808019 1.964727e-01 2.079555e-01 1.290290e-01 213
0.808598 1.888928e-01 2.003426e-01 1.225732e-01 205
0.809148 1.730448e-01 1.797526e-01 1.092629e-01 188
0.809701 1.949288e-01 2.044284e-01 1.242198e-01 212
0.810250 1.864558e-01 1.986512e-01 1.262102e-01 203
0.810811 1.642377e-01 1.769019e-01 1.108184e-01 179
0.811370 2.053090e-01 2.162918e-01 1.346080e-01 224
0.811929 1.904424e-01 2.037432e-01 1.284384e-01 208
0.812471 2.021311e-01 2.127001e-01 1.324355e-01 221
0.813019 1.790762e-01 1.916472e-01 1.197468e-01 196
0.813576 1.953155e-01 2.016408e-01 1.259373e-01 214
0.814143 1.969328e-01 2.105437e-01 1.296594e-01 216
0.814724 1.666698e-01 1.837295e-01 1.196514e-01 183
0.815265 1.564863e-01 1.649473e-01 1.038194e-01 172
0.815828 1.772248e-01 1.866298e-01 1.160761e-01 195
0.816373 1.498015e-01 1.584499e-01 9.976575e-02 165
0.816940 1.995251e-01 2.111928e-01 1.327468e-01 220
0.817488 1.730418e-01 1.837363e-01 1.172283e-01 191
0.818038 1.755749e-01 1.831775e-01 1.152302e-01 194
0.818615 1.591170e-01 1.698444e-01 1.084012e-01 176
0.819147 1.887529e-01 1.979531e-01 1.249641e-01 209
0.819735 1.551742e-01 1.631451e-01 1.032539e-01 172
0.820288 1.712335e-01 1.825975e-01 1.196596e-01 190
0.820823 1.602505e-01 1.696689e-01 1.128098e-01 178
0.821395 1.690759e-01 1.750957e-01 1.170661e-01 188
0.821966 1.572196e-01 1.689564e-01 1.113213e-01 175
0.822507 1.426957e-01 1.544328e-01 1.028177e-01 159
0.823073 1.550976e-01 1.632734e-01 1.057574e-01 173
0.823630 1.791160e-01 1.880367e-01 1.224593e-01 200
0.824165 1.574572e-01 1.657786e-01 1.079449e-01 176
0.824748 1.635487e-01 1.713290e-01 1.115297e-01 183
0.825331 1.705200e-01 1.791621e-01 1.177528e-01 191
0.825850 1.489378e-01 1.580140e-01 1.039733e-01 167
0.826427 1.755098e-01 1.884577e-01 1.244042e-01 197
0.827011 1.539671e-01 1.609650e-01 1.052152e-01 173
0.827547 1.386927e-01 1.494740e-01 9.689302e-02 156
0.828094 1.527583e-01 1.607087e-01 1.051515e-01 172
0.828663 1.428400e-01 1.484228e-01 9.740719e-02 161
0.829238 1.391462e-01 1.495272e-01 9.822292e-02 157
0.829807 1.159821e-01 1.214125e-01 7.972795e-02 131
0.830349 1.477014e-01 1.559641e-01 1.063388e-01 167
0.830912 1.289940e-01 1.362293e-01 9.341285e-02 146
0.831474 1.412165e-01 1.505374e-01 1.020752e-01 160
0.832044 1.419516e-01 1.505683e-01 1.018637e-01 161
0.832604 1.550159e-01 1.621104e-01 1.101012e-01 176
0.833138 1.372580e-01 1.503849e-01 1.027126e-01 156
0.833727 1.476631e-01 1.562784e-01 1.059443e-01 168
0.834306 1.281933e-01 1.352903e-01 9.109592e-02 146
0.834836 1.464803e-01 1.501402e-01 1.023855e-01 167
0.835408 1.323092e-01 1.387894e-01 9.392736e-02 151
0.835957 1.155414e-01 1.223763e-01 8.297931e-02 132
0.836547 1.434031e-01 1.528346e-01 1.031274e-01 164
0.837121 1.336463e-01 1.407880e-01 9.582391e-02 153
0.837668 1.483426e-01 1.577471e-01 1.073833e-01 170
0.838219 1.211667e-01 1.257768e-01 8.501887e-02 139
0.838787 1.288790e-01 1.360522e-01 9.246301e-02 148
0.839393 1.287461e-01 1.352189e-01 9.048351e-02 148
0.839934 1.155783e-01 1.225400e-01 8.522427e-02 133
0.840488 1.119868e-01 1.225145e-01 8.700928e-02 129
0.841040 1.214109e-01 1.238028e-01 8.733053e-02 140
0.841608 1.178207e-01 1.243735e-01 8.770111e-02 136
0.842179 1.194304e-01 1.264130e-01 8.966357e-02 138
0.842755 1.132558e-01 1.206672e-01 8.440077e-02 131
0.843309 1.105485e-01 1.225074e-01 8.619765e-02 128
0.843880 1.311415e-01 1.359393e-01 9.652274e-02 152
0.844446 1.310069e-01 1.397444e-01 9.847965e-02 152
0.845017 1.265675e-01 1.334999e-01 9.462265e-02 147
0.845588 1.272979e-01 1.312345e-01 9.379028e-02 148
0.846127 1.271675e-01 1.326345e-01 9.424151e-02 148
0.846704 1.244622e-01 1.319755e-01 9.301964e-02 145
0.847296 1.089001e-01 1.168216e-01 8.329670e-02 127
0.847860 1.199245e-01 1.267714e-01 8.922986e-02 140
0.848412 1.172347e-01 1.238612e-01 8.808890e-02 137
0.848984 1.111309e-01 1.208533e-01 8.532635e-02 130
0.849556 1.058935e-01 1.076069e-01 7.536199e-02 124
0.850099 9.896053e-02 1.022855e-01 7.380143e-02 116
0.850666 1.159043e-01 1.207827e-01 8.746332e-02 136
0.851276 1.311107e-01 1.384997e-01 1.001657e-01 154
0.851835 1.190700e-01 1.229042e-01 8.887291e-02 140
0.852395 1.011064e-01 1.048153e-01 7.654925e-02 119
0.852942 1.052473e-01 1.146010e-01 8.312011e-02 124
0.853530 1.102276e-01 1.161995e-01 8.375151e-02 130
0.854097 1.185859e-01 1.258927e-01 9.043779e-02 140
0.854666 1.210038e-01 1.231459e-01 8.894026e-02 143
0.855221 1.056651e-01 1.122671e-01 8.093777e-02 125
0.855790 1.030243e-01 1.109668e-01 8.003061e-02 122
0.856341 1.147302e-01 1.238367e-01 8.964180e-02 136
0.856947 9.607331e-02 1.032432e-01 7.498587e-02 114
0.857528 9.934344e-02 1.043326e-01 7.479681e-02 118
0.858091 9.840168e-02 1.005702e-01 7.209722e-02 117
0.858654 1.125852e-01 1.175594e-01 8.449969e-02 134
0.859227 1.049171e-01 1.130155e-01 8.123868e-02 125
0.859776 9.474907e-02 1.009448e-01 7.353069e-02 113
0.860397 1.147566e-01 1.183369e-01 8.720714e-02 137
0.860936 1.096198e-01 1.170845e-01 8.560176e-02 131
0.861523 1.120168e-01 1.170390e-01 8.555746e-02 134
0.862075 9.520161e-02 9.997402e-02 7.354786e-02 114
0.862681 9.677400e-02 9.730213e-02 7.095048e-02 116
0.863224 9.500951e-02 1.037323e-01 7.738086e-02 114
0.863796 1.115652e-01 1.190292e-01 8.701087e-02 134
0.864358 9.814494e-02 1.012691e-01 7.384313e-02 118
0.864924 1.096786e-01 1.160070e-01 8.523450e-02 132
0.865540 1.112283e-01 1.182577e-01 8.623082e-02 134
0.866089 9.784870e-02 1.011665e-01 7.421342e-02 118
0.866673 1.060342e-01 1.088773e-01 8.088978e-02 128
0.867239 1.051000e-01 1.086364e-01 7.965441e-02 127
0.867805 1.033409e-01 1.098490e-01 8.073879e-02 125
0.868382 7.433070e-02 7.697424e-02 5.634668e-02 90
0.868925 7.673127e-02 8.198655e-02 6.020970e-02 93
0.869523 9.808448e-02 1.044270e-01 7.657343e-02 119
0.870096 9.139879e-02 9.688956e-02 7.427872e-02 111
0.870677 1.028234e-01 1.077097e-01 8.228884e-02 125
0.871240 1.043639e-01 1.084365e-01 8.303622e-02 127
0.871812 7.881021e-02 8.527439e-02 6.504804e-02 96
0.872394 9.431355e-02 9.939398e-02 7.582488e-02 115
0.872934 8.356832e-02 8.697046e-02 6.696793e-02 102
0.873536 7.120758e-02 7.364071e-02 5.619369e-02 87
0.874101 9.403087e-02 9.931137e-02 7.591898e-02 115
0.874693 9.148640e-02 9.843698e-02 7.505953e-02 112
0.875253 8.976299e-02 9.242004e-02 7.123679e-02 110
0.875862 7.907563e-02 8.117363e-02 6.192212e-02 97
0.876445 7.166715e-02 7.572604e-02 5.814352e-02 88
0.876982 7.810439e-02 8.247347e-02 6.310869e-02 96
0.877571 8.696710e-02 8.992748e-02 6.839587e-02 107
0.878148 8.282064e-02 8.566963e-02 6.554175e-02 102
0.878717 6.975964e-02 7.252015e-02 5.552669e-02 86
0.879321 8.508690e-02 9.046933e-02 6.918680e-02 105
0.879865 7.366864e-02 7.539055e-02 5.804675e-02 91
0.880464 8.006533e-02 8.675928e-02 6.759459e-02 99
0.880995 8.483339e-02 9.168407e-02 7.179001e-02 105
0.881630 6.618505e-02 6.929770e-02 5.402553e-02 82
0.882206 8.305235e-02 8.911122e-02 6.960406e-02 103
0.882769 7.088695e-02 7.304416e-02 5.727409e-02 88
0.883390 9.254449e-02 9.489185e-02 7.391438e-02 115
0.883964 6.994253e-02 7.276363e-02 5.672337e-02 87
0.884494 8.432977e-02 8.898983e-02 6.932544e-02 105
0.885092 8.023454e-02 8.370164e-02 6.592647e-02 100
0.885640 7.133807e-02 7.439610e-02 5.819111e-02 89
0.886228 9.288798e-02 9.934062e-02 7.720325e-02 116
0.886826 7.199701e-02 7.338875e-02 5.720471e-02 90
0.887416 8.151597e-02 8.676385e-02 6.776357e-02 102
0.887996 7.025804e-02 7.526576e-02 5.866792e-02 88
0.888555 8.853345e-02 9.483041e-02 7.413433e-02 111
0.889144 5.737043e-02 5.992531e-02 4.657137e-02 72
0.889688 6.527411e-02 6.960139e-02 5.411021e-02 82
0.890326 7.793362e-02 8.230437e-02 6.629893e-02 98
0.890881 7.706237e-02 8.290797e-02 6.647390e-02 97
0.891467 6.111298e-02 6.378823e-02 5.144614e-02 77
0.892048 9.831883e-02 1.011143e-01 8.137554e-02 124
0.892601 6.495333e-02 6.923930e-02 5.627663e-02 82
0.893240 7.834215e-02 8.264902e-02 6.626628e-02 99
0.893825 5.692011e-02 5.764543e-02 4.637091e-02 72
0.894368 6.476199e-02 6.652896e-02 5.349033e-02 82
0.894950 6.627641e-02 6.928672e-02 5.570866e-02 84
0.895498 6.699960e-02 6.916666e-02 5.574801e-02 85
0.896093 5.669693e-02 6.035275e-02 4.869355e-02 72
0.896702 6.293482e-02 6.635050e-02 5.319846e-02 80
0.897272 6.365906e-02 6.662130e-02 5.373621e-02 81
0.897872 6.595214e-02 6.896964e-02 5.544590e-02 84
0.898433 5.569068e-02 5.676360e-02 4.551189e-02 71
0.899026 5.563619e-02 5.921127e-02 4.747438e-02 71
0.899601 5.949598e-02 6.259199e-02 5.018497e-02 76
0.900171 6.256612e-02 6.605612e-02 5.333615e-02 80
0.900769 5.234793e-02 5.418691e-02 4.384931e-02 67
0.901384 7.259109e-02 7.656330e-02 6.224443e-02 93
0.901938 6.706171e-02 6.954179e-02 5.643452e-02 86
0.902527 5.608991e-02 5.946063e-02 4.811692e-02 72
0.903120 5.136561e-02 5.560565e-02 4.499738e-02 66
0.903716 6.142315e-02 6.304605e-02 5.101833e-02 79
0.904298 6.835407e-02 6.976736e-02 5.645737e-02 88
0.904855 6.518353e-02 7.047116e-02 5.717611e-02 84
0.905474 7.132199e-02 7.462675e-02 6.082238e-02 92
0.906025 7.589952e-02 8.001707e-02 6.518285e-02 98
0.906627 6.731467e-02 7.212976e-02 5.909247e-02 87
0.907257 7.188712e-02 7.734458e-02 6.258903e-02 93
0.907790 6.409500e-02 6.918770e-02 5.642393e-02 83
0.908392 6.248981e-02 6.591931e-02 5.363049e-02 81
0.908990 6.705355e-02 6.943296e-02 5.647026e-02 87
0.909536 4.850892e-02 4.997773e-02 4.059108e-02 63
0.910164 6.076967e-02 6.282229e-02 5.247577e-02 79
0.910741 5.379436e-02 5.528563e-02 4.627063e-02 70
0.911321 6.295521e-02 6.448189e-02 5.396732e-02 82
0.911897 4.525319e-02 4.820690e-02 4.047888e-02 59
0.912505 5.287201e-02 5.641397e-02 4.721497e-02 69
0.913056 5.435191e-02 5.713097e-02 4.793342e-02 71
0.913664 5.047547e-02 5.610436e-02 4.726523e-02 66
0.914268 5.501094e-02 5.831823e-02 4.893168e-02 72
0.914847 5.801103e-02 5.882923e-02 4.947695e-02 76
0.915396 5.261706e-02 5.562329e-02 4.666607e-02 69
0.916002 6.094643e-02 6.434852e-02 5.385570e-02 80
0.916636 4.490465e-02 4.884940e-02 4.124452e-02 59
0.917183 5.170462e-02 5.303136e-02 4.438394e-02 68
0.917772 4.861629e-02 5.218990e-02 4.392755e-02 64
0.918372 4.629277e-02 5.115869e-02 4.318003e-02 61
0.918956 4.549005e-02 4.777437e-02 3.998417e-02 60
0.919573 4.393141e-02 4.727173e-02 3.968332e-02 58
0.920149 4.388916e-02 4.570731e-02 3.924871e-02 58
0.920784 4.535894e-02 4.983212e-02 4.286054e-02 60
0.921302 4.984690e-02 5.260977e-02 4.510252e-02 66
0.921908 5.432623e-02 5.868412e-02 5.029379e-02 72
0.922542 3.316750e-02 3.393787e-02 2.913545e-02 44
0.923121 4.895043e-02 5.155796e-02 4.409653e-02 65
0.923698 3.460863e-02 3.668323e-02 3.137446e-02 46
0.924251 4.209187e-02 4.586569e-02 3.933440e-02 56
0.924863 5.406627e-02 5.741552e-02 4.942289e-02 72
0.925501 5.026350e-02 5.295597e-02 4.539308e-02 67
0.926062 5.321333e-02 5.396258e-02 4.625960e-02 71
0.926641 5.166489e-02 5.438668e-02 4.651588e-02 69
0.927240 3.964669e-02 4.121340e-02 3.535512e-02 53
0.927829 3.661946e-02 3.750516e-02 3.207744e-02 49
0.928411 4.330408e-02 4.761455e-02 4.082572e-02 58
0.929054 4.848410e-02 4.951384e-02 4.257051e-02 65
0.929640 3.875026e-02 4.075907e-02 3.486044e-02 52
0.930172 5.062509e-02 5.233727e-02 4.565436e-02 68
0.930798 4.537039e-02 4.742335e-02 4.148315e-02 61
0.931371 5.127170e-02 5.540441e-02 4.845683e-02 69
0.931988 3.711802e-02 3.916842e-02 3.418569e-02 50
0.932578 3.708268e-02 3.816724e-02 3.331187e-02 50
0.933151 4.667972e-02 4.713013e-02 4.122350e-02 63
0.933764 3.331094e-02 3.628003e-02 3.166474e-02 45
0.934359 3.327928e-02 3.460178e-02 3.019998e-02 45
0.934973 3.398649e-02 3.703470e-02 3.241567e-02 46
0.935524 4.576438e-02 4.845080e-02 4.264550e-02 62
0.936177 3.465942e-02 3.560588e-02 3.107635e-02 47
0.936714 3.757347e-02 3.926927e-02 3.437355e-02 51
0.937319 3.164955e-02 3.346748e-02 2.920998e-02 43
0.937895 3.823759e-02 3.884896e-02 3.390687e-02 52
0.938556 3.599743e-02 3.757467e-02 3.297461e-02 49
0.939078 3.522940e-02 3.761243e-02 3.292994e-02 48
0.939699 3.959556e-02 4.304371e-02 3.776060e-02 54
0.940316 3.296508e-02 3.367430e-02 3.015918e-02 45
0.940977 2.854272e-02 2.961150e-02 2.645383e-02 39
0.941492 3.290277e-02 3.427304e-02 3.069378e-02 45
0.942123 3.579361e-02 3.880677e-02 3.489663e-02 49
0.942716 3.138106e-02 3.350350e-02 2.993081e-02 43
0.943297 2.916413e-02 3.203943e-02 2.862286e-02 40
0.943887 3.132186e-02 3.464975e-02 3.103008e-02 43
0.944515 2.547049e-02 2.668127e-02 2.383608e-02 35
0.945054 3.489804e-02 3.559188e-02 3.187503e-02 48
0.945723 3.559152e-02 3.796573e-02 3.391720e-02 49
0.946317 3.700935e-02 3.855215e-02 3.459185e-02 51
0.946897 3.117459e-02 3.297430e-02 2.945803e-02 43
0.947443 3.259388e-02 3.339076e-02 2.983009e-02 45
0.948098 2.532695e-02 2.725744e-02 2.435081e-02 35
0.948647 3.470146e-02 3.613349e-02 3.228035e-02 48
0.949295 3.177979e-02 3.284860e-02 2.934574e-02 44
0.949865 2.886359e-02 3.119691e-02 2.817625e-02 40
0.950462 3.172015e-02 3.239401e-02 2.936927e-02 44
0.951081 3.529157e-02 3.658509e-02 3.323410e-02 49
0.951673 2.374550e-02 2.487758e-02 2.262090e-02 33
0.952268 2.731768e-02 3.038435e-02 2.768049e-02 38
0.952881 3.447421e-02 3.569435e-02 3.236143e-02 48
0.953473 2.654899e-02 2.999374e-02 2.719312e-02 37
0.954081 2.293980e-02 2.486417e-02 2.254251e-02 32
0.954728 2.649933e-02 2.801098e-02 2.539549e-02 37
0.955281 2.862113e-02 2.999739e-02 2.739029e-02 40
0.955901 2.716466e-02 2.941730e-02 2.680090e-02 38
0.956434 1.928318e-02 2.015037e-02 1.826885e-02 27
0.957090 2.354632e-02 2.419366e-02 2.193461e-02 33
0.957665 2.637578e-02 2.803339e-02 2.541581e-02 37
0.958236 2.492678e-02 2.654688e-02 2.406810e-02 35
0.958891 3.130731e-02 3.175097e-02 2.884914e-02 44
0.959497 3.056726e-02 3.108887e-02 2.818599e-02 43
0.960101 2.769797e-02 2.828693e-02 2.599916e-02 39
0.960709 2.057675e-02 2.073411e-02 1.917305e-02 29
0.961293 2.126648e-02 2.140091e-02 1.978965e-02 30
0.961973 2.549603e-02 2.697835e-02 2.500523e-02 36
0.962550 2.759502e-02 3.017751e-02 2.790546e-02 39
0.963068 1.696577e-02 1.818732e-02 1.681801e-02 24
0.963678 2.330626e-02 2.340617e-02 2.164393e-02 33
0.964358 2.469581e-02 2.497589e-02 2.309547e-02 35
0.964929 2.185313e-02 2.268125e-02 2.097359e-02 31
0.965477 1.972000e-02 2.006215e-02 1.855168e-02 28
0.966157 2.040534e-02 2.143555e-02 1.982167e-02 29
0.966782 2.601027e-02 2.928462e-02 2.723197e-02 37
0.967331 1.966521e-02 2.099982e-02 1.941876e-02 28
0.967905 1.684029e-02 1.714928e-02 1.585812e-02 24
0.968569 1.682470e-02 1.706929e-02 1.578415e-02 24
0.969195 2.381294e-02 2.431813e-02 2.248723e-02 34
0.969734 2.099199e-02 2.354028e-02 2.189556e-02 30
0.970325 2.656528e-02 2.735936e-02 2.544976e-02 38
0.970988 1.536569e-02 1.581418e-02 1.475719e-02 22
0.971600 1.744489e-02 1.801307e-02 1.675581e-02 25
0.972234 2.300600e-02 2.525933e-02 2.349631e-02 33
0.972777 2.089525e-02 2.296353e-02 2.145292e-02 30
0.973446 2.435531e-02 2.450573e-02 2.279531e-02 35
0.974063 2.155196e-02 2.164468e-02 2.018378e-02 31
0.974694 2.083752e-02 2.125658e-02 1.982201e-02 30
0.975361 1.318494e-02 1.375479e-02 1.279475e-02 19
0.975827 2.981215e-02 3.185325e-02 2.973060e-02 43
0.976454 1.939470e-02 2.040614e-02 1.898186e-02 28
0.977025 2.145296e-02 2.405242e-02 2.237364e-02 31
0.977621 1.659347e-02 1.742590e-02 1.620963e-02 24
0.978315 1.174291e-02 1.178459e-02 1.096206e-02 17
0.978895 1.656300e-02 1.690727e-02 1.572719e-02 24
0.979477 2.137424e-02 2.218778e-02 2.063914e-02 31
0.980088 2.135463e-02 2.383030e-02 2.233167e-02 31
0.980735 1.445277e-02 1.662100e-02 1.563595e-02 21
0.981351 1.100154e-02 1.140605e-02 1.073006e-02 16
0.981890 2.060899e-02 2.149373e-02 2.021989e-02 30
0.982475 1.853111e-02 1.879767e-02 1.768362e-02 27
0.983138 1.097135e-02 1.072901e-02 1.009315e-02 16
0.983766 1.781212e-02 1.836805e-02 1.727946e-02 26
0.984329 1.437356e-02 1.432039e-02 1.351016e-02 21
0.985031 1.846339e-02 2.043587e-02 1.922472e-02 27
0.985531 2.049614e-02 2.279531e-02 2.144433e-02 30
0.986245 1.774710e-02 1.891891e-02 1.779767e-02 26
0.986808 1.773090e-02 1.846999e-02 1.741383e-02 26
0.987425 1.158270e-02 1.202161e-02 1.130914e-02 17
0.988051 1.905999e-02 1.944768e-02 1.829510e-02 28
0.988600 1.428196e-02 1.478405e-02 1.390787e-02 21
0.989284 1.426894e-02 1.446311e-02 1.360594e-02 21
0.989820 1.765022e-02 1.902054e-02 1.790920e-02 26
0.990520 1.288650e-02 1.385060e-02 1.313571e-02 19
0.991109 1.761811e-02 1.862384e-02 1.769497e-02 26
0.991763 1.760208e-02 1.789378e-02 1.700329e-02 26
0.992316 1.285136e-02 1.272059e-02 1.209655e-02 19
0.992960 1.554278e-02 1.694499e-02 1.610319e-02 23
0.993606 1.147771e-02 1.160333e-02 1.106948e-02 17
0.994152 1.214183e-02 1.224298e-02 1.164513e-02 18
0.994723 1.684835e-02 1.796106e-02 1.706580e-02 25
0.995428 1.548642e-02 1.602927e-02 1.526590e-02 23
0.996013 1.547238e-02 1.644254e-02 1.562655e-02 23
0.996685 1.478626e-02 1.690745e-02 1.612746e-02 22
0.997260 1.745884e-02 1.819469e-02 1.744376e-02 26
0.997787 1.341771e-02 1.420805e-02 1.350609e-02 20
0.998517 1.340557e-02 1.505586e-02 1.434227e-02 20
0.999053 2.477787e-02 2.637077e-02 2.516645e-02 37
0.999679 1.605760e-02 1.670790e-02 1.587809e-02 24
