#Interval: 1.000000 Mpc/h, Area= 1.000000 deg^2
# z <nobs> <wc nobs> <wc wfkp nobs> N_obj
0.600256 9.735761e+01 9.776572e+01 2.816239e+01 65864
0.600756 9.288120e+01 9.288072e+01 2.684124e+01 62920
0.601250 9.254593e+01 9.288748e+01 2.686705e+01 62777
0.601763 8.739435e+01 8.743909e+01 2.541353e+01 59362
0.602262 8.998120e+01 9.018512e+01 2.627272e+01 61201
0.602770 9.309111e+01 9.291055e+01 2.709451e+01 63401
0.603269 8.841082e+01 8.844906e+01 2.579424e+01 60294
0.603782 8.748588e+01 8.789822e+01 2.567626e+01 59743
0.604289 9.586430e+01 9.654701e+01 2.823317e+01 65552
0.604791 9.478422e+01 9.524301e+01 2.793220e+01 64900
0.605295 8.953702e+01 8.941792e+01 2.632379e+01 61389
0.605802 9.639331e+01 9.657426e+01 2.849659e+01 66178
0.606298 9.146616e+01 9.150075e+01 2.706691e+01 62879
0.606806 8.351588e+01 8.378938e+01 2.484397e+01 57490
0.607310 9.112296e+01 9.104856e+01 2.704339e+01 62810
0.607811 8.649746e+01 8.678274e+01 2.585648e+01 59701
0.608329 8.216341e+01 8.234925e+01 2.453166e+01 56785
0.608831 8.707579e+01 8.696242e+01 2.598284e+01 60260
0.609339 8.096433e+01 8.107900e+01 2.423784e+01 56105
0.609842 8.042615e+01 8.081447e+01 2.433331e+01 55806
0.610361 9.034847e+01 9.038213e+01 2.769100e+01 62774
0.610863 8.660246e+01 8.661703e+01 2.665056e+01 60251
0.611361 8.653388e+01 8.701250e+01 2.673049e+01 60283
0.611875 8.618157e+01 8.621075e+01 2.661074e+01 60117
0.612390 8.182859e+01 8.243951e+01 2.534202e+01 57156
0.612895 8.211093e+01 8.253619e+01 2.548381e+01 57429
0.613402 7.709782e+01 7.730054e+01 2.388231e+01 53994
0.613906 8.523715e+01 8.549425e+01 2.646483e+01 59773
0.614411 8.580990e+01 8.593159e+01 2.673221e+01 60254
0.614921 8.302311e+01 8.337672e+01 2.601747e+01 58374
0.615432 7.756472e+01 7.768763e+01 2.421733e+01 54608
0.615945 8.074097e+01 8.110411e+01 2.532506e+01 56919
0.616447 8.639789e+01 8.672459e+01 2.718737e+01 60987
0.616966 8.117280e+01 8.118914e+01 2.551711e+01 57374
0.617479 7.945979e+01 7.980887e+01 2.512713e+01 56237
0.617984 8.502116e+01 8.515631e+01 2.689244e+01 60252
0.618487 7.618091e+01 7.617509e+01 2.414095e+01 54058
0.619007 7.710998e+01 7.732782e+01 2.450748e+01 54789
0.619507 8.084486e+01 8.099543e+01 2.581377e+01 57518
0.620019 7.775624e+01 7.802084e+01 2.543248e+01 55393
0.620531 7.537097e+01 7.526534e+01 2.496380e+01 53764
0.621040 7.764984e+01 7.768126e+01 2.585259e+01 55462
0.621556 7.762121e+01 7.773017e+01 2.596020e+01 55514
0.622063 7.625484e+01 7.634838e+01 2.561588e+01 54608
0.622574 7.888466e+01 7.915078e+01 2.667332e+01 56565
0.623081 7.753121e+01 7.775026e+01 2.621178e+01 55667
0.623598 7.006797e+01 7.026114e+01 2.386199e+01 50374
0.624115 6.812232e+01 6.837332e+01 2.317127e+01 49039
0.624621 7.001905e+01 7.012265e+01 2.382366e+01 50470
0.625139 6.995857e+01 6.998338e+01 2.396285e+01 50492
0.625642 6.935300e+01 6.972133e+01 2.387867e+01 50120
0.626160 6.719563e+01 6.713221e+01 2.310253e+01 48624
0.626682 6.855767e+01 6.879234e+01 2.374313e+01 49674
0.627194 6.484512e+01 6.527452e+01 2.264136e+01 47045
0.627702 6.755286e+01 6.764715e+01 2.346117e+01 49073
0.628217 7.214113e+01 7.252092e+01 2.510334e+01 52474
0.628733 6.641983e+01 6.654080e+01 2.317826e+01 48375
0.629237 6.694557e+01 6.709951e+01 2.333922e+01 48821
0.629760 7.189603e+01 7.216353e+01 2.512630e+01 52499
0.630274 7.153243e+01 7.168013e+01 2.533989e+01 52301
0.630795 6.757865e+01 6.764089e+01 2.398695e+01 49474
0.631311 6.662528e+01 6.695263e+01 2.378109e+01 48839
0.631816 6.787872e+01 6.817357e+01 2.421562e+01 49822
0.632333 6.944727e+01 6.945078e+01 2.476150e+01 51039
0.632857 6.703009e+01 6.709611e+01 2.390079e+01 49326
0.633366 6.842187e+01 6.893783e+01 2.453300e+01 50415
0.633883 6.723200e+01 6.756091e+01 2.418022e+01 49602
0.634392 6.311032e+01 6.358292e+01 2.286267e+01 46621
0.634901 6.759352e+01 6.781360e+01 2.437778e+01 49997
0.635430 6.717064e+01 6.754490e+01 2.433780e+01 49748
0.635951 6.521959e+01 6.580228e+01 2.382669e+01 48365
0.636473 6.367483e+01 6.398201e+01 2.316894e+01 47280
0.636978 6.523293e+01 6.552683e+01 2.388963e+01 48499
0.637510 6.493993e+01 6.553374e+01 2.385770e+01 48343
0.638017 5.816234e+01 5.864313e+01 2.142143e+01 43353
0.638537 6.248420e+01 6.300695e+01 2.309308e+01 46634
0.639044 5.914731e+01 5.941257e+01 2.188957e+01 44200
0.639569 6.307056e+01 6.318373e+01 2.324753e+01 47192
0.640089 6.686896e+01 6.721905e+01 2.508797e+01 50098
0.640609 6.496279e+01 6.551884e+01 2.473358e+01 48732
0.641121 6.144647e+01 6.225156e+01 2.329996e+01 46153
0.641650 6.085236e+01 6.102641e+01 2.303800e+01 45765
0.642178 6.089980e+01 6.143725e+01 2.314030e+01 45859
0.642686 5.674405e+01 5.711770e+01 2.160732e+01 42784
0.643198 6.067494e+01 6.103486e+01 2.318624e+01 45806
0.643717 6.104110e+01 6.129767e+01 2.330386e+01 46141
0.644242 5.664318e+01 5.720784e+01 2.161873e+01 42871
0.644753 5.776823e+01 5.812471e+01 2.207531e+01 43778
0.645287 6.119801e+01 6.155717e+01 2.345919e+01 46436
0.645798 6.226170e+01 6.271615e+01 2.398633e+01 47303
0.646322 5.749912e+01 5.767042e+01 2.210435e+01 43740
0.646848 5.828636e+01 5.849137e+01 2.245744e+01 44395
0.647375 5.991207e+01 5.987126e+01 2.320231e+01 45691
0.647879 5.590764e+01 5.633120e+01 2.165244e+01 42691
0.648404 5.785914e+01 5.807910e+01 2.248452e+01 44237
0.648923 5.841709e+01 5.849748e+01 2.257308e+01 44720
0.649462 5.062260e+01 5.105191e+01 1.987412e+01 38802
0.649979 5.226836e+01 5.251086e+01 2.079706e+01 40114
0.650495 5.385267e+01 5.424089e+01 2.183014e+01 41382
0.651024 5.328972e+01 5.375545e+01 2.164630e+01 41001
0.651538 5.470253e+01 5.511240e+01 2.214798e+01 42141
0.652057 5.397260e+01 5.425852e+01 2.193085e+01 41631
0.652589 5.097204e+01 5.158908e+01 2.106740e+01 39366
0.653114 5.139043e+01 5.168627e+01 2.123865e+01 39739
0.653634 5.416098e+01 5.457127e+01 2.233118e+01 41934
0.654160 5.406472e+01 5.453210e+01 2.239002e+01 41912
0.654669 5.303331e+01 5.343825e+01 2.179415e+01 41164
0.655205 4.692572e+01 4.747545e+01 1.940456e+01 36469
0.655729 5.137007e+01 5.165587e+01 2.129461e+01 39973
0.656259 5.414240e+01 5.404231e+01 2.229486e+01 42183
0.656787 4.794338e+01 4.817435e+01 1.993806e+01 37400
0.657305 5.155799e+01 5.229341e+01 2.163741e+01 40270
0.657837 5.215219e+01 5.238332e+01 2.176829e+01 40785
0.658356 4.799143e+01 4.828967e+01 2.000780e+01 37578
0.658890 4.919821e+01 4.979751e+01 2.062543e+01 38571
0.659407 5.020575e+01 5.046613e+01 2.075660e+01 39410
0.659924 4.947273e+01 4.974499e+01 2.068446e+01 38883
0.660459 5.250041e+01 5.293673e+01 2.236928e+01 41314
0.660998 4.516016e+01 4.523332e+01 1.917166e+01 35582
0.661509 5.093631e+01 5.096433e+01 2.159976e+01 40183
0.662048 5.048818e+01 5.113185e+01 2.178051e+01 39879
0.662569 4.840492e+01 4.855727e+01 2.058942e+01 38281
0.663098 5.015335e+01 5.062352e+01 2.158625e+01 39713
0.663630 5.176875e+01 5.216004e+01 2.214340e+01 41043
0.664158 4.811051e+01 4.836728e+01 2.087226e+01 38190
0.664682 4.560625e+01 4.594931e+01 1.958675e+01 36247
0.665207 4.558878e+01 4.606998e+01 1.971883e+01 36278
0.665742 4.406521e+01 4.400337e+01 1.895799e+01 35109
0.666261 4.557268e+01 4.570165e+01 1.976969e+01 36355
0.666804 4.409037e+01 4.440688e+01 1.913970e+01 35216
0.667313 4.679946e+01 4.726903e+01 2.026766e+01 37426
0.667865 4.591496e+01 4.627265e+01 2.009769e+01 36764
0.668371 4.640347e+01 4.711301e+01 2.055069e+01 37201
0.668908 4.208430e+01 4.251569e+01 1.871624e+01 33780
0.669446 4.435187e+01 4.460627e+01 1.942836e+01 35644
0.669962 4.436566e+01 4.491909e+01 2.000098e+01 35699
0.670502 4.239338e+01 4.260441e+01 1.936079e+01 34154
0.671035 4.333678e+01 4.355551e+01 1.992092e+01 34957
0.671550 4.344453e+01 4.387728e+01 2.001783e+01 35087
0.672097 3.960204e+01 3.993499e+01 1.806051e+01 32023
0.672625 4.211394e+01 4.245128e+01 1.940764e+01 34096
0.673160 3.677492e+01 3.698212e+01 1.702373e+01 29810
0.673682 4.026116e+01 4.057372e+01 1.822029e+01 32676
0.674219 4.056875e+01 4.062143e+01 1.850594e+01 32966
0.674741 4.148028e+01 4.175403e+01 1.912531e+01 33748
0.675278 4.345635e+01 4.394146e+01 2.006901e+01 35399
0.675819 3.899168e+01 3.901041e+01 1.780346e+01 31801
0.676346 3.747575e+01 3.761065e+01 1.729978e+01 30602
0.676876 4.174763e+01 4.196830e+01 1.905343e+01 34132
0.677404 4.233439e+01 4.274191e+01 1.967135e+01 34654
0.677948 4.317837e+01 4.334212e+01 1.985582e+01 35388
0.678467 4.103089e+01 4.156691e+01 1.888325e+01 33669
0.679004 4.004371e+01 4.011930e+01 1.840700e+01 32899
0.679538 4.195711e+01 4.236978e+01 1.950018e+01 34513
0.680079 3.733215e+01 3.766593e+01 1.737551e+01 30746
0.680625 3.961765e+01 3.970532e+01 1.856128e+01 32668
0.681133 3.921827e+01 3.975109e+01 1.877883e+01 32378
0.681685 3.841454e+01 3.890254e+01 1.823626e+01 31753
0.682223 3.788340e+01 3.843900e+01 1.814172e+01 31352
0.682749 3.674284e+01 3.709535e+01 1.769583e+01 30445
0.683300 4.162237e+01 4.219413e+01 1.979081e+01 34530
0.683829 3.743403e+01 3.756831e+01 1.778769e+01 31093
0.684365 3.496693e+01 3.518745e+01 1.659631e+01 29079
0.684900 3.566687e+01 3.656801e+01 1.731424e+01 29697
0.685435 4.092588e+01 4.118510e+01 1.960548e+01 34117
0.685979 3.694180e+01 3.719014e+01 1.782209e+01 30833
0.686511 3.781864e+01 3.793816e+01 1.801153e+01 31603
0.687043 3.235381e+01 3.293975e+01 1.552272e+01 27069
0.687572 3.749228e+01 3.770950e+01 1.783670e+01 31406
0.688116 3.742802e+01 3.807388e+01 1.827162e+01 31390
0.688660 3.592526e+01 3.693247e+01 1.755104e+01 30166
0.689194 3.613775e+01 3.652079e+01 1.746458e+01 30381
0.689737 3.257526e+01 3.331229e+01 1.589101e+01 27419
0.690259 3.467677e+01 3.494165e+01 1.727872e+01 29223
0.690800 3.087684e+01 3.136354e+01 1.560687e+01 26052
0.691340 3.455209e+01 3.537933e+01 1.732302e+01 29188
0.691895 3.300075e+01 3.329220e+01 1.641282e+01 27911
0.692429 3.482706e+01 3.548947e+01 1.774039e+01 29491
0.692974 3.723046e+01 3.766230e+01 1.890307e+01 31564
0.693515 3.453394e+01 3.479816e+01 1.730718e+01 29313
0.694034 3.280638e+01 3.295221e+01 1.628791e+01 27880
0.694578 3.369914e+01 3.421833e+01 1.712201e+01 28673
0.695131 3.186514e+01 3.212620e+01 1.620332e+01 27145
0.695661 3.045408e+01 3.070479e+01 1.530028e+01 25974
0.696186 3.273880e+01 3.339807e+01 1.688611e+01 27956
0.696734 3.045042e+01 3.072406e+01 1.561351e+01 26033
0.697281 3.109988e+01 3.132146e+01 1.571259e+01 26620
0.697834 3.081775e+01 3.143484e+01 1.581600e+01 26410
0.698355 3.143954e+01 3.202028e+01 1.613758e+01 26975
0.698915 3.141491e+01 3.207451e+01 1.597514e+01 26986
0.699448 3.038455e+01 3.090556e+01 1.568735e+01 26132
0.700004 2.783293e+01 2.791806e+01 1.433081e+01 23966
0.700529 3.075429e+01 3.163933e+01 1.609285e+01 26513
0.701066 3.170603e+01 3.199003e+01 1.633374e+01 27366
0.701626 2.923476e+01 2.976523e+01 1.537057e+01 25263
0.702165 3.068764e+01 3.121168e+01 1.612682e+01 26550
0.702694 2.952333e+01 2.999345e+01 1.538296e+01 25573
0.703255 2.889796e+01 2.918197e+01 1.489061e+01 25061
0.703791 3.168318e+01 3.223084e+01 1.645026e+01 27509
0.704330 2.865585e+01 2.916681e+01 1.500841e+01 24910
0.704880 2.777743e+01 2.820798e+01 1.422905e+01 24175
0.705425 3.005941e+01 3.059976e+01 1.595764e+01 26192
0.705958 3.036663e+01 3.054605e+01 1.564910e+01 26491
0.706518 2.823437e+01 2.854823e+01 1.465145e+01 24660
0.707048 3.030755e+01 3.074395e+01 1.587161e+01 26502
0.707597 2.722429e+01 2.751769e+01 1.418741e+01 23834
0.708138 2.849168e+01 2.880203e+01 1.498069e+01 24973
0.708694 2.766498e+01 2.817754e+01 1.457585e+01 24277
0.709240 3.001810e+01 3.059208e+01 1.580586e+01 26373
0.709785 2.637434e+01 2.688353e+01 1.383975e+01 23199
0.710336 2.698831e+01 2.723631e+01 1.439593e+01 23767
0.710884 2.813616e+01 2.850214e+01 1.510321e+01 24807
0.711421 2.705067e+01 2.740866e+01 1.440935e+01 23878
0.711976 2.761750e+01 2.814575e+01 1.483125e+01 24407
0.712499 2.615537e+01 2.645480e+01 1.393344e+01 23142
0.713070 2.934090e+01 2.959935e+01 1.588686e+01 25991
0.713616 2.647520e+01 2.666897e+01 1.391837e+01 23480
0.714158 2.498571e+01 2.533239e+01 1.345716e+01 22185
0.714709 2.465048e+01 2.467562e+01 1.338247e+01 21913
0.715259 2.561379e+01 2.604480e+01 1.385185e+01 22796
0.715811 2.772855e+01 2.784026e+01 1.468843e+01 24707
0.716346 2.526137e+01 2.558274e+01 1.354553e+01 22535
0.716910 2.563607e+01 2.595329e+01 1.370540e+01 22896
0.717441 2.615751e+01 2.672406e+01 1.408396e+01 23389
0.718002 2.608566e+01 2.618546e+01 1.393378e+01 23352
0.718542 2.673587e+01 2.741610e+01 1.458650e+01 23962
0.719096 2.213097e+01 2.233385e+01 1.205526e+01 19858
0.719639 2.469330e+01 2.500254e+01 1.304550e+01 22183
0.720205 2.608887e+01 2.669741e+01 1.466537e+01 23464
0.720763 2.346866e+01 2.409284e+01 1.314321e+01 21132
0.721310 2.329829e+01 2.363536e+01 1.302083e+01 21003
0.721854 2.400360e+01 2.421120e+01 1.321688e+01 21664
0.722399 2.244848e+01 2.291563e+01 1.260248e+01 20284
0.722964 2.244012e+01 2.245538e+01 1.233524e+01 20300
0.723508 2.561721e+01 2.633688e+01 1.452942e+01 23201
0.724056 2.209806e+01 2.284349e+01 1.234306e+01 20037
0.724609 2.463255e+01 2.466538e+01 1.351780e+01 22361
0.725186 2.146484e+01 2.198566e+01 1.185815e+01 19508
0.725728 2.245332e+01 2.279486e+01 1.250507e+01 20430
0.726281 2.387531e+01 2.447282e+01 1.358410e+01 21749
0.726825 2.167556e+01 2.182047e+01 1.210760e+01 19768
0.727390 2.150705e+01 2.182853e+01 1.177777e+01 19637
0.727933 2.176118e+01 2.212970e+01 1.209946e+01 19892
0.728476 2.191746e+01 2.221622e+01 1.208153e+01 20058
0.729044 2.317901e+01 2.395680e+01 1.319695e+01 21237
0.729590 2.162276e+01 2.193617e+01 1.174509e+01 19834
0.730152 2.402073e+01 2.438171e+01 1.369736e+01 22059
0.730685 2.126736e+01 2.184586e+01 1.211788e+01 19553
0.731253 2.301051e+01 2.340500e+01 1.285973e+01 21180
0.731800 2.146264e+01 2.158968e+01 1.200690e+01 19778
0.732372 2.117241e+01 2.163196e+01 1.195791e+01 19533
0.732916 2.161907e+01 2.171929e+01 1.200856e+01 19968
0.733491 2.117790e+01 2.162542e+01 1.190598e+01 19583
0.734030 2.205234e+01 2.228970e+01 1.237080e+01 20415
0.734581 2.130415e+01 2.201036e+01 1.205407e+01 19745
0.735125 2.221952e+01 2.240987e+01 1.222352e+01 20617
0.735704 2.049321e+01 2.044131e+01 1.149284e+01 19037
0.736251 2.112137e+01 2.161220e+01 1.176737e+01 19643
0.736808 1.842502e+01 1.894910e+01 1.044365e+01 17155
0.737370 2.001960e+01 2.009330e+01 1.117145e+01 18661
0.737924 2.160517e+01 2.226428e+01 1.224250e+01 20162
0.738471 2.159976e+01 2.198675e+01 1.220669e+01 20180
0.739047 1.980998e+01 1.990709e+01 1.115719e+01 18529
0.739611 1.810114e+01 1.822935e+01 1.001829e+01 16950
0.740166 2.214036e+01 2.227636e+01 1.259212e+01 20756
0.740738 2.179123e+01 2.182631e+01 1.227696e+01 20452
0.741272 1.883223e+01 1.899909e+01 1.063781e+01 17695
0.741846 1.985579e+01 2.004601e+01 1.137579e+01 18678
0.742385 1.895399e+01 1.903421e+01 1.078193e+01 17850
0.742936 1.872669e+01 1.865738e+01 1.063950e+01 17656
0.743516 1.962924e+01 2.000716e+01 1.119155e+01 18528
0.744076 1.805982e+01 1.829137e+01 1.022533e+01 17066
0.744637 1.927077e+01 1.958306e+01 1.078752e+01 18231
0.745204 1.937350e+01 1.969108e+01 1.122873e+01 18349
0.745756 1.929670e+01 1.968002e+01 1.109200e+01 18297
0.746315 1.811922e+01 1.870696e+01 1.062139e+01 17200
0.746885 1.662240e+01 1.712329e+01 9.482095e+00 15797
0.747455 1.864054e+01 1.889238e+01 1.047685e+01 17735
0.748009 1.924728e+01 2.000261e+01 1.125777e+01 18333
0.748571 1.881025e+01 1.941150e+01 1.071313e+01 17937
0.749134 1.705015e+01 1.737857e+01 9.846505e+00 16277
0.749669 1.661866e+01 1.704896e+01 9.764332e+00 15883
0.750242 1.722385e+01 1.752862e+01 1.020509e+01 16480
0.750822 1.678789e+01 1.707724e+01 9.982997e+00 16081
0.751386 1.767098e+01 1.818819e+01 1.026708e+01 16946
0.751955 1.848956e+01 1.915599e+01 1.095856e+01 17751
0.752497 1.721607e+01 1.779221e+01 1.005240e+01 16547
0.753056 1.691817e+01 1.688537e+01 9.683451e+00 16279
0.753647 1.736941e+01 1.762697e+01 1.027409e+01 16732
0.754178 1.662196e+01 1.710913e+01 9.837741e+00 16030
0.754775 1.624802e+01 1.650382e+01 9.512480e+00 15687
0.755322 1.726645e+01 1.760098e+01 1.012355e+01 16689
0.755900 1.768733e+01 1.807857e+01 1.010618e+01 17115
0.756465 1.610462e+01 1.634473e+01 9.307267e+00 15601
0.757031 1.670937e+01 1.696884e+01 9.536524e+00 16205
0.757594 1.650320e+01 1.689566e+01 9.468556e+00 16023
0.758160 1.723782e+01 1.769656e+01 1.010018e+01 16755
0.758712 1.601822e+01 1.621638e+01 9.151228e+00 15587
0.759279 1.776284e+01 1.773713e+01 1.006877e+01 17304
0.759849 1.538669e+01 1.562430e+01 9.100931e+00 15006
0.760432 1.545861e+01 1.575567e+01 9.051412e+00 15093
0.760998 1.613602e+01 1.652389e+01 9.541496e+00 15772
0.761555 1.554062e+01 1.583172e+01 9.373108e+00 15207
0.762135 1.496798e+01 1.548117e+01 9.034675e+00 14663
0.762683 1.665311e+01 1.713901e+01 9.967736e+00 16332
0.763267 1.523613e+01 1.547942e+01 9.074651e+00 14959
0.763810 1.679104e+01 1.727409e+01 1.004735e+01 16504
0.764398 1.660467e+01 1.683154e+01 9.552166e+00 16339
0.764972 1.532846e+01 1.537106e+01 8.968956e+00 15100
0.765542 1.481355e+01 1.526759e+01 8.680901e+00 14609
0.766108 1.448716e+01 1.438175e+01 8.355961e+00 14303
0.766672 1.724327e+01 1.752539e+01 1.014765e+01 17043
0.767244 1.450656e+01 1.443182e+01 8.341396e+00 14354
0.767825 1.449350e+01 1.489109e+01 8.496887e+00 14357
0.768400 1.695808e+01 1.718488e+01 9.905202e+00 16817
0.768960 1.584942e+01 1.604910e+01 9.400784e+00 15735
0.769524 1.509638e+01 1.519104e+01 8.920073e+00 15004
0.770091 1.464248e+01 1.483620e+01 8.638915e+00 14569
0.770663 1.548465e+01 1.556215e+01 9.057308e+00 15424
0.771229 1.484679e+01 1.525765e+01 8.783432e+00 14805
0.771817 1.464707e+01 1.480467e+01 8.477999e+00 14622
0.772389 1.547442e+01 1.585069e+01 9.376548e+00 15465
0.772968 1.339136e+01 1.382904e+01 8.197955e+00 13398
0.773532 1.453175e+01 1.474066e+01 8.519912e+00 14555
0.774089 1.484684e+01 1.515089e+01 8.851283e+00 14887
0.774676 1.467208e+01 1.498473e+01 8.521336e+00 14728
0.775263 1.384890e+01 1.423484e+01 8.288416e+00 13917
0.775812 1.327006e+01 1.351131e+01 7.872098e+00 13350
0.776398 1.418384e+01 1.462742e+01 8.555221e+00 14285
0.776983 1.379929e+01 1.394711e+01 8.049250e+00 13913
0.777543 1.484125e+01 1.522955e+01 8.698991e+00 14980
0.778129 1.300400e+01 1.324274e+01 7.659041e+00 13140
0.778694 1.196755e+01 1.227169e+01 7.089333e+00 12106
0.779261 1.325296e+01 1.324068e+01 7.718224e+00 13421
0.779836 1.413310e+01 1.440106e+01 8.318438e+00 14328
0.780414 1.406539e+01 1.442033e+01 8.687433e+00 14275
0.780978 1.440432e+01 1.465058e+01 8.758054e+00 14635
0.781587 1.112151e+01 1.131752e+01 6.637120e+00 11312
0.782149 1.211402e+01 1.207126e+01 7.243715e+00 12335
0.782710 1.132872e+01 1.192038e+01 7.163467e+00 11548
0.783296 1.293031e+01 1.312252e+01 7.783499e+00 13195
0.783853 1.264602e+01 1.300400e+01 7.648435e+00 12919
0.784441 1.007527e+01 1.016052e+01 5.940875e+00 10304
0.785021 1.192593e+01 1.209944e+01 7.353722e+00 12210
0.785584 1.368963e+01 1.375665e+01 8.161887e+00 14031
0.786190 1.379751e+01 1.416294e+01 8.351230e+00 14157
0.786765 1.206418e+01 1.252563e+01 7.428241e+00 12392
0.787343 1.341739e+01 1.374630e+01 8.064751e+00 13797
0.787909 1.209622e+01 1.214168e+01 7.256779e+00 12452
0.788495 1.238874e+01 1.248372e+01 7.427185e+00 12767
0.789074 1.274653e+01 1.299832e+01 7.759169e+00 13150
0.789650 1.395270e+01 1.433027e+01 8.466421e+00 14410
0.790224 1.047396e+01 1.069228e+01 6.561211e+00 10829
0.790795 1.124132e+01 1.142595e+01 6.844089e+00 11635
0.791391 1.139803e+01 1.169842e+01 7.074440e+00 11810
0.791977 1.124011e+01 1.151194e+01 6.998131e+00 11659
0.792554 1.182886e+01 1.206646e+01 7.430149e+00 12283
0.793158 1.234996e+01 1.237311e+01 7.558039e+00 12838
0.793695 1.210789e+01 1.247464e+01 7.632400e+00 12600
0.794300 1.165900e+01 1.210150e+01 7.391462e+00 12146
0.794880 1.062808e+01 1.069386e+01 6.448940e+00 11084
0.795462 1.208783e+01 1.230995e+01 7.543642e+00 12620
0.796036 1.039178e+01 1.048249e+01 6.467942e+00 10861
0.796622 1.026874e+01 1.055645e+01 6.409343e+00 10744
0.797215 1.048489e+01 1.077699e+01 6.525581e+00 10982
0.797785 1.110018e+01 1.163932e+01 6.960828e+00 11639
0.798359 1.195896e+01 1.201189e+01 7.212226e+00 12553
0.798955 1.284445e+01 1.316334e+01 7.990052e+00 13497
0.799536 1.115562e+01 1.140597e+01 6.944976e+00 11735
0.800123 1.260696e+01 1.316347e+01 8.086967e+00 13276
0.800702 9.036219e+00 9.196262e+00 5.728256e+00 9526
0.801294 1.023655e+01 1.025846e+01 6.265001e+00 10803
0.801871 1.121186e+01 1.134691e+01 7.075973e+00 11845
0.802449 1.123198e+01 1.157380e+01 7.033808e+00 11879
0.803041 1.007518e+01 1.019783e+01 6.221227e+00 10667
0.803621 9.919074e+00 1.009481e+01 6.167020e+00 10513
0.804211 1.002532e+01 1.003553e+01 6.271894e+00 10637
0.804803 1.176574e+01 1.189012e+01 7.198706e+00 12497
0.805396 1.071110e+01 1.074005e+01 6.496785e+00 11389
0.806007 1.075413e+01 1.088796e+01 6.620437e+00 11447
0.806563 1.180779e+01 1.197877e+01 7.287611e+00 12582
0.807145 1.027179e+01 1.062841e+01 6.507967e+00 10957
0.807740 1.133214e+01 1.152675e+01 7.007723e+00 12101
0.808323 9.626852e+00 9.829025e+00 6.054357e+00 10291
0.808906 9.860477e+00 9.966402e+00 6.109907e+00 10552
0.809494 1.027656e+01 1.037959e+01 6.363086e+00 11009
0.810093 1.076728e+01 1.103531e+01 6.877039e+00 11547
0.810679 8.794108e+00 9.202909e+00 5.842713e+00 9441
0.811268 1.064200e+01 1.075415e+01 6.719964e+00 11437
0.811851 1.076360e+01 1.113022e+01 7.012276e+00 11580
0.812434 1.077072e+01 1.103351e+01 6.903215e+00 11600
0.813022 1.017122e+01 1.045843e+01 6.606441e+00 10966
0.813621 1.037352e+01 1.034067e+01 6.447229e+00 11196
0.814206 1.037546e+01 1.065218e+01 6.626464e+00 11210
0.814806 9.304891e+00 9.330613e+00 5.990085e+00 10064
0.815394 8.724242e+00 8.764179e+00 5.572104e+00 9446
0.815975 9.878407e+00 9.863801e+00 6.189207e+00 10707
0.816602 8.741703e+00 9.131047e+00 5.669298e+00 9485
0.817157 1.010146e+01 1.031679e+01 6.506638e+00 10972
0.817760 9.791876e+00 9.763586e+00 6.177172e+00 10647
0.818361 8.951002e+00 9.113039e+00 5.734755e+00 9743
0.818950 1.016764e+01 1.029287e+01 6.463495e+00 11079
0.819525 8.276598e+00 8.448766e+00 5.359755e+00 9028
0.820139 9.576537e+00 9.688206e+00 6.355013e+00 10457
0.820715 8.836389e+00 8.944239e+00 5.892144e+00 9659
0.821314 8.941300e+00 9.035811e+00 5.983236e+00 9784
0.821919 8.931871e+00 9.148894e+00 6.008893e+00 9784
0.822501 7.932086e+00 8.086568e+00 5.372157e+00 8698
0.823098 8.413839e+00 8.541400e+00 5.558116e+00 9236
0.823682 9.736345e+00 9.956334e+00 6.501175e+00 10699
0.824256 8.569767e+00 8.591905e+00 5.566090e+00 9427
0.824859 8.781425e+00 8.925992e+00 5.805888e+00 9670
0.825474 9.694771e+00 9.917687e+00 6.520411e+00 10687
0.826075 8.424963e+00 8.525160e+00 5.607944e+00 9297
0.826655 8.742912e+00 8.981808e+00 5.869986e+00 9658
0.827259 8.409996e+00 8.687933e+00 5.670293e+00 9300
0.827846 7.726370e+00 7.948677e+00 5.170141e+00 8553
0.828441 8.200153e+00 8.159829e+00 5.365824e+00 9087
0.829036 7.378444e+00 7.540946e+00 4.950239e+00 8185
0.829632 7.055536e+00 7.160943e+00 4.671375e+00 7835
0.830228 7.179488e+00 7.301654e+00 4.977249e+00 7981
0.830821 7.815396e+00 7.895785e+00 5.371993e+00 8697
0.831436 7.566642e+00 7.825289e+00 5.294455e+00 8429
0.832038 7.781129e+00 7.922881e+00 5.383418e+00 8677
0.832651 9.096121e+00 9.261902e+00 6.268898e+00 10154
0.833235 7.065982e+00 7.227261e+00 4.922748e+00 7896
0.833822 7.769297e+00 7.983694e+00 5.390848e+00 8691
0.834446 7.551335e+00 7.671861e+00 5.203751e+00 8456
0.835014 7.734369e+00 7.640272e+00 5.191533e+00 8670
0.835625 7.263802e+00 7.472817e+00 5.075777e+00 8151
0.836242 6.519130e+00 6.696151e+00 4.544431e+00 7323
0.836808 7.819616e+00 7.845429e+00 5.313666e+00 8793
0.837440 8.296534e+00 8.600766e+00 5.849600e+00 9339
0.838030 6.984242e+00 7.108717e+00 4.827537e+00 7870
0.838619 6.636556e+00 6.805643e+00 4.619846e+00 7486
0.839245 6.954682e+00 7.029494e+00 4.719677e+00 7853
0.839817 6.305178e+00 6.380198e+00 4.407944e+00 7127
0.840402 6.443574e+00 6.609081e+00 4.679006e+00 7291
0.841005 6.873022e+00 6.759118e+00 4.797521e+00 7785
0.841625 6.550164e+00 6.739011e+00 4.751446e+00 7427
0.842219 6.228852e+00 6.262511e+00 4.466985e+00 7070
0.842835 6.464433e+00 6.674331e+00 4.723504e+00 7345
0.843443 6.662598e+00 7.007589e+00 4.995004e+00 7578
0.844041 6.855957e+00 6.930765e+00 4.885041e+00 7806
0.844636 7.326167e+00 7.550110e+00 5.299501e+00 8350
0.845257 6.759403e+00 6.680920e+00 4.710985e+00 7712
0.845860 7.426614e+00 7.328588e+00 5.211968e+00 8482
0.846462 6.751575e+00 6.976375e+00 4.919817e+00 7719
0.847063 6.078799e+00 6.318072e+00 4.463730e+00 6957
0.847677 6.512455e+00 6.572900e+00 4.641425e+00 7461
0.848278 6.545854e+00 6.717748e+00 4.764222e+00 7507
0.848876 6.270822e+00 6.457781e+00 4.581589e+00 7199
0.849479 5.637842e+00 5.494192e+00 3.862138e+00 6479
0.850060 5.638995e+00 5.677837e+00 4.060122e+00 6487
0.850675 6.391293e+00 6.465420e+00 4.713784e+00 7360
0.851319 7.210573e+00 7.347764e+00 5.296409e+00 8312
0.851915 6.408494e+00 6.328860e+00 4.580019e+00 7395
0.852517 5.479067e+00 5.521088e+00 3.985870e+00 6329
0.853095 5.958608e+00 6.147709e+00 4.450251e+00 6890
0.853740 6.180573e+00 6.240927e+00 4.493762e+00 7154
0.854355 6.962197e+00 7.116673e+00 5.118633e+00 8067
0.854964 6.314476e+00 6.383325e+00 4.609870e+00 7324
0.855550 5.373520e+00 5.580666e+00 4.021822e+00 6239
0.856159 6.348872e+00 6.540519e+00 4.730276e+00 7379
0.856755 5.282591e+00 5.426008e+00 3.951684e+00 6146
0.857373 5.488413e+00 5.589776e+00 4.045476e+00 6392
0.857993 5.777873e+00 5.710334e+00 4.112503e+00 6736
0.858619 6.261250e+00 6.316328e+00 4.549640e+00 7307
0.859217 5.369743e+00 5.561624e+00 4.004568e+00 6273
0.859787 5.196656e+00 5.345843e+00 3.892628e+00 6077
0.860442 6.365967e+00 6.321027e+00 4.644114e+00 7452
0.861023 5.978010e+00 6.263711e+00 4.579165e+00 7005
0.861661 6.380276e+00 6.330273e+00 4.652708e+00 7484
0.862268 4.696871e+00 4.720330e+00 3.459001e+00 5515
0.862874 5.453543e+00 5.370227e+00 3.924928e+00 6410
0.863495 5.890803e+00 6.066864e+00 4.481636e+00 6931
0.864092 5.957831e+00 5.964884e+00 4.355794e+00 7017
0.864730 5.717674e+00 5.769109e+00 4.224552e+00 6741
0.865327 5.493253e+00 5.677069e+00 4.166205e+00 6483
0.865896 5.684903e+00 5.741658e+00 4.205826e+00 6716
0.866532 5.770459e+00 5.690429e+00 4.207338e+00 6824
0.867128 6.016342e+00 6.032380e+00 4.447603e+00 7122
0.867758 6.011086e+00 6.135207e+00 4.528363e+00 7123
0.868387 4.128381e+00 4.124669e+00 3.013666e+00 4897
0.869003 4.478761e+00 4.652709e+00 3.420880e+00 5318
0.869612 4.931073e+00 5.016165e+00 3.682081e+00 5861
0.870205 5.087456e+00 5.218183e+00 3.986548e+00 6053
0.870833 5.985758e+00 5.992540e+00 4.589310e+00 7129
0.871435 5.516698e+00 5.594346e+00 4.289411e+00 6577
0.872093 4.238295e+00 4.324700e+00 3.299092e+00 5058
0.872658 5.457008e+00 5.528826e+00 4.217661e+00 6519
0.873298 3.973850e+00 4.010301e+00 3.079448e+00 4752
0.873913 4.649860e+00 4.723327e+00 3.607553e+00 5566
0.874533 5.049934e+00 5.208196e+00 3.967666e+00 6051
0.875139 5.041510e+00 5.076925e+00 3.908833e+00 6047
0.875770 4.062794e+00 4.046004e+00 3.088038e+00 4878
0.876392 4.429795e+00 4.475208e+00 3.430714e+00 5324
0.876991 4.085374e+00 4.159708e+00 3.179969e+00 4915
0.877602 4.606059e+00 4.579779e+00 3.505696e+00 5547
0.878238 4.795540e+00 4.849283e+00 3.705584e+00 5781
0.878884 3.935502e+00 4.002627e+00 3.079604e+00 4749
0.879494 4.535894e+00 4.522533e+00 3.460187e+00 5479
0.880090 3.946625e+00 4.049287e+00 3.139776e+00 4772
0.880731 5.155540e+00 5.422139e+00 4.230538e+00 6240
0.881317 3.370851e+00 3.390420e+00 2.645764e+00 4084
0.881948 4.210166e+00 4.372542e+00 3.407396e+00 5106
0.882545 4.355866e+00 4.418697e+00 3.459568e+00 5288
0.883215 4.375369e+00 4.297039e+00 3.353230e+00 5317
0.883791 4.372635e+00 4.382185e+00 3.410888e+00 5319
0.884436 4.970242e+00 5.054397e+00 3.938355e+00 6052
0.885080 4.276928e+00 4.313854e+00 3.389885e+00 5213
0.885658 3.961201e+00 3.969870e+00 3.100710e+00 4833
0.886278 5.128124e+00 5.258888e+00 4.097062e+00 6263
0.886937 3.905852e+00 3.919648e+00 3.057689e+00 4775
0.887545 4.303999e+00 4.462767e+00 3.493776e+00 5267
0.888192 4.448283e+00 4.659332e+00 3.638435e+00 5449
0.888748 4.239965e+00 4.268625e+00 3.327249e+00 5199
0.889424 3.666250e+00 3.732349e+00 2.910466e+00 4500
0.890076 3.752944e+00 3.787697e+00 3.044360e+00 4611
0.890645 4.250079e+00 4.432293e+00 3.572913e+00 5227
0.891247 3.635008e+00 3.616530e+00 2.911224e+00 4475
0.891925 4.867284e+00 4.881816e+00 3.924741e+00 5998
0.892501 4.159590e+00 4.234563e+00 3.422218e+00 5131
0.893203 3.968377e+00 4.040051e+00 3.244922e+00 4900
0.893803 3.297765e+00 3.233137e+00 2.599693e+00 4076
0.894408 3.728531e+00 3.734115e+00 3.009587e+00 4613
0.895048 3.935582e+00 3.887274e+00 3.126695e+00 4874
0.895632 3.295223e+00 3.300708e+00 2.656554e+00 4085
0.896261 3.315328e+00 3.421211e+00 2.747006e+00 4114
0.896926 3.543904e+00 3.554970e+00 2.860729e+00 4402
0.897540 3.568545e+00 3.645723e+00 2.930649e+00 4437
0.898162 3.528859e+00 3.465333e+00 2.787431e+00 4392
0.898816 3.049380e+00 3.093295e+00 2.487079e+00 3799
0.899442 3.096885e+00 3.149417e+00 2.528919e+00 3862
0.900040 3.427081e+00 3.527354e+00 2.846214e+00 4278
0.900676 3.177204e+00 3.123425e+00 2.527548e+00 3970
0.901325 3.532250e+00 3.656323e+00 2.963165e+00 4418
0.901915 4.136595e+00 4.156066e+00 3.375116e+00 5179
0.902559 3.020990e+00 3.089493e+00 2.504918e+00 3786
0.903175 2.776477e+00 2.839205e+00 2.316379e+00 3483
0.903815 3.675228e+00 3.665586e+00 2.975002e+00 4615
0.904459 4.102815e+00 4.146125e+00 3.367303e+00 5157
0.905085 3.536855e+00 3.536815e+00 2.873166e+00 4450
0.905718 4.289281e+00 4.462478e+00 3.620570e+00 5402
0.906342 3.932868e+00 3.990530e+00 3.256130e+00 4958
0.906984 3.431340e+00 3.594341e+00 2.918027e+00 4330
0.907583 4.286151e+00 4.419877e+00 3.590526e+00 5414
0.908241 3.315461e+00 3.384981e+00 2.743675e+00 4192
0.908878 3.814729e+00 3.813474e+00 3.100392e+00 4828
0.909480 3.010586e+00 3.016007e+00 2.448956e+00 3814
0.910172 3.286792e+00 3.317902e+00 2.768609e+00 4168
0.910777 2.953482e+00 2.900020e+00 2.427136e+00 3749
0.911397 3.574707e+00 3.552023e+00 2.984619e+00 4542
0.912062 2.472012e+00 2.538221e+00 2.124333e+00 3144
0.912680 2.935393e+00 3.022365e+00 2.537895e+00 3737
0.913292 3.092607e+00 3.208577e+00 2.697529e+00 3941
0.913952 2.952392e+00 3.046248e+00 2.553945e+00 3766
0.914598 3.153138e+00 3.162949e+00 2.658049e+00 4026
0.915224 3.319064e+00 3.308818e+00 2.776336e+00 4242
0.915867 3.018011e+00 3.112680e+00 2.605119e+00 3861
0.916503 2.674594e+00 2.838401e+00 2.383739e+00 3425
0.917121 2.830355e+00 2.799661e+00 2.353694e+00 3628
0.917744 2.642884e+00 2.715445e+00 2.287214e+00 3391
0.918398 2.757103e+00 2.876847e+00 2.418526e+00 3541
0.919019 2.298591e+00 2.343961e+00 1.971647e+00 2955
0.919676 2.713661e+00 2.791348e+00 2.339815e+00 3492
0.920315 2.144285e+00 2.125614e+00 1.831583e+00 2762
0.920945 3.116351e+00 3.297448e+00 2.825341e+00 4018
0.921581 2.798737e+00 2.823274e+00 2.421446e+00 3612
0.922173 2.149652e+00 2.253180e+00 1.935622e+00 2777
0.922860 2.448395e+00 2.475576e+00 2.120519e+00 3166
0.923494 2.425933e+00 2.505312e+00 2.142745e+00 3140
0.924160 2.357202e+00 2.449206e+00 2.098628e+00 3054
0.924793 2.856899e+00 2.969571e+00 2.549210e+00 3705
0.925455 2.752446e+00 2.769187e+00 2.375170e+00 3573
0.926063 2.903701e+00 2.874285e+00 2.461082e+00 3773
0.926669 2.812472e+00 2.857032e+00 2.443564e+00 3658
0.927333 2.312015e+00 2.320780e+00 1.988007e+00 3010
0.927983 2.087243e+00 2.140514e+00 1.833828e+00 2720
0.928589 2.271516e+00 2.314603e+00 1.983271e+00 2963
0.929238 2.538914e+00 2.484109e+00 2.132208e+00 3315
0.929946 2.930514e+00 2.986868e+00 2.578899e+00 3830
0.930566 2.359730e+00 2.338267e+00 2.048533e+00 3087
0.931184 2.777474e+00 2.871976e+00 2.509903e+00 3637
0.931802 2.242267e+00 2.332172e+00 2.038478e+00 2939
0.932486 2.129587e+00 2.108309e+00 1.842416e+00 2794
0.933092 2.386435e+00 2.310229e+00 2.018930e+00 3134
0.933728 2.006053e+00 2.103820e+00 1.836187e+00 2637
0.934406 1.991963e+00 2.092933e+00 1.826685e+00 2621
0.935092 2.077363e+00 2.092465e+00 1.837797e+00 2736
0.935631 2.159564e+00 2.234114e+00 1.960455e+00 2847
0.936329 2.252974e+00 2.248535e+00 1.965809e+00 2973
0.936933 1.885139e+00 1.870785e+00 1.636484e+00 2490
0.937634 2.185872e+00 2.168746e+00 1.905013e+00 2890
0.938231 1.617807e+00 1.639964e+00 1.435959e+00 2141
0.938903 2.518369e+00 2.553397e+00 2.237154e+00 3336
0.939581 1.851520e+00 1.925036e+00 1.688172e+00 2455
0.940182 1.792483e+00 1.762206e+00 1.570457e+00 2379
0.940869 1.771948e+00 1.735135e+00 1.550107e+00 2354
0.941466 1.801837e+00 1.838695e+00 1.647129e+00 2396
0.942157 2.131436e+00 2.188585e+00 1.961051e+00 2837
0.942805 1.634765e+00 1.720494e+00 1.537027e+00 2178
0.943441 1.840165e+00 2.027944e+00 1.811691e+00 2454
0.944079 1.639134e+00 1.618418e+00 1.450902e+00 2188
0.944774 1.743846e+00 1.738545e+00 1.559328e+00 2330
0.945398 1.814710e+00 1.871910e+00 1.672296e+00 2427
0.946026 2.049779e+00 2.087669e+00 1.867900e+00 2744
0.946641 1.861998e+00 1.887901e+00 1.688958e+00 2495
0.947305 2.024251e+00 2.010974e+00 1.796531e+00 2715
0.948014 1.516556e+00 1.563495e+00 1.396770e+00 2036
0.948636 1.989143e+00 1.994080e+00 1.781439e+00 2673
0.949322 1.776853e+00 1.780955e+00 1.592932e+00 2390
0.949956 1.692718e+00 1.723674e+00 1.553251e+00 2279
0.950610 1.853615e+00 1.856327e+00 1.682995e+00 2498
0.951254 1.814787e+00 1.797649e+00 1.637131e+00 2448
0.951927 1.317581e+00 1.332556e+00 1.212098e+00 1779
0.952562 1.780265e+00 1.873914e+00 1.702833e+00 2406
0.953205 1.652907e+00 1.760962e+00 1.596535e+00 2236
0.953889 1.471878e+00 1.571364e+00 1.424640e+00 1993
0.954510 1.130346e+00 1.180798e+00 1.072179e+00 1532
0.955152 1.749934e+00 1.760402e+00 1.599846e+00 2374
0.955842 1.559014e+00 1.630687e+00 1.483673e+00 2117
0.956419 1.039585e+00 1.053451e+00 9.550861e-01 1413
0.957141 1.521518e+00 1.501954e+00 1.361711e+00 2070
0.957804 1.495846e+00 1.559091e+00 1.413513e+00 2037
0.958397 1.237657e+00 1.246329e+00 1.129955e+00 1687
0.959059 1.951114e+00 1.901402e+00 1.725561e+00 2662
0.959757 1.616093e+00 1.594523e+00 1.448896e+00 2207
0.960376 1.408998e+00 1.391582e+00 1.288560e+00 1926
0.961058 1.175980e+00 1.145461e+00 1.061187e+00 1609
0.961733 1.173411e+00 1.173582e+00 1.085224e+00 1607
0.962353 1.605627e+00 1.650038e+00 1.527281e+00 2201
0.962964 1.212013e+00 1.279169e+00 1.182861e+00 1663
0.963661 1.229803e+00 1.193855e+00 1.105822e+00 1689
0.964358 1.401776e+00 1.366376e+00 1.263502e+00 1927
0.965018 1.294351e+00 1.305414e+00 1.207130e+00 1781
0.965624 1.015048e+00 9.850586e-01 9.108940e-01 1398
0.966336 1.230985e+00 1.281771e+00 1.185267e+00 1697
0.966963 1.488549e+00 1.587375e+00 1.472142e+00 2054
0.967611 1.075180e+00 1.063330e+00 9.832728e-01 1485
0.968291 9.974958e-01 9.760458e-01 9.025598e-01 1379
0.968993 1.135312e+00 1.114418e+00 1.030514e+00 1571
0.969579 1.332073e+00 1.404813e+00 1.302220e+00 1845
0.970249 1.403677e+00 1.400022e+00 1.302305e+00 1946
0.970917 8.849436e-01 8.822297e-01 8.217449e-01 1228
0.971590 9.640308e-01 9.565199e-01 8.897578e-01 1339
0.972273 1.433544e+00 1.523509e+00 1.421229e+00 1993
0.972900 1.050617e+00 1.066791e+00 9.951990e-01 1462
0.973543 1.277223e+00 1.248672e+00 1.161518e+00 1779
0.974215 1.168438e+00 1.146051e+00 1.068880e+00 1629
0.974813 8.828548e-01 8.577908e-01 8.004427e-01 1232
0.975604 1.532098e+00 1.586889e+00 1.479296e+00 2140
0.976194 1.300353e+00 1.310083e+00 1.220771e+00 1818
0.976893 1.310573e+00 1.347874e+00 1.253796e+00 1834
0.977535 9.966486e-01 1.050333e+00 9.770229e-01 1396
0.978273 6.504987e-01 6.338482e-01 5.896076e-01 912
0.978904 8.985906e-01 8.855483e-01 8.237398e-01 1261
0.979534 1.268673e+00 1.301178e+00 1.210360e+00 1782
0.980177 1.147287e+00 1.189287e+00 1.117607e+00 1613
0.980911 7.717262e-01 8.728638e-01 8.211329e-01 1086
0.981639 1.081968e+00 1.097030e+00 1.032014e+00 1524
0.982240 1.011451e+00 9.808585e-01 9.227272e-01 1426
0.982867 7.794970e-01 7.615087e-01 7.163773e-01 1100
0.983663 1.009573e+00 9.979454e-01 9.388015e-01 1426
0.984249 8.537332e-01 8.312256e-01 7.830917e-01 1207
0.984963 8.289146e-01 8.687107e-01 8.172259e-01 1173
0.985492 1.246808e+00 1.348901e+00 1.269959e+00 1766
0.986266 1.025582e+00 1.054150e+00 9.928830e-01 1454
0.986839 9.013097e-01 9.131139e-01 8.589976e-01 1279
0.987599 9.856645e-01 9.805395e-01 9.224271e-01 1400
0.988287 1.023439e+00 1.003387e+00 9.439210e-01 1455
0.988928 6.289555e-01 6.277389e-01 5.905355e-01 895
0.989614 1.093862e+00 1.140221e+00 1.072645e+00 1558
0.990303 7.154735e-01 7.416016e-01 7.022615e-01 1020
0.990961 9.159410e-01 9.343146e-01 8.868365e-01 1307
0.991614 9.781085e-01 9.575473e-01 9.092572e-01 1397
0.992231 8.708812e-01 8.417073e-01 7.990743e-01 1245
0.992969 8.693788e-01 9.126426e-01 8.686891e-01 1244
0.993661 6.137292e-01 6.023970e-01 5.734214e-01 879
0.994297 8.419662e-01 8.729632e-01 8.289057e-01 1207
0.994922 7.533777e-01 7.480809e-01 7.122010e-01 1081
0.995621 1.014487e+00 1.015471e+00 9.667433e-01 1457
0.996307 7.485127e-01 7.770187e-01 7.404315e-01 1076
0.996954 9.604951e-01 9.696248e-01 9.280853e-01 1382
0.997601 9.769708e-01 1.024137e+00 9.776154e-01 1407
0.998364 6.437778e-01 7.009928e-01 6.679746e-01 928
0.998989 1.359147e+00 1.357947e+00 1.295973e+00 1961
0.999645 9.978235e-01 9.936344e-01 9.442071e-01 1441
