#Interval: 1.000000 Mpc/h, Area= 1.000000 deg^2
# z <nobs> <wc nobs> <wc wfkp nobs> N_obj
0.600224 7.623891e+01 7.663089e+01 2.208002e+01 57567
0.600663 7.439611e+01 7.433243e+01 2.145728e+01 56247
0.601107 7.474416e+01 7.498664e+01 2.168808e+01 56582
0.601553 6.897229e+01 6.913092e+01 2.007748e+01 52279
0.601998 7.042118e+01 7.050214e+01 2.048042e+01 53445
0.602439 7.056616e+01 7.055853e+01 2.055795e+01 53623
0.602884 7.519642e+01 7.514141e+01 2.193317e+01 57214
0.603328 6.743411e+01 6.748643e+01 1.967132e+01 51373
0.603770 6.803444e+01 6.838217e+01 1.997365e+01 51896
0.604212 7.363872e+01 7.415396e+01 2.169016e+01 56242
0.604652 7.637938e+01 7.662383e+01 2.247443e+01 58409
0.605102 7.290428e+01 7.305641e+01 2.147987e+01 55822
0.605548 7.125747e+01 7.127910e+01 2.093248e+01 54630
0.605985 7.677581e+01 7.693243e+01 2.277128e+01 58935
0.606429 6.978854e+01 6.981922e+01 2.067634e+01 53639
0.606874 6.507853e+01 6.527835e+01 1.935860e+01 50082
0.607315 7.263029e+01 7.256326e+01 2.154192e+01 55964
0.607754 6.760958e+01 6.782609e+01 2.018495e+01 52161
0.608201 6.351798e+01 6.379484e+01 1.900163e+01 49066
0.608646 6.809913e+01 6.792334e+01 2.031888e+01 52671
0.609089 6.544008e+01 6.546907e+01 1.954155e+01 50678
0.609536 6.423079e+01 6.435066e+01 1.928327e+01 49804
0.609982 6.330785e+01 6.357344e+01 1.919859e+01 49150
0.610430 7.161867e+01 7.167960e+01 2.201350e+01 55672
0.610875 6.849035e+01 6.851831e+01 2.106704e+01 53307
0.611315 6.822112e+01 6.869420e+01 2.108551e+01 53164
0.611762 6.662220e+01 6.663611e+01 2.056445e+01 51983
0.612203 6.296639e+01 6.352203e+01 1.958154e+01 49192
0.612644 6.646856e+01 6.657903e+01 2.051867e+01 51993
0.613101 6.295732e+01 6.330358e+01 1.953254e+01 49308
0.613552 6.289151e+01 6.308648e+01 1.951709e+01 49318
0.613996 6.743001e+01 6.753028e+01 2.090372e+01 52943
0.614436 6.609047e+01 6.621486e+01 2.059650e+01 51956
0.614879 6.509342e+01 6.533368e+01 2.039196e+01 51236
0.615323 6.075911e+01 6.099200e+01 1.898626e+01 47884
0.615776 6.206742e+01 6.216021e+01 1.941922e+01 48976
0.616223 6.765440e+01 6.806631e+01 2.124854e+01 53451
0.616666 6.468428e+01 6.468191e+01 2.036509e+01 51168
0.617114 6.225808e+01 6.242572e+01 1.961140e+01 49310
0.617565 6.277982e+01 6.301265e+01 1.982186e+01 49785
0.618007 6.722971e+01 6.734481e+01 2.130951e+01 53380
0.618451 6.028584e+01 6.031539e+01 1.908914e+01 47926
0.618906 5.869603e+01 5.870844e+01 1.865553e+01 46720
0.619345 6.362368e+01 6.382837e+01 2.028919e+01 50705
0.619793 6.232935e+01 6.238746e+01 1.995679e+01 49735
0.620247 6.037603e+01 6.052036e+01 2.004518e+01 48236
0.620696 5.889753e+01 5.883750e+01 1.953598e+01 47113
0.621133 5.858883e+01 5.868826e+01 1.953241e+01 46924
0.621581 6.189230e+01 6.198817e+01 2.070871e+01 49631
0.622026 5.908332e+01 5.915845e+01 1.983423e+01 47437
0.622474 6.100460e+01 6.105009e+01 2.057134e+01 49040
0.622917 6.204021e+01 6.217433e+01 2.093087e+01 49934
0.623373 5.728559e+01 5.768462e+01 1.954722e+01 46164
0.623820 5.346102e+01 5.363538e+01 1.817381e+01 43135
0.624278 5.420610e+01 5.439497e+01 1.846052e+01 43790
0.624719 5.367834e+01 5.365030e+01 1.824483e+01 43417
0.625168 5.448545e+01 5.451882e+01 1.868406e+01 44124
0.625608 5.476762e+01 5.500862e+01 1.882935e+01 44407
0.626059 5.159509e+01 5.159637e+01 1.774802e+01 41886
0.626511 5.210517e+01 5.236254e+01 1.805375e+01 42352
0.626947 5.157810e+01 5.175858e+01 1.792725e+01 41975
0.627405 5.221328e+01 5.246991e+01 1.823932e+01 42544
0.627855 5.419277e+01 5.434161e+01 1.877896e+01 44211
0.628303 5.508880e+01 5.535883e+01 1.915744e+01 44997
0.628751 5.110736e+01 5.116330e+01 1.785093e+01 41796
0.629194 5.370248e+01 5.384683e+01 1.873567e+01 43972
0.629656 5.417121e+01 5.429661e+01 1.890241e+01 44410
0.630099 5.558417e+01 5.579260e+01 1.963003e+01 45624
0.630543 5.331518e+01 5.330971e+01 1.885305e+01 43815
0.631000 5.294154e+01 5.312226e+01 1.887699e+01 43561
0.631461 5.394407e+01 5.438104e+01 1.927664e+01 44440
0.631904 5.087051e+01 5.087826e+01 1.811594e+01 41959
0.632347 5.431061e+01 5.431310e+01 1.935707e+01 44851
0.632800 5.048447e+01 5.056168e+01 1.800384e+01 41742
0.633246 5.463294e+01 5.509371e+01 1.956636e+01 45227
0.633698 5.250350e+01 5.243045e+01 1.878720e+01 43517
0.634149 5.102510e+01 5.154715e+01 1.850919e+01 42343
0.634607 5.127256e+01 5.149712e+01 1.850523e+01 42600
0.635046 5.140519e+01 5.166910e+01 1.855191e+01 42762
0.635504 5.165632e+01 5.193386e+01 1.873840e+01 43023
0.635954 4.947241e+01 5.000738e+01 1.810148e+01 41254
0.636403 4.899695e+01 4.919787e+01 1.780552e+01 40907
0.636852 5.257215e+01 5.276125e+01 1.923856e+01 43945
0.637303 4.734441e+01 4.778557e+01 1.742682e+01 39623
0.637745 4.927790e+01 4.962870e+01 1.807303e+01 41291
0.638208 4.626709e+01 4.676457e+01 1.710641e+01 38815
0.638655 4.855550e+01 4.879256e+01 1.790571e+01 40784
0.639100 4.548139e+01 4.573471e+01 1.682999e+01 38248
0.639558 4.911795e+01 4.918079e+01 1.809137e+01 41356
0.640015 5.152269e+01 5.184584e+01 1.926627e+01 43433
0.640454 4.929012e+01 4.952313e+01 1.870514e+01 41601
0.640910 5.022019e+01 5.101729e+01 1.912690e+01 42437
0.641367 4.600874e+01 4.622992e+01 1.743388e+01 38925
0.641810 4.656739e+01 4.689128e+01 1.762755e+01 39445
0.642274 4.773076e+01 4.803228e+01 1.815834e+01 40479
0.642724 4.382821e+01 4.415813e+01 1.668687e+01 37214
0.643166 4.694823e+01 4.700937e+01 1.787624e+01 39911
0.643620 4.736432e+01 4.782232e+01 1.819036e+01 40313
0.644076 4.458743e+01 4.497601e+01 1.697539e+01 37995
0.644532 4.555265e+01 4.585469e+01 1.734840e+01 38864
0.644983 4.310995e+01 4.339544e+01 1.653438e+01 36824
0.645435 4.909439e+01 4.932238e+01 1.874975e+01 41986
0.645883 4.743573e+01 4.775372e+01 1.834789e+01 40616
0.646338 4.387725e+01 4.407412e+01 1.690799e+01 37614
0.646790 4.429446e+01 4.453501e+01 1.705741e+01 38017
0.647246 4.575684e+01 4.571137e+01 1.769820e+01 39319
0.647690 4.601151e+01 4.618089e+01 1.782238e+01 39585
0.648162 4.476094e+01 4.504070e+01 1.739771e+01 38555
0.648615 4.453490e+01 4.464091e+01 1.724330e+01 38406
0.649052 4.149378e+01 4.152800e+01 1.603228e+01 35826
0.649515 3.956462e+01 3.993155e+01 1.556855e+01 34201
0.649966 4.020165e+01 4.042721e+01 1.600974e+01 34793
0.650414 4.154575e+01 4.192264e+01 1.680809e+01 35999
0.650877 4.087861e+01 4.119018e+01 1.656789e+01 35463
0.651327 4.294056e+01 4.299986e+01 1.737668e+01 37296
0.651788 4.264013e+01 4.295954e+01 1.735632e+01 37079
0.652236 3.928621e+01 3.969563e+01 1.602998e+01 34203
0.652688 3.887488e+01 3.930271e+01 1.607213e+01 33885
0.653144 3.986938e+01 4.015083e+01 1.648504e+01 34793
0.653600 4.208845e+01 4.246533e+01 1.735754e+01 36773
0.654056 4.099270e+01 4.124393e+01 1.691199e+01 35858
0.654503 4.253375e+01 4.297726e+01 1.756982e+01 37250
0.654960 3.741290e+01 3.759295e+01 1.537066e+01 32804
0.655429 3.789848e+01 3.832238e+01 1.571697e+01 33269
0.655876 3.821564e+01 3.848874e+01 1.589190e+01 33587
0.656324 4.200848e+01 4.189424e+01 1.724951e+01 36964
0.656784 3.595985e+01 3.609119e+01 1.495293e+01 31679
0.657234 4.034048e+01 4.081038e+01 1.691744e+01 35580
0.657698 3.943577e+01 3.975715e+01 1.650422e+01 34823
0.658146 3.876052e+01 3.895291e+01 1.613520e+01 34267
0.658606 3.597635e+01 3.635878e+01 1.510239e+01 31843
0.659063 3.894941e+01 3.932938e+01 1.622125e+01 34515
0.659520 3.935232e+01 3.960960e+01 1.628590e+01 34913
0.659969 3.732247e+01 3.747155e+01 1.563056e+01 33151
0.660433 4.071075e+01 4.088720e+01 1.725817e+01 36203
0.660894 3.456412e+01 3.482335e+01 1.474827e+01 30773
0.661350 3.870716e+01 3.876209e+01 1.641648e+01 34502
0.661801 3.750098e+01 3.777614e+01 1.605377e+01 33466
0.662253 3.779068e+01 3.804965e+01 1.622102e+01 33764
0.662709 3.820935e+01 3.843932e+01 1.632333e+01 34178
0.663177 3.925905e+01 3.962085e+01 1.689517e+01 35158
0.663637 3.865557e+01 3.900526e+01 1.653077e+01 34658
0.664082 3.651051e+01 3.672663e+01 1.580594e+01 32773
0.664533 3.522391e+01 3.555768e+01 1.523483e+01 31655
0.664993 3.613650e+01 3.633102e+01 1.552738e+01 32513
0.665453 3.340674e+01 3.366020e+01 1.443203e+01 30092
0.665921 3.542148e+01 3.525065e+01 1.523896e+01 31944
0.666369 3.347970e+01 3.360286e+01 1.449914e+01 30228
0.666836 3.415213e+01 3.447442e+01 1.486498e+01 30871
0.667278 3.619207e+01 3.651504e+01 1.560604e+01 32753
0.667749 3.319871e+01 3.355118e+01 1.465682e+01 30079
0.668190 3.748395e+01 3.779755e+01 1.646267e+01 34001
0.668657 3.382539e+01 3.429758e+01 1.496390e+01 30718
0.669119 3.128066e+01 3.159190e+01 1.392160e+01 28440
0.669580 3.565534e+01 3.593254e+01 1.562881e+01 32455
0.670030 3.250641e+01 3.289942e+01 1.469490e+01 29623
0.670491 3.253786e+01 3.268770e+01 1.488145e+01 29686
0.670948 3.227361e+01 3.249643e+01 1.478393e+01 29479
0.671403 3.498219e+01 3.530171e+01 1.613467e+01 31990
0.671862 3.002329e+01 3.031065e+01 1.375489e+01 27487
0.672326 3.070325e+01 3.094065e+01 1.411113e+01 28142
0.672774 3.124867e+01 3.138600e+01 1.435336e+01 28675
0.673246 2.868733e+01 2.892874e+01 1.331815e+01 26355
0.673699 3.085594e+01 3.107773e+01 1.391288e+01 28380
0.674163 3.071616e+01 3.077095e+01 1.402841e+01 28284
0.674621 3.228189e+01 3.248382e+01 1.481703e+01 29760
0.675079 3.187853e+01 3.188763e+01 1.473404e+01 29422
0.675536 3.116116e+01 3.154386e+01 1.433848e+01 28793
0.676002 2.982491e+01 3.000859e+01 1.361000e+01 27590
0.676469 2.962654e+01 2.965448e+01 1.363738e+01 27438
0.676924 3.108737e+01 3.127677e+01 1.424880e+01 28824
0.677376 3.277215e+01 3.300585e+01 1.521977e+01 30421
0.677840 3.119906e+01 3.145079e+01 1.442734e+01 28994
0.678292 3.382779e+01 3.434213e+01 1.555365e+01 31473
0.678764 2.976954e+01 2.965864e+01 1.366999e+01 27729
0.679219 3.135260e+01 3.154636e+01 1.440661e+01 29237
0.679673 3.075868e+01 3.111335e+01 1.428041e+01 28716
0.680142 2.828306e+01 2.860541e+01 1.325162e+01 26435
0.680610 2.965394e+01 2.971472e+01 1.393785e+01 27748
0.681048 3.066941e+01 3.094883e+01 1.453860e+01 28731
0.681519 2.828120e+01 2.871395e+01 1.355169e+01 26524
0.681978 2.920535e+01 2.958375e+01 1.390320e+01 27422
0.682442 2.875717e+01 2.906789e+01 1.375135e+01 27032
0.682908 2.874036e+01 2.901320e+01 1.378606e+01 27047
0.683371 3.047168e+01 3.094083e+01 1.454099e+01 28709
0.683825 2.907361e+01 2.919704e+01 1.379082e+01 27423
0.684289 2.642803e+01 2.668358e+01 1.257112e+01 24956
0.684747 2.677986e+01 2.717710e+01 1.288072e+01 25317
0.685217 2.946908e+01 2.989280e+01 1.427729e+01 27891
0.685661 2.949367e+01 2.969621e+01 1.411331e+01 27946
0.686135 2.775243e+01 2.802142e+01 1.338603e+01 26326
0.686590 2.943733e+01 2.947581e+01 1.398017e+01 27956
0.687066 2.462988e+01 2.511096e+01 1.183043e+01 23417
0.687531 2.929713e+01 2.941230e+01 1.393437e+01 27886
0.687993 2.696365e+01 2.756599e+01 1.321415e+01 25694
0.688447 2.728640e+01 2.781228e+01 1.319038e+01 26031
0.688913 2.769216e+01 2.823860e+01 1.344819e+01 26448
0.689366 2.575950e+01 2.610880e+01 1.251809e+01 24630
0.689838 2.573458e+01 2.623349e+01 1.253547e+01 24634
0.690292 2.616258e+01 2.639198e+01 1.309063e+01 25072
0.690751 2.290709e+01 2.332332e+01 1.154439e+01 21977
0.691220 2.605571e+01 2.657504e+01 1.306018e+01 25026
0.691686 2.415856e+01 2.452866e+01 1.216646e+01 23230
0.692148 2.643230e+01 2.670057e+01 1.324293e+01 25445
0.692616 2.630086e+01 2.675190e+01 1.337391e+01 25347
0.693071 2.779487e+01 2.809688e+01 1.401871e+01 26817
0.693550 2.721388e+01 2.747842e+01 1.370517e+01 26286
0.694000 2.456280e+01 2.472017e+01 1.219783e+01 23752
0.694463 2.508165e+01 2.524799e+01 1.262299e+01 24281
0.694934 2.443751e+01 2.478891e+01 1.252817e+01 23684
0.695397 2.413079e+01 2.452853e+01 1.229970e+01 23413
0.695875 2.426433e+01 2.445559e+01 1.219344e+01 23569
0.696324 2.391116e+01 2.423537e+01 1.233664e+01 23252
0.696792 2.289313e+01 2.315768e+01 1.171176e+01 22287
0.697256 2.296191e+01 2.319680e+01 1.167786e+01 22379
0.697725 2.272919e+01 2.299395e+01 1.149899e+01 22177
0.698171 2.445644e+01 2.512465e+01 1.263312e+01 23889
0.698654 2.321937e+01 2.357802e+01 1.186986e+01 22706
0.699113 2.351418e+01 2.382011e+01 1.194912e+01 23020
0.699572 2.230639e+01 2.279050e+01 1.156501e+01 21862
0.700055 2.102179e+01 2.107747e+01 1.081218e+01 20626
0.700496 2.296218e+01 2.364371e+01 1.202686e+01 22555
0.700969 2.474670e+01 2.503699e+01 1.279936e+01 24335
0.701446 2.192980e+01 2.221939e+01 1.145296e+01 21589
0.701913 2.279524e+01 2.314970e+01 1.194082e+01 22466
0.702376 2.338610e+01 2.380602e+01 1.234023e+01 23074
0.702834 2.127557e+01 2.173465e+01 1.098814e+01 21015
0.703313 2.198814e+01 2.214980e+01 1.131710e+01 21743
0.703764 2.335167e+01 2.377960e+01 1.219163e+01 23117
0.704226 2.238129e+01 2.274481e+01 1.170190e+01 22181
0.704710 2.123970e+01 2.148697e+01 1.089047e+01 21073
0.705167 2.114165e+01 2.153588e+01 1.102639e+01 20999
0.705637 2.335585e+01 2.356777e+01 1.220670e+01 23224
0.706084 2.128670e+01 2.151211e+01 1.104047e+01 21190
0.706563 2.190936e+01 2.224320e+01 1.141730e+01 21834
0.707024 2.302278e+01 2.325762e+01 1.209504e+01 22969
0.707501 2.110099e+01 2.142688e+01 1.088562e+01 21075
0.707963 2.062962e+01 2.079692e+01 1.084374e+01 20627
0.708429 2.109535e+01 2.146946e+01 1.109029e+01 21116
0.708913 2.166084e+01 2.213961e+01 1.145675e+01 21706
0.709366 2.122526e+01 2.155536e+01 1.118952e+01 21293
0.709831 2.030172e+01 2.064887e+01 1.063588e+01 20389
0.710307 1.997102e+01 2.023951e+01 1.067054e+01 20079
0.710781 2.132704e+01 2.146082e+01 1.148311e+01 21466
0.711239 2.042824e+01 2.080414e+01 1.084450e+01 20584
0.711701 1.944813e+01 1.979944e+01 1.048135e+01 19618
0.712169 2.222420e+01 2.244164e+01 1.173896e+01 22443
0.712639 1.867044e+01 1.889283e+01 1.006523e+01 18875
0.713111 2.218330e+01 2.242179e+01 1.201291e+01 22451
0.713576 1.955526e+01 1.961379e+01 1.029060e+01 19813
0.714050 2.003465e+01 2.044787e+01 1.078273e+01 20321
0.714528 1.798984e+01 1.795613e+01 9.620640e+00 18267
0.714993 1.842757e+01 1.868041e+01 1.001926e+01 18732
0.715457 1.966323e+01 1.977430e+01 1.055631e+01 20010
0.715922 2.049962e+01 2.065003e+01 1.095628e+01 20884
0.716379 1.885541e+01 1.916923e+01 1.009849e+01 19230
0.716873 1.961345e+01 1.986964e+01 1.045616e+01 20025
0.717320 1.923197e+01 1.969975e+01 1.034219e+01 19657
0.717801 1.945822e+01 1.958697e+01 1.037001e+01 19910
0.718274 2.005103e+01 2.038838e+01 1.096073e+01 20539
0.718731 1.895353e+01 1.927077e+01 1.022603e+01 19436
0.719218 1.692911e+01 1.709818e+01 9.178190e+00 17379
0.719670 1.773970e+01 1.791754e+01 9.388689e+00 18231
0.720151 1.968282e+01 2.012997e+01 1.104528e+01 20250
0.720615 1.706997e+01 1.743093e+01 9.516159e+00 17581
0.721078 1.781372e+01 1.822228e+01 1.005494e+01 18367
0.721563 1.772556e+01 1.798415e+01 9.904869e+00 18296
0.722024 1.802565e+01 1.822004e+01 9.853551e+00 18626
0.722492 1.628724e+01 1.659469e+01 9.140084e+00 16848
0.722974 1.683737e+01 1.687019e+01 9.257636e+00 17436
0.723443 1.908402e+01 1.957789e+01 1.075917e+01 19784
0.723905 1.750426e+01 1.823359e+01 1.001619e+01 18166
0.724387 1.728027e+01 1.744431e+01 9.384450e+00 17953
0.724843 1.605584e+01 1.619227e+01 8.917676e+00 16699
0.725325 1.694799e+01 1.728000e+01 9.274388e+00 17646
0.725799 1.700736e+01 1.723649e+01 9.503850e+00 17727
0.726278 1.794829e+01 1.841920e+01 1.027644e+01 18728
0.726736 1.602763e+01 1.623687e+01 8.930760e+00 16742
0.727205 1.521467e+01 1.538125e+01 8.423892e+00 15910
0.727664 1.653751e+01 1.677555e+01 9.109159e+00 17312
0.728139 1.681070e+01 1.696549e+01 9.214252e+00 17617
0.728623 1.644846e+01 1.676922e+01 9.190148e+00 17256
0.729100 1.703917e+01 1.769086e+01 9.719811e+00 17895
0.729561 1.605919e+01 1.634223e+01 8.760566e+00 16884
0.730038 1.720580e+01 1.733375e+01 9.689654e+00 18109
0.730500 1.771118e+01 1.807677e+01 1.006088e+01 18661
0.730991 1.575899e+01 1.605603e+01 8.856363e+00 16622
0.731456 1.714842e+01 1.749820e+01 9.654104e+00 18107
0.731918 1.491531e+01 1.504603e+01 8.358612e+00 15766
0.732397 1.600024e+01 1.635863e+01 9.045511e+00 16931
0.732864 1.615676e+01 1.613894e+01 8.868624e+00 17115
0.733336 1.482205e+01 1.510742e+01 8.443177e+00 15718
0.733823 1.738626e+01 1.776268e+01 9.709806e+00 18457
0.734286 1.597592e+01 1.604320e+01 8.854978e+00 16978
0.734772 1.674650e+01 1.735402e+01 9.501603e+00 17816
0.735226 1.517928e+01 1.532007e+01 8.416595e+00 16166
0.735708 1.524933e+01 1.518735e+01 8.567401e+00 16258
0.736181 1.611469e+01 1.642119e+01 8.936134e+00 17199
0.736659 1.432289e+01 1.470134e+01 8.077152e+00 15303
0.737142 1.383544e+01 1.406233e+01 7.733754e+00 14798
0.737619 1.612286e+01 1.639006e+01 9.150927e+00 17263
0.738097 1.583696e+01 1.638762e+01 9.058610e+00 16975
0.738543 1.511178e+01 1.523438e+01 8.372856e+00 16215
0.739024 1.457432e+01 1.463034e+01 8.175451e+00 15655
0.739504 1.360370e+01 1.370756e+01 7.620282e+00 14628
0.739988 1.549457e+01 1.562832e+01 8.817495e+00 16679
0.740438 1.543075e+01 1.553670e+01 8.607157e+00 16628
0.740915 1.596034e+01 1.598130e+01 9.064871e+00 17217
0.741384 1.417188e+01 1.430314e+01 8.048783e+00 15304
0.741880 1.483302e+01 1.496387e+01 8.492660e+00 16035
0.742338 1.421848e+01 1.429733e+01 8.071057e+00 15387
0.742820 1.440369e+01 1.433458e+01 8.142221e+00 15604
0.743304 1.323394e+01 1.340623e+01 7.664728e+00 14352
0.743760 1.418063e+01 1.439901e+01 7.939827e+00 15395
0.744257 1.365584e+01 1.377872e+01 7.746422e+00 14841
0.744720 1.414508e+01 1.441866e+01 7.955566e+00 15389
0.745204 1.425681e+01 1.455539e+01 8.290566e+00 15527
0.745679 1.469850e+01 1.502082e+01 8.474133e+00 16025
0.746157 1.353397e+01 1.381876e+01 7.887346e+00 14771
0.746621 1.217694e+01 1.267337e+01 7.021614e+00 13304
0.747107 1.291656e+01 1.323705e+01 7.383220e+00 14127
0.747586 1.340070e+01 1.354724e+01 7.515663e+00 14672
0.748048 1.468579e+01 1.525312e+01 8.552560e+00 16096
0.748525 1.338337e+01 1.382472e+01 7.607679e+00 14684
0.748997 1.303967e+01 1.326904e+01 7.526321e+00 14322
0.749487 1.360255e+01 1.416343e+01 7.996549e+00 14956
0.749973 1.163394e+01 1.167053e+01 6.653833e+00 12805
0.750423 1.200651e+01 1.237996e+01 7.315441e+00 13229
0.750910 1.259951e+01 1.278375e+01 7.500319e+00 13897
0.751396 1.324560e+01 1.358442e+01 7.649153e+00 14625
0.751885 1.343795e+01 1.392751e+01 7.967499e+00 14853
0.752341 1.352597e+01 1.392861e+01 7.865173e+00 14966
0.752843 1.273352e+01 1.285685e+01 7.412250e+00 14104
0.753295 1.124739e+01 1.124715e+01 6.441497e+00 12471
0.753786 1.372488e+01 1.400604e+01 8.055447e+00 15234
0.754245 1.177011e+01 1.217041e+01 7.074503e+00 13078
0.754743 1.153841e+01 1.172574e+01 6.767246e+00 12834
0.755204 1.293545e+01 1.326865e+01 7.646937e+00 14403
0.755704 1.302509e+01 1.316769e+01 7.411484e+00 14518
0.756169 1.226222e+01 1.248313e+01 6.978249e+00 13682
0.756648 1.153406e+01 1.183172e+01 6.767873e+00 12883
0.757133 1.304599e+01 1.323273e+01 7.465202e+00 14587
0.757622 1.188163e+01 1.214199e+01 6.752586e+00 13299
0.758091 1.242257e+01 1.269123e+01 7.284376e+00 13919
0.758558 1.231867e+01 1.245832e+01 6.956523e+00 13817
0.759055 1.272798e+01 1.290537e+01 7.379330e+00 14291
0.759522 1.198694e+01 1.203138e+01 6.892744e+00 13473
0.759990 1.049642e+01 1.072453e+01 6.257669e+00 11810
0.760475 1.187764e+01 1.200842e+01 6.896145e+00 13378
0.760966 1.177481e+01 1.204522e+01 6.997220e+00 13276
0.761445 1.194685e+01 1.225241e+01 7.275137e+00 13484
0.761931 1.048202e+01 1.067753e+01 6.152383e+00 11843
0.762403 1.213689e+01 1.250990e+01 7.351277e+00 13727
0.762876 1.175950e+01 1.216976e+01 7.032405e+00 13314
0.763379 1.131672e+01 1.152430e+01 6.771331e+00 12826
0.763825 1.220138e+01 1.252861e+01 7.280595e+00 13843
0.764326 1.208571e+01 1.223991e+01 6.987804e+00 13726
0.764804 1.125956e+01 1.137255e+01 6.559724e+00 12801
0.765281 1.114598e+01 1.127585e+01 6.452680e+00 12685
0.765762 1.074032e+01 1.095870e+01 6.389039e+00 12236
0.766247 1.067396e+01 1.057304e+01 6.043078e+00 12173
0.766714 1.281688e+01 1.307985e+01 7.582410e+00 14632
0.767204 1.068253e+01 1.061914e+01 6.131995e+00 12208
0.767687 1.011904e+01 1.031056e+01 5.960943e+00 11576
0.768172 1.171884e+01 1.196794e+01 6.815496e+00 13420
0.768646 1.242991e+01 1.265810e+01 7.443124e+00 14249
0.769122 1.110383e+01 1.115601e+01 6.426898e+00 12742
0.769601 1.156073e+01 1.161360e+01 6.832211e+00 13280
0.770087 1.036785e+01 1.055619e+01 6.125133e+00 11922
0.770568 1.134406e+01 1.136280e+01 6.632822e+00 13058
0.771055 1.140876e+01 1.172698e+01 6.742959e+00 13146
0.771534 9.801817e+00 9.887074e+00 5.736113e+00 11306
0.772013 1.114020e+01 1.142738e+01 6.514205e+00 12863
0.772488 1.078787e+01 1.099847e+01 6.583663e+00 12469
0.772983 1.017957e+01 1.053065e+01 6.229260e+00 11778
0.773464 1.042814e+01 1.057885e+01 6.136854e+00 12078
0.773951 1.156026e+01 1.181132e+01 6.897210e+00 13403
0.774439 1.002677e+01 1.027521e+01 5.957969e+00 11637
0.774898 1.000272e+01 1.001290e+01 5.681164e+00 11621
0.775401 1.072765e+01 1.108228e+01 6.421745e+00 12476
0.775871 9.307075e+00 9.546291e+00 5.577541e+00 10835
0.776353 1.011875e+01 1.048912e+01 6.140789e+00 11792
0.776846 1.016326e+01 1.028455e+01 5.900017e+00 11856
0.777334 1.095356e+01 1.113844e+01 6.472369e+00 12791
0.777798 9.680537e+00 1.004283e+01 5.759955e+00 11316
0.778295 9.585188e+00 9.680460e+00 5.584431e+00 11216
0.778787 8.915470e+00 9.122332e+00 5.222729e+00 10443
0.779264 9.634711e+00 9.576056e+00 5.610881e+00 11297
0.779753 1.026473e+01 1.035982e+01 5.947502e+00 12048
0.780223 9.743590e+00 1.005652e+01 6.049221e+00 11448
0.780712 1.109746e+01 1.132464e+01 6.734943e+00 13052
0.781177 8.819155e+00 9.011587e+00 5.433373e+00 10383
0.781684 8.262035e+00 8.358808e+00 4.866095e+00 9737
0.782160 8.959727e+00 8.949379e+00 5.386849e+00 10570
0.782630 8.246930e+00 8.639511e+00 5.164797e+00 9739
0.783142 9.400861e+00 9.664807e+00 5.753512e+00 11113
0.783633 9.628777e+00 9.733891e+00 5.827957e+00 11394
0.784082 7.939855e+00 8.210077e+00 4.733238e+00 9405
0.784601 7.870232e+00 7.928207e+00 4.671819e+00 9332
0.785078 8.285186e+00 8.391345e+00 5.132037e+00 9834
0.785546 1.031863e+01 1.035248e+01 6.155163e+00 12260
0.786062 9.515303e+00 9.620989e+00 5.695111e+00 11317
0.786521 9.393954e+00 9.763073e+00 5.720305e+00 11184
0.787042 9.530447e+00 9.887695e+00 5.811640e+00 11358
0.787510 8.807457e+00 9.013472e+00 5.361007e+00 10507
0.787968 8.913275e+00 8.933324e+00 5.330680e+00 10644
0.788470 9.076596e+00 9.103577e+00 5.444737e+00 10850
0.788960 9.132612e+00 9.408674e+00 5.589751e+00 10928
0.789451 9.873934e+00 9.885248e+00 5.876642e+00 11827
0.789918 9.166728e+00 9.516178e+00 5.642433e+00 10991
0.790429 7.740242e+00 7.896564e+00 4.830108e+00 9290
0.790898 7.820667e+00 8.059091e+00 4.856979e+00 9396
0.791386 8.143724e+00 8.310050e+00 5.021823e+00 9794
0.791864 7.863065e+00 7.899372e+00 4.792238e+00 9466
0.792368 8.870858e+00 9.183030e+00 5.617553e+00 10690
0.792865 8.439976e+00 8.592328e+00 5.280771e+00 10181
0.793349 9.393810e+00 9.467383e+00 5.778295e+00 11343
0.793819 8.536358e+00 8.760923e+00 5.363870e+00 10318
0.794320 8.176522e+00 8.465321e+00 5.179875e+00 9893
0.794797 7.739791e+00 7.864712e+00 4.701894e+00 9374
0.795288 8.343228e+00 8.451644e+00 5.258826e+00 10115
0.795770 8.322498e+00 8.462271e+00 5.144308e+00 10100
0.796256 7.223436e+00 7.221233e+00 4.463615e+00 8775
0.796749 7.721948e+00 8.132469e+00 4.901705e+00 9390
0.797249 7.144069e+00 7.194444e+00 4.381508e+00 8696
0.797718 8.245700e+00 8.671742e+00 5.204363e+00 10047
0.798219 8.919599e+00 9.023428e+00 5.418605e+00 10879
0.798725 8.597793e+00 8.789665e+00 5.272269e+00 10497
0.799184 8.970505e+00 9.217601e+00 5.661706e+00 10963
0.799684 7.490159e+00 7.609007e+00 4.579221e+00 9163
0.800154 9.528310e+00 9.988848e+00 6.153312e+00 11668
0.800657 6.636565e+00 6.770349e+00 4.233813e+00 8135
0.801169 7.451454e+00 7.541348e+00 4.625439e+00 9143
0.801657 7.527070e+00 7.534583e+00 4.661597e+00 9245
0.802113 7.714777e+00 7.937224e+00 4.870365e+00 9485
0.802603 8.561088e+00 8.787480e+00 5.372164e+00 10536
0.803114 6.750487e+00 6.744414e+00 4.104427e+00 8316
0.803584 7.332511e+00 7.453322e+00 4.527191e+00 9042
0.804087 7.099191e+00 7.132956e+00 4.473045e+00 8763
0.804577 8.012339e+00 8.013760e+00 4.920125e+00 9900
0.805059 7.929993e+00 8.034256e+00 4.825134e+00 9808
0.805545 7.338136e+00 7.359686e+00 4.461849e+00 9085
0.806059 8.146646e+00 8.268525e+00 5.035389e+00 10096
0.806524 8.332838e+00 8.368440e+00 5.100680e+00 10337
0.807014 7.863933e+00 8.185843e+00 5.001646e+00 9765
0.807516 7.611564e+00 7.821893e+00 4.766152e+00 9461
0.807991 7.569464e+00 7.545432e+00 4.620150e+00 9418
0.808486 7.001525e+00 7.247628e+00 4.422032e+00 8720
0.808973 7.137375e+00 7.221359e+00 4.460680e+00 8898
0.809478 7.676027e+00 7.784628e+00 4.753787e+00 9579
0.809959 6.897511e+00 7.088725e+00 4.390603e+00 8616
0.810444 7.395341e+00 7.666292e+00 4.851035e+00 9247
0.810974 6.958991e+00 7.101099e+00 4.445473e+00 8710
0.811447 7.526010e+00 7.667083e+00 4.813861e+00 9429
0.811936 7.712350e+00 8.005527e+00 5.051704e+00 9672
0.812427 7.985147e+00 8.153244e+00 5.108470e+00 10024
0.812921 7.241144e+00 7.391317e+00 4.680798e+00 9099
0.813404 6.971649e+00 7.054542e+00 4.389373e+00 8769
0.813903 7.869434e+00 7.988044e+00 4.995234e+00 9908
0.814399 7.118208e+00 7.179493e+00 4.539406e+00 8971
0.814890 6.250345e+00 6.312404e+00 4.010136e+00 7885
0.815374 6.505529e+00 6.545999e+00 4.175223e+00 8215
0.815874 7.177133e+00 7.116687e+00 4.460269e+00 9072
0.816356 5.526939e+00 5.699171e+00 3.558468e+00 6993
0.816858 7.559410e+00 7.753788e+00 4.839184e+00 9574
0.817344 7.043213e+00 7.200880e+00 4.544314e+00 8929
0.817838 6.747886e+00 6.762345e+00 4.267925e+00 8563
0.818340 6.512178e+00 6.628540e+00 4.186083e+00 8272
0.818846 7.241159e+00 7.329103e+00 4.606728e+00 9207
0.819307 6.442067e+00 6.517886e+00 4.116588e+00 8199
0.819834 6.227750e+00 6.351162e+00 4.085243e+00 7934
0.820319 6.638837e+00 6.747433e+00 4.424704e+00 8466
0.820797 6.363635e+00 6.469467e+00 4.279646e+00 8123
0.821305 6.443504e+00 6.501827e+00 4.305972e+00 8233
0.821791 5.906312e+00 6.058033e+00 3.939247e+00 7554
0.822285 6.462947e+00 6.513316e+00 4.349704e+00 8274
0.822777 5.425792e+00 5.549452e+00 3.649191e+00 6953
0.823275 6.418375e+00 6.496511e+00 4.211677e+00 8233
0.823771 7.080353e+00 7.271652e+00 4.764878e+00 9091
0.824243 5.973258e+00 5.992116e+00 3.869227e+00 7677
0.824748 6.259708e+00 6.360501e+00 4.137130e+00 8053
0.825260 6.533950e+00 6.594180e+00 4.296613e+00 8414
0.825742 6.684302e+00 6.800932e+00 4.471154e+00 8616
0.826268 6.226722e+00 6.408277e+00 4.264088e+00 8034
0.826748 5.938051e+00 6.140069e+00 3.984218e+00 7669
0.827222 5.653032e+00 5.806664e+00 3.784888e+00 7308
0.827726 6.105804e+00 6.277252e+00 4.089628e+00 7901
0.828225 5.453679e+00 5.500381e+00 3.622118e+00 7064
0.828710 5.638124e+00 5.627251e+00 3.682784e+00 7310
0.829218 5.447725e+00 5.603680e+00 3.662864e+00 7070
0.829716 4.573346e+00 4.624080e+00 3.028207e+00 5941
0.830207 5.513305e+00 5.627461e+00 3.840348e+00 7169
0.830700 5.183740e+00 5.214777e+00 3.516645e+00 6747
0.831189 5.349888e+00 5.576885e+00 3.814723e+00 6970
0.831700 5.422926e+00 5.449523e+00 3.677653e+00 7072
0.832179 5.288214e+00 5.414643e+00 3.686309e+00 6903
0.832690 6.961480e+00 7.087684e+00 4.799924e+00 9096
0.833186 4.872762e+00 5.034052e+00 3.430644e+00 6373
0.833690 5.751838e+00 5.747928e+00 3.884020e+00 7530
0.834171 4.711496e+00 4.892079e+00 3.327775e+00 6174
0.834660 5.877970e+00 5.911572e+00 4.012267e+00 7710
0.835164 5.455680e+00 5.516374e+00 3.734876e+00 7163
0.835675 5.168883e+00 5.267271e+00 3.577737e+00 6793
0.836178 4.365714e+00 4.501231e+00 3.060070e+00 5743
0.836645 5.503720e+00 5.569842e+00 3.761171e+00 7247
0.837158 5.403582e+00 5.510818e+00 3.751616e+00 7122
0.837636 5.607588e+00 5.824840e+00 3.953722e+00 7398
0.838154 5.418939e+00 5.404888e+00 3.662277e+00 7156
0.838670 4.570200e+00 4.741679e+00 3.231270e+00 6041
0.839166 4.469066e+00 4.508870e+00 3.033723e+00 5913
0.839637 5.010696e+00 5.118629e+00 3.458014e+00 6636
0.840152 4.634745e+00 4.723855e+00 3.343542e+00 6144
0.840650 4.705662e+00 4.686344e+00 3.353315e+00 6244
0.841141 4.597249e+00 4.617186e+00 3.256362e+00 6106
0.841637 4.528907e+00 4.591326e+00 3.235216e+00 6021
0.842132 4.520811e+00 4.557912e+00 3.250778e+00 6016
0.842646 4.563029e+00 4.683069e+00 3.307712e+00 6078
0.843151 4.597664e+00 4.890100e+00 3.491366e+00 6130
0.843654 4.574533e+00 4.678049e+00 3.318421e+00 6105
0.844143 5.191491e+00 5.264272e+00 3.703793e+00 6935
0.844634 4.830540e+00 4.977069e+00 3.492294e+00 6459
0.845149 5.060536e+00 5.069226e+00 3.583269e+00 6773
0.845659 4.931793e+00 4.857004e+00 3.436981e+00 6607
0.846132 4.995695e+00 5.054202e+00 3.580828e+00 6699
0.846643 4.794243e+00 4.855866e+00 3.431321e+00 6435
0.847149 4.181566e+00 4.384559e+00 3.088817e+00 5618
0.847636 4.301764e+00 4.343122e+00 3.069502e+00 5785
0.848121 4.761235e+00 4.866071e+00 3.430078e+00 6409
0.848628 4.552600e+00 4.691133e+00 3.341862e+00 6134
0.849139 4.420733e+00 4.464445e+00 3.165415e+00 5962
0.849656 3.991321e+00 3.965852e+00 2.775361e+00 5388
0.850122 3.839511e+00 3.809707e+00 2.748850e+00 5188
0.850624 4.549357e+00 4.629968e+00 3.359702e+00 6153
0.851176 4.856016e+00 4.942575e+00 3.573042e+00 6574
0.851631 4.626326e+00 4.589863e+00 3.322395e+00 6269
0.852139 4.421399e+00 4.374845e+00 3.174249e+00 5997
0.852666 4.111530e+00 4.203045e+00 3.025852e+00 5582
0.853144 4.128973e+00 4.264347e+00 3.086831e+00 5611
0.853679 4.214017e+00 4.287749e+00 3.087375e+00 5732
0.854158 4.495003e+00 4.644072e+00 3.336489e+00 6120
0.854648 4.627232e+00 4.554593e+00 3.275796e+00 6306
0.855141 4.353810e+00 4.415838e+00 3.197628e+00 5939
0.855659 4.014256e+00 4.209911e+00 3.031066e+00 5481
0.856171 4.516800e+00 4.694418e+00 3.396248e+00 6173
0.856671 3.932109e+00 4.052140e+00 2.955729e+00 5379
0.857178 3.524529e+00 3.548899e+00 2.558414e+00 4826
0.857670 3.994003e+00 4.004610e+00 2.900340e+00 5474
0.858184 4.033242e+00 4.034496e+00 2.921512e+00 5533
0.858689 4.352784e+00 4.379250e+00 3.140437e+00 5977
0.859178 3.751347e+00 3.902570e+00 2.805877e+00 5156
0.859654 3.881559e+00 4.053766e+00 2.942616e+00 5340
0.860202 3.781320e+00 3.722119e+00 2.733454e+00 5207
0.860673 4.600495e+00 4.679580e+00 3.429217e+00 6341
0.861172 4.168516e+00 4.325690e+00 3.164225e+00 5751
0.861710 4.601259e+00 4.560335e+00 3.356565e+00 6354
0.862224 3.375715e+00 3.426136e+00 2.512738e+00 4666
0.862745 3.805496e+00 3.699467e+00 2.697566e+00 5265
0.863238 3.833695e+00 3.913194e+00 2.905237e+00 5309
0.863717 3.966448e+00 4.040582e+00 2.951302e+00 5498
0.864194 4.034082e+00 4.023630e+00 2.939318e+00 5597
0.864732 4.185117e+00 4.252377e+00 3.110903e+00 5812
0.865207 3.617898e+00 3.717601e+00 2.727838e+00 5029
0.865719 4.587674e+00 4.683605e+00 3.436980e+00 6383
0.866243 3.613997e+00 3.576115e+00 2.629391e+00 5033
0.866743 4.414089e+00 4.378905e+00 3.237241e+00 6153
0.867256 4.193511e+00 4.209108e+00 3.098889e+00 5851
0.867752 3.812949e+00 3.893173e+00 2.885234e+00 5325
0.868247 3.190584e+00 3.180223e+00 2.324081e+00 4460
0.868747 2.982481e+00 3.086143e+00 2.254146e+00 4173
0.869279 3.048958e+00 3.153384e+00 2.330344e+00 4270
0.869754 3.668176e+00 3.710858e+00 2.727730e+00 5142
0.870253 3.627693e+00 3.740992e+00 2.870723e+00 5090
0.870779 4.164753e+00 4.178432e+00 3.200574e+00 5849
0.871282 4.024997e+00 4.026428e+00 3.088474e+00 5658
0.871786 2.987151e+00 3.147574e+00 2.401301e+00 4203
0.872309 3.680936e+00 3.664964e+00 2.795812e+00 5184
0.872796 3.568263e+00 3.595630e+00 2.756940e+00 5030
0.873331 2.731469e+00 2.785177e+00 2.131667e+00 3854
0.873843 3.356994e+00 3.339149e+00 2.552485e+00 4741
0.874354 3.298695e+00 3.436666e+00 2.613815e+00 4663
0.874841 3.479389e+00 3.614735e+00 2.766218e+00 4923
0.875335 3.342704e+00 3.306707e+00 2.552866e+00 4734
0.875868 2.884586e+00 2.868948e+00 2.182027e+00 4089
0.876385 3.094758e+00 3.129396e+00 2.397861e+00 4391
0.876875 2.905291e+00 2.978969e+00 2.279291e+00 4126
0.877395 3.075656e+00 3.058439e+00 2.341373e+00 4372
0.877887 3.173313e+00 3.207980e+00 2.452785e+00 4515
0.878375 3.034852e+00 3.033529e+00 2.318112e+00 4322
0.878920 2.913484e+00 2.979199e+00 2.295796e+00 4153
0.879434 3.087412e+00 3.086393e+00 2.353027e+00 4405
0.879896 2.794658e+00 2.796546e+00 2.157337e+00 3991
0.880432 3.094998e+00 3.262824e+00 2.547392e+00 4424
0.880915 3.435322e+00 3.551367e+00 2.780534e+00 4915
0.881446 2.337912e+00 2.358380e+00 1.836821e+00 3348
0.881924 2.701326e+00 2.841242e+00 2.208091e+00 3872
0.882445 3.497610e+00 3.544499e+00 2.780082e+00 5018
0.882976 2.464454e+00 2.458742e+00 1.918641e+00 3539
0.883471 3.660226e+00 3.611624e+00 2.810624e+00 5261
0.884026 2.876271e+00 2.877547e+00 2.245630e+00 4138
0.884502 3.324318e+00 3.406061e+00 2.650862e+00 4787
0.885016 2.852244e+00 2.905297e+00 2.281519e+00 4111
0.885499 3.058957e+00 3.067332e+00 2.398735e+00 4413
0.886049 3.413491e+00 3.530891e+00 2.758673e+00 4929
0.886526 2.813939e+00 2.780524e+00 2.160904e+00 4067
0.887050 2.791307e+00 2.800207e+00 2.185925e+00 4038
0.887545 2.991788e+00 3.075630e+00 2.408008e+00 4332
0.888060 2.844143e+00 2.954940e+00 2.304187e+00 4122
0.888557 3.610857e+00 3.734983e+00 2.917212e+00 5238
0.889078 2.255577e+00 2.279731e+00 1.776249e+00 3275
0.889596 2.738616e+00 2.846082e+00 2.225005e+00 3980
0.890166 2.543617e+00 2.520269e+00 2.044217e+00 3700
0.890613 3.098310e+00 3.265383e+00 2.630576e+00 4511
0.891121 2.630913e+00 2.624223e+00 2.113818e+00 3834
0.891661 2.598340e+00 2.648539e+00 2.126218e+00 3790
0.892133 3.606951e+00 3.523362e+00 2.834575e+00 5266
0.892634 2.502575e+00 2.581859e+00 2.089565e+00 3657
0.893204 2.876323e+00 2.939624e+00 2.361735e+00 4207
0.893685 2.174228e+00 2.135986e+00 1.716326e+00 3183
0.894181 2.639040e+00 2.607926e+00 2.097250e+00 3867
0.894692 2.520039e+00 2.540586e+00 2.046460e+00 3696
0.895226 2.882186e+00 2.843870e+00 2.292827e+00 4231
0.895720 2.133637e+00 2.137263e+00 1.717882e+00 3135
0.896211 2.286724e+00 2.348755e+00 1.886516e+00 3363
0.896772 2.404886e+00 2.469203e+00 1.988556e+00 3540
0.897279 2.580523e+00 2.591727e+00 2.084392e+00 3802
0.897803 2.402544e+00 2.444263e+00 1.959759e+00 3543
0.898289 2.302123e+00 2.257101e+00 1.817284e+00 3398
0.898825 2.068538e+00 2.094774e+00 1.682472e+00 3056
0.899336 2.142399e+00 2.189646e+00 1.761725e+00 3168
0.899834 2.441116e+00 2.487770e+00 2.001089e+00 3613
0.900343 2.149310e+00 2.176692e+00 1.761430e+00 3184
0.900857 2.169616e+00 2.188057e+00 1.770626e+00 3217
0.901384 2.575977e+00 2.644333e+00 2.143550e+00 3823
0.901874 2.886679e+00 2.877513e+00 2.338606e+00 4288
0.902411 2.317070e+00 2.369052e+00 1.921161e+00 3445
0.902925 1.827785e+00 1.874984e+00 1.521598e+00 2720
0.903426 2.284006e+00 2.279499e+00 1.863523e+00 3402
0.903951 2.236998e+00 2.233676e+00 1.807542e+00 3335
0.904448 3.012356e+00 3.050158e+00 2.478504e+00 4495
0.904976 2.484704e+00 2.518801e+00 2.041430e+00 3711
0.905508 2.683142e+00 2.732702e+00 2.217548e+00 4011
0.905991 2.993502e+00 3.063644e+00 2.490887e+00 4479
0.906516 2.512031e+00 2.598660e+00 2.124658e+00 3762
0.907030 2.321631e+00 2.413696e+00 1.958244e+00 3480
0.907520 3.064721e+00 3.184232e+00 2.585411e+00 4598
0.908058 2.381375e+00 2.395527e+00 1.941525e+00 3576
0.908581 2.320679e+00 2.358963e+00 1.924847e+00 3488
0.909089 2.793207e+00 2.824812e+00 2.289663e+00 4202
0.909599 1.685572e+00 1.660105e+00 1.346651e+00 2538
0.910144 2.413282e+00 2.407684e+00 2.006542e+00 3637
0.910662 2.159856e+00 2.157831e+00 1.808425e+00 3258
0.911170 2.252629e+00 2.223266e+00 1.864363e+00 3401
0.911641 1.945538e+00 1.941341e+00 1.631076e+00 2940
0.912200 1.877014e+00 1.945437e+00 1.628210e+00 2839
0.912720 2.095955e+00 2.163547e+00 1.817787e+00 3173
0.913213 2.057115e+00 2.089750e+00 1.754632e+00 3117
0.913735 1.917460e+00 2.043336e+00 1.718439e+00 2908
0.914251 2.080436e+00 2.133498e+00 1.788685e+00 3158
0.914750 2.104898e+00 2.070293e+00 1.738754e+00 3198
0.915281 2.492970e+00 2.518984e+00 2.114167e+00 3791
0.915822 1.949358e+00 1.997270e+00 1.671591e+00 2967
0.916310 1.899694e+00 2.037163e+00 1.704978e+00 2894
0.916842 1.852085e+00 1.853312e+00 1.560823e+00 2824
0.917321 1.820287e+00 1.836161e+00 1.545719e+00 2778
0.917834 1.969887e+00 1.988520e+00 1.673542e+00 3009
0.918389 1.832078e+00 1.928410e+00 1.623018e+00 2801
0.918910 1.765745e+00 1.809595e+00 1.522834e+00 2702
0.919423 1.481457e+00 1.553563e+00 1.303286e+00 2269
0.919906 1.722149e+00 1.710933e+00 1.439989e+00 2640
0.920449 1.633279e+00 1.658220e+00 1.430438e+00 2506
0.920983 2.297314e+00 2.413859e+00 2.068807e+00 3528
0.921524 1.899060e+00 1.932078e+00 1.658140e+00 2919
0.922025 1.807017e+00 1.897093e+00 1.625521e+00 2780
0.922584 1.282619e+00 1.271508e+00 1.094367e+00 1975
0.923056 1.653268e+00 1.693630e+00 1.448529e+00 2548
0.923559 1.603176e+00 1.647825e+00 1.409353e+00 2473
0.924120 1.684008e+00 1.733820e+00 1.486149e+00 2600
0.924639 1.824877e+00 1.940302e+00 1.664326e+00 2820
0.925124 1.759248e+00 1.761443e+00 1.512552e+00 2721
0.925653 2.043204e+00 2.087128e+00 1.787767e+00 3163
0.926178 2.074305e+00 2.014565e+00 1.725335e+00 3214
0.926678 1.921576e+00 1.972641e+00 1.687162e+00 2980
0.927215 1.592591e+00 1.609171e+00 1.378884e+00 2472
0.927746 1.457937e+00 1.445628e+00 1.236418e+00 2265
0.928255 1.486872e+00 1.569000e+00 1.347573e+00 2312
0.928761 1.536958e+00 1.518985e+00 1.299158e+00 2392
0.929277 1.785966e+00 1.751787e+00 1.504637e+00 2782
0.929866 1.841470e+00 1.843353e+00 1.584755e+00 2871
0.930320 1.718723e+00 1.764476e+00 1.544787e+00 2682
0.930865 1.823488e+00 1.822766e+00 1.595335e+00 2848
0.931377 1.906957e+00 1.963076e+00 1.715853e+00 2981
0.931893 1.415053e+00 1.499739e+00 1.308952e+00 2214
0.932437 1.438708e+00 1.411982e+00 1.234296e+00 2253
0.932969 1.814502e+00 1.757015e+00 1.533500e+00 2844
0.933456 1.291469e+00 1.353668e+00 1.183634e+00 2026
0.933982 1.309437e+00 1.317290e+00 1.149714e+00 2056
0.934510 1.343280e+00 1.435621e+00 1.252991e+00 2111
0.935065 1.340189e+00 1.358940e+00 1.190770e+00 2108
0.935534 1.817952e+00 1.878710e+00 1.653486e+00 2862
0.936132 1.318791e+00 1.307640e+00 1.144069e+00 2078
0.936594 1.503418e+00 1.500470e+00 1.312679e+00 2371
0.937137 1.198635e+00 1.196068e+00 1.043913e+00 1892
0.937654 1.397600e+00 1.392478e+00 1.225513e+00 2208
0.938146 1.293921e+00 1.307357e+00 1.143411e+00 2046
0.938717 1.458331e+00 1.482482e+00 1.300441e+00 2308
0.939197 1.292280e+00 1.289561e+00 1.127643e+00 2047
0.939725 1.473433e+00 1.530569e+00 1.344627e+00 2336
0.940251 1.155782e+00 1.141360e+00 1.021233e+00 1834
0.940733 9.589487e-01 9.417776e-01 8.413497e-01 1523
0.941283 1.551972e+00 1.548834e+00 1.385259e+00 2467
0.941830 1.150860e+00 1.239957e+00 1.114807e+00 1831
0.942329 1.323177e+00 1.305129e+00 1.165955e+00 2107
0.942857 1.152610e+00 1.221401e+00 1.091155e+00 1837
0.943369 1.233724e+00 1.275990e+00 1.139923e+00 1968
0.943914 1.267721e+00 1.376847e+00 1.231878e+00 2024
0.944469 8.955150e-01 8.846320e-01 7.957243e-01 1431
0.944955 1.401810e+00 1.405060e+00 1.257346e+00 2242
0.945512 1.136336e+00 1.173262e+00 1.048149e+00 1819
0.946013 1.545416e+00 1.581378e+00 1.412745e+00 2476
0.946553 1.348253e+00 1.329027e+00 1.191671e+00 2162
0.947118 1.352061e+00 1.399632e+00 1.250380e+00 2170
0.947588 1.010360e+00 9.703556e-01 8.668802e-01 1623
0.948129 1.009480e+00 1.068170e+00 9.542645e-01 1623
0.948639 1.498918e+00 1.506044e+00 1.345445e+00 2412
0.949199 1.070433e+00 1.055979e+00 9.433727e-01 1724
0.949690 1.173102e+00 1.228663e+00 1.099221e+00 1891
0.950208 1.156586e+00 1.136138e+00 1.031824e+00 1866
0.950740 1.295537e+00 1.296139e+00 1.176775e+00 2092
0.951293 1.332773e+00 1.326375e+00 1.206988e+00 2154
0.951855 8.030494e-01 8.122866e-01 7.397523e-01 1299
0.952308 1.057449e+00 1.158816e+00 1.052609e+00 1712
0.952862 1.255865e+00 1.222423e+00 1.109534e+00 2035
0.953396 1.117274e+00 1.253030e+00 1.136030e+00 1812
0.953951 8.969868e-01 9.485991e-01 8.600249e-01 1456
0.954437 8.561998e-01 9.014372e-01 8.186322e-01 1391
0.954977 1.023351e+00 1.009513e+00 9.168441e-01 1664
0.955454 9.475006e-01 1.000519e+00 9.107934e-01 1542
0.955993 1.165239e+00 1.187644e+00 1.079023e+00 1898
0.956492 6.385481e-01 6.531677e-01 5.921791e-01 1041
0.957079 1.034521e+00 1.023186e+00 9.276473e-01 1688
0.957603 9.638201e-01 1.001493e+00 9.079798e-01 1574
0.958112 1.006425e+00 1.039495e+00 9.424332e-01 1645
0.958680 9.982206e-01 9.717073e-01 8.809754e-01 1633
0.959155 1.201960e+00 1.168611e+00 1.060910e+00 1968
0.959714 1.097795e+00 1.089993e+00 9.882161e-01 1799
0.960232 1.064534e+00 1.048377e+00 9.698278e-01 1746
0.960803 8.504050e-01 8.329837e-01 7.719084e-01 1396
0.961325 7.626353e-01 7.369240e-01 6.814414e-01 1253
0.961888 8.416421e-01 8.546199e-01 7.915044e-01 1384
0.962361 1.041425e+00 1.054687e+00 9.752800e-01 1714
0.962843 8.948300e-01 9.351221e-01 8.647172e-01 1474
0.963471 8.576666e-01 8.740499e-01 8.097859e-01 1414
0.963982 7.611758e-01 7.457520e-01 6.896047e-01 1256
0.964475 9.052383e-01 8.782410e-01 8.121187e-01 1495
0.964987 7.931420e-01 7.974447e-01 7.374054e-01 1311
0.965472 8.093857e-01 7.972342e-01 7.372108e-01 1339
0.966087 6.993755e-01 7.010875e-01 6.483030e-01 1158
0.966600 9.642855e-01 1.025360e+00 9.494698e-01 1598
0.967094 9.465765e-01 1.012542e+00 9.385620e-01 1570
0.967611 6.776976e-01 6.646023e-01 6.145648e-01 1125
0.968158 6.933673e-01 6.860499e-01 6.343975e-01 1152
0.968745 6.957800e-01 6.747172e-01 6.239181e-01 1157
0.969294 1.046081e+00 1.030827e+00 9.549181e-01 1741
0.969781 6.507642e-01 7.172560e-01 6.647924e-01 1084
0.970253 1.003503e+00 9.971893e-01 9.275886e-01 1673
0.970835 6.628358e-01 6.554225e-01 6.096761e-01 1106
0.971360 5.496952e-01 5.475870e-01 5.102746e-01 918
0.971903 7.077708e-01 7.047961e-01 6.556036e-01 1183
0.972390 9.576332e-01 1.064873e+00 9.939186e-01 1602
0.972928 7.806228e-01 7.673201e-01 7.161460e-01 1307
0.973500 9.207902e-01 8.963339e-01 8.337727e-01 1543
0.974061 8.085068e-01 7.829921e-01 7.283417e-01 1356
0.974623 8.048385e-01 7.991027e-01 7.456699e-01 1351
0.975122 3.868979e-01 3.838524e-01 3.591564e-01 650
0.975643 1.118074e+00 1.159166e+00 1.080891e+00 1880
0.976153 9.554955e-01 9.695071e-01 9.036060e-01 1608
0.976751 8.389089e-01 8.155420e-01 7.586198e-01 1413
0.977226 7.444689e-01 8.263941e-01 7.687144e-01 1255
0.977698 5.150543e-01 5.253988e-01 4.887276e-01 869
0.978313 4.826378e-01 4.695334e-01 4.367614e-01 815
0.978858 6.313335e-01 6.187887e-01 5.755992e-01 1067
0.979398 8.300273e-01 8.463562e-01 7.872832e-01 1404
0.979909 8.098297e-01 8.283580e-01 7.745837e-01 1371
0.980368 5.695275e-01 5.953939e-01 5.601075e-01 965
0.980958 5.513537e-01 6.381036e-01 6.002860e-01 935
0.981561 6.404418e-01 6.644953e-01 6.251135e-01 1087
0.982061 8.512361e-01 8.209803e-01 7.723243e-01 1446
0.982577 5.640689e-01 5.621724e-01 5.288549e-01 959
0.983119 4.501676e-01 4.228364e-01 3.977767e-01 766
0.983721 7.151956e-01 7.131862e-01 6.709187e-01 1218
0.984187 5.702641e-01 5.591640e-01 5.269614e-01 972
0.984717 4.724732e-01 4.866830e-01 4.578394e-01 806
0.985257 9.095911e-01 9.252616e-01 8.704253e-01 1553
0.985757 6.653772e-01 7.408515e-01 6.977743e-01 1137
0.986355 6.993128e-01 7.266447e-01 6.845813e-01 1196
0.986842 6.823641e-01 6.932947e-01 6.522061e-01 1168
0.987406 4.821548e-01 4.574462e-01 4.303353e-01 826
0.987910 5.686492e-01 5.831717e-01 5.486096e-01 975
0.988413 7.773724e-01 7.616053e-01 7.164683e-01 1334
0.989018 3.854472e-01 3.894187e-01 3.663395e-01 662
0.989530 6.707644e-01 7.145451e-01 6.721971e-01 1153
0.989976 5.004697e-01 5.202135e-01 4.907222e-01 861
0.990587 5.854223e-01 5.701791e-01 5.407495e-01 1008
0.991148 6.951841e-01 7.194217e-01 6.829069e-01 1198
0.991718 6.464758e-01 6.307057e-01 5.990906e-01 1115
0.992173 5.503457e-01 5.359328e-01 5.082707e-01 950
0.992695 4.514829e-01 4.863096e-01 4.626953e-01 780
0.993188 5.222390e-01 5.127737e-01 4.881014e-01 903
0.993798 5.374023e-01 5.253367e-01 4.999736e-01 930
0.994385 5.802536e-01 6.101496e-01 5.794849e-01 1005
0.994835 4.430455e-01 4.398035e-01 4.193646e-01 768
0.995423 6.634342e-01 6.670439e-01 6.346882e-01 1151
0.995955 5.661242e-01 5.912868e-01 5.632182e-01 983
0.996476 4.770331e-01 4.684621e-01 4.457202e-01 829
0.996988 7.008638e-01 7.121650e-01 6.824447e-01 1219
0.997546 6.807448e-01 7.254964e-01 6.932947e-01 1185
0.998113 4.121229e-01 4.250832e-01 4.046283e-01 718
0.998711 7.019724e-01 7.366900e-01 7.004909e-01 1224
0.999181 8.818888e-01 8.780021e-01 8.393431e-01 1539
0.999731 6.131989e-01 6.065506e-01 5.761384e-01 1071
