#Interval: 1.000000 Mpc/h, Area= 1.000000 deg^2
# z <nobs> <wc nobs> <wc wfkp nobs> N_objects
0.600244 1.707107e+00 1.821379e+00 5.191616e-01 1205
0.600717 1.639781e+00 1.732050e+00 5.018359e-01 1159
0.601190 1.663061e+00 1.748287e+00 5.043233e-01 1177
0.601682 1.553634e+00 1.654746e+00 4.792076e-01 1101
0.602163 1.558642e+00 1.669903e+00 4.838925e-01 1106
0.602643 1.597414e+00 1.692135e+00 4.893374e-01 1135
0.603112 1.619216e+00 1.713764e+00 4.976774e-01 1152
0.603601 1.534277e+00 1.603218e+00 4.664528e-01 1093
0.604085 1.626196e+00 1.723676e+00 4.991160e-01 1160
0.604559 1.682873e+00 1.795060e+00 5.243679e-01 1202
0.605044 1.634533e+00 1.732549e+00 5.086231e-01 1169
0.605530 1.621227e+00 1.715025e+00 5.010953e-01 1161
0.606004 1.725100e+00 1.825604e+00 5.361077e-01 1237
0.606489 1.555719e+00 1.647163e+00 4.853526e-01 1117
0.606976 1.486926e+00 1.588908e+00 4.703889e-01 1069
0.607451 1.594732e+00 1.706683e+00 5.059216e-01 1148
0.607929 1.488607e+00 1.561198e+00 4.678841e-01 1073
0.608416 1.449262e+00 1.532519e+00 4.569456e-01 1046
0.608893 1.534553e+00 1.630619e+00 4.872906e-01 1109
0.609379 1.446880e+00 1.512482e+00 4.518190e-01 1047
0.609857 1.422920e+00 1.508227e+00 4.551686e-01 1031
0.610352 1.568557e+00 1.668710e+00 5.136682e-01 1138
0.610828 1.543122e+00 1.627170e+00 5.013014e-01 1121
0.611306 1.521876e+00 1.629311e+00 5.000428e-01 1107
0.611793 1.519906e+00 1.602250e+00 4.935405e-01 1107
0.612278 1.437037e+00 1.544893e+00 4.752254e-01 1048
0.612758 1.391357e+00 1.487563e+00 4.561668e-01 1016
0.613239 1.412810e+00 1.513160e+00 4.655690e-01 1033
0.613727 1.447865e+00 1.529506e+00 4.728604e-01 1060
0.614210 1.496470e+00 1.600134e+00 4.949854e-01 1097
0.614694 1.464568e+00 1.573950e+00 4.868963e-01 1075
0.615177 1.404173e+00 1.508161e+00 4.737692e-01 1032
0.615664 1.346650e+00 1.403296e+00 4.324546e-01 991
0.616150 1.507773e+00 1.624014e+00 5.052766e-01 1111
0.616629 1.455684e+00 1.551129e+00 4.869460e-01 1074
0.617117 1.411850e+00 1.500759e+00 4.680337e-01 1043
0.617610 1.404628e+00 1.519787e+00 4.815472e-01 1039
0.618089 1.458182e+00 1.549364e+00 4.918770e-01 1080
0.618565 1.336300e+00 1.384285e+00 4.371436e-01 991
0.619064 1.404615e+00 1.481015e+00 4.677303e-01 1043
0.619546 1.400126e+00 1.493089e+00 4.743551e-01 1041
0.620031 1.362065e+00 1.445678e+00 4.706855e-01 1014
0.620514 1.333491e+00 1.407641e+00 4.685671e-01 994
0.621003 1.385378e+00 1.449792e+00 4.819054e-01 1034
0.621492 1.351493e+00 1.424107e+00 4.744489e-01 1010
0.621968 1.336403e+00 1.432653e+00 4.838825e-01 1000
0.622459 1.365395e+00 1.452090e+00 4.888106e-01 1023
0.622941 1.368985e+00 1.478767e+00 4.993090e-01 1027
0.623439 1.275381e+00 1.353852e+00 4.590188e-01 958
0.623917 1.180684e+00 1.230223e+00 4.197927e-01 888
0.624402 1.224329e+00 1.315468e+00 4.471265e-01 922
0.624897 1.257253e+00 1.316538e+00 4.477975e-01 948
0.625391 1.234462e+00 1.312393e+00 4.538133e-01 932
0.625874 1.201145e+00 1.265321e+00 4.359210e-01 908
0.626355 1.157342e+00 1.209801e+00 4.194390e-01 876
0.626841 1.213931e+00 1.295940e+00 4.465229e-01 920
0.627343 1.157043e+00 1.235288e+00 4.295429e-01 878
0.627830 1.206906e+00 1.276445e+00 4.418666e-01 917
0.628313 1.232981e+00 1.309319e+00 4.562721e-01 938
0.628808 1.178907e+00 1.263506e+00 4.434738e-01 898
0.629292 1.191839e+00 1.254901e+00 4.401914e-01 909
0.629784 1.254497e+00 1.314413e+00 4.605802e-01 958
0.630271 1.271222e+00 1.340087e+00 4.711565e-01 972
0.630761 1.152059e+00 1.219774e+00 4.351351e-01 882
0.631249 1.175392e+00 1.255298e+00 4.481615e-01 901
0.631729 1.206482e+00 1.266515e+00 4.518347e-01 926
0.632226 1.237492e+00 1.293436e+00 4.643894e-01 951
0.632719 1.180050e+00 1.246614e+00 4.445459e-01 908
0.633207 1.185055e+00 1.278965e+00 4.529884e-01 913
0.633697 1.187453e+00 1.250748e+00 4.444284e-01 916
0.634185 1.187255e+00 1.251172e+00 4.484564e-01 917
0.634688 1.194815e+00 1.260990e+00 4.523592e-01 924
0.635173 1.151988e+00 1.210251e+00 4.392587e-01 892
0.635657 1.117006e+00 1.200439e+00 4.365512e-01 866
0.636148 1.094994e+00 1.180625e+00 4.315862e-01 850
0.636643 1.151519e+00 1.215867e+00 4.432369e-01 895
0.637121 1.134657e+00 1.195366e+00 4.364973e-01 883
0.637618 1.133236e+00 1.190201e+00 4.347600e-01 883
0.638110 1.029276e+00 1.092266e+00 4.038541e-01 803
0.638602 1.098399e+00 1.173862e+00 4.312883e-01 858
0.639089 1.066341e+00 1.118539e+00 4.133764e-01 834
0.639590 1.109704e+00 1.167242e+00 4.334579e-01 869
0.640086 1.161886e+00 1.244531e+00 4.710437e-01 911
0.640571 1.099294e+00 1.170408e+00 4.473070e-01 863
0.641063 1.128458e+00 1.211140e+00 4.579219e-01 887
0.641570 1.022860e+00 1.096548e+00 4.169136e-01 805
0.642056 1.025394e+00 1.110591e+00 4.215104e-01 808
0.642539 1.015246e+00 1.096773e+00 4.157725e-01 801
0.643042 1.051961e+00 1.125851e+00 4.275906e-01 831
0.643537 1.068355e+00 1.141919e+00 4.406334e-01 845
0.644033 1.011467e+00 1.072068e+00 4.042650e-01 801
0.644527 1.005167e+00 1.074950e+00 4.053436e-01 797
0.645019 9.862861e-01 1.045519e+00 3.996256e-01 783
0.645510 1.118419e+00 1.192757e+00 4.560466e-01 889
0.646002 1.047926e+00 1.117995e+00 4.287768e-01 834
0.646497 1.006470e+00 1.052044e+00 4.075114e-01 802
0.646986 1.024026e+00 1.079596e+00 4.161819e-01 817
0.647493 1.067827e+00 1.133029e+00 4.403736e-01 853
0.647980 9.464784e-01 1.008289e+00 3.870318e-01 757
0.648473 1.040215e+00 1.108919e+00 4.316088e-01 833
0.648963 1.004010e+00 1.055895e+00 4.095250e-01 805
0.649476 8.981346e-01 9.431415e-01 3.685101e-01 721
0.649963 9.156899e-01 9.680532e-01 3.842670e-01 736
0.650451 9.443847e-01 9.941243e-01 4.017354e-01 760
0.650962 9.655618e-01 1.033579e+00 4.206253e-01 778
0.651456 9.420620e-01 1.000304e+00 4.075573e-01 760
0.651949 9.557602e-01 1.016761e+00 4.134365e-01 772
0.652442 8.927604e-01 9.415131e-01 3.830782e-01 722
0.652941 9.015441e-01 9.597987e-01 3.974459e-01 730
0.653441 9.201734e-01 9.840659e-01 4.061184e-01 746
0.653930 9.313646e-01 9.962875e-01 4.129408e-01 756
0.654426 9.659063e-01 1.031634e+00 4.290106e-01 785
0.654918 8.467443e-01 8.878992e-01 3.610080e-01 689
0.655430 8.960329e-01 9.431999e-01 3.899510e-01 730
0.655928 9.059702e-01 9.365996e-01 3.912087e-01 739
0.656410 8.913936e-01 9.493174e-01 3.967783e-01 728
0.656920 8.878586e-01 9.347987e-01 3.919575e-01 726
0.657416 8.782242e-01 9.490332e-01 3.934993e-01 719
0.657913 9.137513e-01 9.668146e-01 4.082690e-01 749
0.658413 8.358730e-01 8.798204e-01 3.657578e-01 686
0.658910 8.348541e-01 9.167459e-01 3.823392e-01 686
0.659405 8.739489e-01 9.387679e-01 3.899223e-01 719
0.659899 8.680288e-01 9.148214e-01 3.763438e-01 715
0.660407 9.288127e-01 9.810118e-01 4.150605e-01 766
0.660905 7.799322e-01 8.214587e-01 3.491713e-01 644
0.661403 8.938967e-01 9.514016e-01 4.057422e-01 739
0.661906 8.299881e-01 8.931499e-01 3.835709e-01 687
0.662401 8.869008e-01 9.375195e-01 3.982344e-01 735
0.662904 8.147180e-01 8.815093e-01 3.721795e-01 676
0.663395 9.052148e-01 9.473059e-01 4.037251e-01 752
0.663892 8.391947e-01 9.055250e-01 3.916001e-01 698
0.664396 8.225679e-01 8.974623e-01 3.929329e-01 685
0.664900 8.035819e-01 8.502531e-01 3.662898e-01 670
0.665400 7.846412e-01 8.378843e-01 3.655778e-01 655
0.665911 7.920682e-01 8.281688e-01 3.670399e-01 662
0.666403 7.576506e-01 8.142893e-01 3.499739e-01 634
0.666914 8.164155e-01 8.604710e-01 3.734057e-01 684
0.667400 8.070856e-01 8.518776e-01 3.640469e-01 677
0.667918 8.108753e-01 8.568039e-01 3.767315e-01 681
0.668405 8.051412e-01 8.501455e-01 3.770747e-01 677
0.668912 7.352765e-01 7.789429e-01 3.455689e-01 619
0.669416 7.391373e-01 7.891932e-01 3.424465e-01 623
0.669903 7.951278e-01 8.475994e-01 3.778420e-01 671
0.670413 7.432787e-01 7.739163e-01 3.542995e-01 628
0.670915 7.518429e-01 7.967943e-01 3.662725e-01 636
0.671416 7.875427e-01 8.339082e-01 3.820589e-01 667
0.671920 6.957911e-01 7.335403e-01 3.367795e-01 590
0.672430 7.302935e-01 7.655277e-01 3.515691e-01 620
0.672921 6.764766e-01 7.137747e-01 3.256221e-01 575
0.673436 7.132687e-01 7.453952e-01 3.406330e-01 607
0.673945 7.206305e-01 7.428766e-01 3.394895e-01 614
0.674448 7.244575e-01 7.679042e-01 3.487540e-01 618
0.674948 7.177370e-01 7.619073e-01 3.533914e-01 613
0.675443 7.051848e-01 7.494433e-01 3.390088e-01 603
0.675953 6.949982e-01 7.321624e-01 3.330553e-01 595
0.676465 6.930021e-01 7.266273e-01 3.368250e-01 594
0.676968 7.178117e-01 7.609111e-01 3.499349e-01 616
0.677462 7.309227e-01 7.754200e-01 3.547288e-01 628
0.677976 7.451645e-01 7.961456e-01 3.633807e-01 641
0.678464 7.187327e-01 7.659202e-01 3.511787e-01 619
0.678974 7.039606e-01 7.387512e-01 3.375591e-01 607
0.679485 7.390326e-01 7.786579e-01 3.587930e-01 638
0.679987 6.502236e-01 6.809920e-01 3.176323e-01 562
0.680504 6.818083e-01 7.130930e-01 3.351676e-01 590
0.680986 6.936956e-01 7.370740e-01 3.464904e-01 601
0.681507 6.663567e-01 7.099582e-01 3.389074e-01 578
0.682008 6.471426e-01 6.956425e-01 3.258371e-01 562
0.682513 6.590272e-01 7.107768e-01 3.424899e-01 573
0.683032 6.398664e-01 6.878847e-01 3.223521e-01 557
0.683518 6.953324e-01 7.498956e-01 3.556571e-01 606
0.684030 6.498137e-01 6.874145e-01 3.173000e-01 567
0.684543 6.044022e-01 6.338388e-01 3.065422e-01 528
0.685055 6.654289e-01 7.074041e-01 3.366145e-01 582
0.685551 6.977612e-01 7.332651e-01 3.479948e-01 611
0.686068 6.296394e-01 6.690986e-01 3.148082e-01 552
0.686574 6.733297e-01 7.063243e-01 3.366802e-01 591
0.687086 5.541879e-01 6.025733e-01 2.840379e-01 487
0.687582 6.456015e-01 7.002828e-01 3.338554e-01 568
0.688099 6.255416e-01 6.861186e-01 3.320678e-01 551
0.688605 6.111982e-01 6.628803e-01 3.170829e-01 539
0.689110 6.365297e-01 6.766241e-01 3.252533e-01 562
0.689622 5.712984e-01 6.091070e-01 2.924792e-01 505
0.690132 6.282551e-01 6.603940e-01 3.247031e-01 556
0.690630 5.462564e-01 5.742273e-01 2.862491e-01 484
0.691154 6.019808e-01 6.304292e-01 3.122096e-01 534
0.691659 5.708735e-01 5.984526e-01 2.949815e-01 507
0.692164 6.084431e-01 6.333011e-01 3.158703e-01 541
0.692680 6.268274e-01 6.623385e-01 3.386149e-01 558
0.693183 6.171176e-01 6.497431e-01 3.241311e-01 550
0.693695 6.085507e-01 6.519531e-01 3.307072e-01 543
0.694211 5.888093e-01 6.159562e-01 3.130011e-01 526
0.694718 5.612869e-01 5.985782e-01 3.028948e-01 502
0.695235 5.717995e-01 5.998200e-01 3.012689e-01 512
0.695752 5.477069e-01 5.798438e-01 2.939578e-01 491
0.696250 5.648951e-01 6.080428e-01 3.157126e-01 507
0.696762 5.097049e-01 5.506943e-01 2.817372e-01 458
0.697274 5.502402e-01 5.810110e-01 2.951296e-01 495
0.697800 5.484893e-01 5.809882e-01 2.943016e-01 494
0.698292 5.445241e-01 5.826614e-01 2.977742e-01 491
0.698821 5.372445e-01 5.696297e-01 2.824893e-01 485
0.699320 5.432587e-01 5.698684e-01 2.817715e-01 491
0.699824 4.707930e-01 4.951142e-01 2.531027e-01 426
0.700341 5.729060e-01 6.044477e-01 3.085314e-01 519
0.700862 5.303431e-01 5.717135e-01 2.985883e-01 481
0.701365 5.054994e-01 5.316853e-01 2.763938e-01 459
0.701881 5.269142e-01 5.688392e-01 2.928270e-01 479
0.702397 5.427852e-01 5.708563e-01 3.011476e-01 494
0.702907 4.861853e-01 5.102620e-01 2.609265e-01 443
0.703429 5.360487e-01 5.692201e-01 2.872178e-01 489
0.703933 5.310491e-01 5.678472e-01 2.848702e-01 485
0.704439 4.877819e-01 5.157545e-01 2.660308e-01 446
0.704956 5.057897e-01 5.339352e-01 2.659744e-01 463
0.705479 5.215733e-01 5.584324e-01 2.934683e-01 478
0.705979 5.166120e-01 5.488651e-01 2.794319e-01 474
0.706506 5.029527e-01 5.235805e-01 2.707008e-01 462
0.707007 5.165093e-01 5.564749e-01 2.967081e-01 475
0.707526 4.931057e-01 5.216705e-01 2.634813e-01 454
0.708046 4.957928e-01 5.275300e-01 2.780841e-01 457
0.708551 4.518770e-01 4.877994e-01 2.498539e-01 417
0.709074 5.173835e-01 5.654171e-01 2.902017e-01 478
0.709586 4.821923e-01 5.145999e-01 2.661191e-01 446
0.710101 4.557209e-01 4.825022e-01 2.570837e-01 422
0.710621 4.702993e-01 5.038817e-01 2.731041e-01 436
0.711126 4.999280e-01 5.212910e-01 2.737217e-01 464
0.711648 4.789072e-01 5.019906e-01 2.681332e-01 445
0.712166 5.073826e-01 5.364974e-01 2.864017e-01 472
0.712689 4.455989e-01 4.691388e-01 2.506497e-01 415
0.713200 4.933517e-01 5.210475e-01 2.787665e-01 460
0.713709 4.638630e-01 4.859541e-01 2.534644e-01 433
0.714233 4.408617e-01 4.595271e-01 2.430403e-01 412
0.714757 4.179127e-01 4.478826e-01 2.460349e-01 391
0.715273 4.483962e-01 4.708239e-01 2.506295e-01 420
0.715790 4.873411e-01 5.057468e-01 2.669642e-01 457
0.716298 4.463087e-01 4.779629e-01 2.550595e-01 419
0.716844 4.489919e-01 4.672543e-01 2.456749e-01 422
0.717330 4.431667e-01 4.672867e-01 2.486616e-01 417
0.717860 4.500930e-01 4.818287e-01 2.570477e-01 424
0.718386 4.718478e-01 5.091652e-01 2.714807e-01 445
0.718889 4.162367e-01 4.341488e-01 2.423223e-01 393
0.719422 4.136478e-01 4.450107e-01 2.336692e-01 391
0.719938 4.364259e-01 4.555304e-01 2.417499e-01 413
0.720455 4.369860e-01 4.699875e-01 2.578207e-01 414
0.720977 3.943172e-01 4.207084e-01 2.320869e-01 374
0.721501 4.086139e-01 4.297487e-01 2.382639e-01 388
0.722008 4.270857e-01 4.457287e-01 2.417598e-01 406
0.722523 3.740648e-01 3.980988e-01 2.186294e-01 356
0.723048 4.030288e-01 4.243928e-01 2.330935e-01 384
0.723564 4.487010e-01 4.832107e-01 2.684286e-01 428
0.724087 3.843156e-01 4.147484e-01 2.277409e-01 367
0.724606 4.288592e-01 4.427722e-01 2.443795e-01 410
0.725142 3.667307e-01 3.986323e-01 2.187219e-01 351
0.725657 4.038877e-01 4.255267e-01 2.323987e-01 387
0.726179 4.034320e-01 4.340889e-01 2.378092e-01 387
0.726692 3.883992e-01 4.104840e-01 2.282572e-01 373
0.727225 3.640389e-01 3.823779e-01 2.116179e-01 350
0.727725 3.771351e-01 4.129042e-01 2.285437e-01 363
0.728256 3.860506e-01 4.094254e-01 2.237638e-01 372
0.728783 3.959823e-01 4.131624e-01 2.300756e-01 382
0.729302 3.893245e-01 4.120784e-01 2.244213e-01 376
0.729815 3.764757e-01 4.067504e-01 2.197214e-01 364
0.730335 4.173774e-01 4.501320e-01 2.550740e-01 404
0.730862 3.663432e-01 3.867972e-01 2.135678e-01 355
0.731378 3.968561e-01 4.208692e-01 2.330881e-01 385
0.731902 3.675812e-01 3.834152e-01 2.129791e-01 357
0.732440 3.753972e-01 4.058592e-01 2.289573e-01 365
0.732957 3.729221e-01 3.921366e-01 2.123812e-01 363
0.733498 3.684000e-01 3.916867e-01 2.159768e-01 359
0.734008 4.007890e-01 4.193093e-01 2.315527e-01 391
0.734541 3.767914e-01 4.014419e-01 2.192940e-01 368
0.735053 3.896661e-01 4.097141e-01 2.268477e-01 381
0.735582 3.463236e-01 3.554147e-01 2.006868e-01 339
0.736103 3.775714e-01 3.939277e-01 2.168681e-01 370
0.736627 3.475897e-01 3.676351e-01 2.020820e-01 341
0.737168 3.319294e-01 3.603073e-01 2.011899e-01 326
0.737690 3.407130e-01 3.691735e-01 2.060500e-01 335
0.738211 3.860500e-01 4.144902e-01 2.306349e-01 380
0.738734 3.440139e-01 3.609617e-01 1.967872e-01 339
0.739253 3.284263e-01 3.413196e-01 1.929178e-01 324
0.739775 3.169232e-01 3.380540e-01 1.941745e-01 313
0.740287 3.944496e-01 4.163434e-01 2.332204e-01 390
0.740833 3.667338e-01 3.799271e-01 2.114497e-01 363
0.741346 3.370609e-01 3.518101e-01 1.977855e-01 334
0.741892 3.507996e-01 3.721969e-01 2.112061e-01 348
0.742401 3.202029e-01 3.318512e-01 1.908963e-01 318
0.742918 3.238713e-01 3.458054e-01 1.994940e-01 322
0.743469 3.436065e-01 3.648383e-01 2.048606e-01 342
0.744000 3.191401e-01 3.426142e-01 1.890816e-01 318
0.744514 3.107673e-01 3.316050e-01 1.847658e-01 310
0.745040 3.474742e-01 3.641022e-01 2.023075e-01 347
0.745576 3.380879e-01 3.620550e-01 2.065202e-01 338
0.746104 3.217280e-01 3.390480e-01 1.904702e-01 322
0.746613 2.854430e-01 3.075507e-01 1.724022e-01 286
0.747152 3.150366e-01 3.321564e-01 1.895909e-01 316
0.747696 3.375938e-01 3.610787e-01 2.018302e-01 339
0.748213 3.252847e-01 3.454143e-01 1.913122e-01 327
0.748730 3.219455e-01 3.472894e-01 1.987854e-01 324
0.749281 3.106728e-01 3.299219e-01 1.863924e-01 313
0.749787 2.756295e-01 2.946600e-01 1.726031e-01 278
0.750316 2.931533e-01 3.169194e-01 1.869280e-01 296
0.750859 2.948097e-01 3.147347e-01 1.809952e-01 298
0.751392 3.142500e-01 3.297512e-01 1.881299e-01 318
0.751927 3.237763e-01 3.513218e-01 2.008298e-01 328
0.752431 3.007421e-01 3.220368e-01 1.843815e-01 305
0.752970 3.122318e-01 3.258818e-01 1.913880e-01 317
0.753529 2.804055e-01 3.058153e-01 1.789852e-01 285
0.754027 3.066340e-01 3.192410e-01 1.810834e-01 312
0.754567 2.699744e-01 2.823221e-01 1.650932e-01 275
0.755088 3.020405e-01 3.234454e-01 1.845009e-01 308
0.755642 3.046489e-01 3.209977e-01 1.827521e-01 311
0.756159 2.984449e-01 3.147726e-01 1.773893e-01 305
0.756695 2.746603e-01 2.944112e-01 1.671481e-01 281
0.757219 2.890060e-01 3.103808e-01 1.752487e-01 296
0.757752 2.857648e-01 2.991678e-01 1.700465e-01 293
0.758286 3.039637e-01 3.255964e-01 1.859678e-01 312
0.758827 2.851419e-01 3.007813e-01 1.711132e-01 293
0.759352 3.003852e-01 3.157999e-01 1.782343e-01 309
0.759882 2.631578e-01 2.775200e-01 1.628122e-01 271
0.760422 2.638414e-01 2.798217e-01 1.618194e-01 272
0.760947 2.800266e-01 2.986770e-01 1.717613e-01 289
0.761485 2.787543e-01 2.985317e-01 1.791541e-01 288
0.762031 2.610482e-01 2.812515e-01 1.603473e-01 270
0.762555 2.713885e-01 2.999124e-01 1.772076e-01 281
0.763065 2.624113e-01 2.774900e-01 1.648385e-01 272
0.763616 3.035657e-01 3.260906e-01 1.890007e-01 315
0.764156 2.695437e-01 2.854198e-01 1.616223e-01 280
0.764676 2.740597e-01 2.897879e-01 1.669336e-01 285
0.765217 2.689600e-01 2.818077e-01 1.658070e-01 280
0.765746 2.581141e-01 2.743873e-01 1.603108e-01 269
0.766297 2.626273e-01 2.704431e-01 1.549821e-01 274
0.766812 2.853224e-01 3.038526e-01 1.750517e-01 298
0.767349 2.467571e-01 2.577183e-01 1.521350e-01 258
0.767891 2.531784e-01 2.667895e-01 1.536561e-01 265
0.768427 3.006230e-01 3.175119e-01 1.838718e-01 315
0.768968 2.736055e-01 2.969723e-01 1.754375e-01 287
0.769504 2.609305e-01 2.735339e-01 1.629173e-01 274
0.770036 2.473315e-01 2.604435e-01 1.510141e-01 260
0.770565 2.641696e-01 2.778287e-01 1.633536e-01 278
0.771098 2.686313e-01 2.913490e-01 1.689554e-01 283
0.771651 2.503264e-01 2.562969e-01 1.466543e-01 264
0.772188 2.671065e-01 2.855053e-01 1.663142e-01 282
0.772719 2.412729e-01 2.573551e-01 1.530869e-01 255
0.773273 2.533007e-01 2.693182e-01 1.559721e-01 268
0.773819 2.653025e-01 2.843054e-01 1.686702e-01 281
0.774333 2.338948e-01 2.571576e-01 1.522135e-01 248
0.774858 2.506019e-01 2.603038e-01 1.447820e-01 266
0.775421 2.540977e-01 2.738300e-01 1.628441e-01 270
0.775949 2.190420e-01 2.320890e-01 1.339075e-01 233
0.776470 2.441628e-01 2.584403e-01 1.519690e-01 260
0.777025 2.532824e-01 2.645960e-01 1.527927e-01 270
0.777560 2.567598e-01 2.716461e-01 1.549732e-01 274
0.778114 2.237225e-01 2.415492e-01 1.419152e-01 239
0.778623 2.019767e-01 2.127800e-01 1.198755e-01 216
0.779169 2.391242e-01 2.487037e-01 1.446187e-01 256
0.779729 2.407351e-01 2.524001e-01 1.471366e-01 258
0.780265 2.414104e-01 2.628109e-01 1.567281e-01 259
0.780800 2.532572e-01 2.653197e-01 1.567158e-01 272
0.781326 1.999716e-01 2.146528e-01 1.272008e-01 215
0.781884 2.136953e-01 2.210175e-01 1.315440e-01 230
0.782423 2.199646e-01 2.294041e-01 1.371913e-01 237
0.782978 1.974794e-01 2.153795e-01 1.294758e-01 213
0.783501 2.259800e-01 2.356403e-01 1.414479e-01 244
0.784013 2.109372e-01 2.262391e-01 1.314035e-01 228
0.784608 1.913054e-01 1.991907e-01 1.158410e-01 207
0.785143 1.920254e-01 2.086397e-01 1.322565e-01 208
0.785633 2.305549e-01 2.374983e-01 1.390977e-01 250
0.786203 2.478140e-01 2.661834e-01 1.574728e-01 269
0.786747 2.024583e-01 2.173228e-01 1.256312e-01 220
0.787283 2.279840e-01 2.415163e-01 1.425585e-01 248
0.787818 2.167228e-01 2.355946e-01 1.448486e-01 236
0.788375 2.091546e-01 2.186119e-01 1.317776e-01 228
0.788912 2.245118e-01 2.403229e-01 1.428150e-01 245
0.789469 2.398363e-01 2.484537e-01 1.480778e-01 262
0.789993 2.020909e-01 2.246978e-01 1.364842e-01 221
0.790551 1.927428e-01 2.075762e-01 1.275621e-01 211
0.791119 1.989269e-01 2.098056e-01 1.257513e-01 218
0.791662 1.877785e-01 1.990345e-01 1.191657e-01 206
0.792185 1.903122e-01 2.031268e-01 1.272118e-01 209
0.792706 1.964791e-01 2.087772e-01 1.266777e-01 216
0.793277 2.398881e-01 2.501336e-01 1.518829e-01 264
0.793809 2.024195e-01 2.151281e-01 1.306899e-01 223
0.794365 1.949524e-01 2.098850e-01 1.279617e-01 215
0.794894 1.820662e-01 1.921707e-01 1.141362e-01 201
0.795438 2.090203e-01 2.198528e-01 1.365615e-01 231
0.795991 1.961462e-01 2.050751e-01 1.276819e-01 217
0.796546 1.688517e-01 1.766098e-01 1.069066e-01 187
0.797079 1.776945e-01 1.879485e-01 1.136760e-01 197
0.797637 2.009356e-01 2.212838e-01 1.338808e-01 223
0.798182 2.088260e-01 2.188382e-01 1.317026e-01 232
0.798745 2.184981e-01 2.332051e-01 1.410901e-01 243
0.799254 1.994065e-01 2.123479e-01 1.285606e-01 222
0.799831 2.063760e-01 2.247031e-01 1.370036e-01 230
0.800342 1.864405e-01 1.971089e-01 1.208686e-01 208
0.800899 1.611740e-01 1.693733e-01 1.051138e-01 180
0.801456 1.923122e-01 1.986502e-01 1.224273e-01 215
0.802016 1.983662e-01 2.110004e-01 1.329911e-01 222
0.802560 1.910182e-01 2.044008e-01 1.266309e-01 214
0.803105 1.667436e-01 1.738190e-01 1.061671e-01 187
0.803632 1.763680e-01 1.861579e-01 1.120162e-01 198
0.804202 1.806332e-01 1.895271e-01 1.200592e-01 203
0.804754 1.991118e-01 2.073737e-01 1.251616e-01 224
0.805282 1.811451e-01 1.871318e-01 1.132558e-01 204
0.805838 1.765214e-01 1.870043e-01 1.137675e-01 199
0.806388 2.179854e-01 2.268311e-01 1.372522e-01 246
0.806935 1.841213e-01 2.003054e-01 1.221663e-01 208
0.807489 1.883513e-01 1.987535e-01 1.222493e-01 213
0.808023 1.855057e-01 1.964656e-01 1.219801e-01 210
0.808592 1.773711e-01 1.883182e-01 1.152916e-01 201
0.809140 1.683718e-01 1.747848e-01 1.061978e-01 191
0.809692 1.822871e-01 1.912736e-01 1.163032e-01 207
0.810237 1.803387e-01 1.913058e-01 1.214137e-01 205
0.810792 1.537882e-01 1.667643e-01 1.045127e-01 175
0.811347 1.940115e-01 2.038451e-01 1.265787e-01 221
0.811896 1.797792e-01 1.909986e-01 1.200877e-01 205
0.812431 1.909821e-01 2.030935e-01 1.268764e-01 218
0.812976 1.741567e-01 1.857802e-01 1.163603e-01 199
0.813529 1.809708e-01 1.872749e-01 1.157610e-01 207
0.814086 1.868974e-01 1.990962e-01 1.239164e-01 214
0.814641 1.526789e-01 1.685137e-01 1.090994e-01 175
0.815186 1.594938e-01 1.685226e-01 1.068152e-01 183
0.815759 1.628120e-01 1.721717e-01 1.068619e-01 187
0.816287 1.469886e-01 1.544984e-01 9.752687e-02 169
0.816868 1.833293e-01 1.942005e-01 1.219000e-01 211
0.817401 1.709891e-01 1.816199e-01 1.153881e-01 197
0.817955 1.647436e-01 1.696859e-01 1.071833e-01 190
0.818522 1.550462e-01 1.684397e-01 1.063860e-01 179
0.819069 1.791150e-01 1.876233e-01 1.190719e-01 207
0.819611 1.365753e-01 1.437167e-01 9.030165e-02 158
0.820171 1.701121e-01 1.803195e-01 1.179180e-01 197
0.820721 1.587234e-01 1.662265e-01 1.098993e-01 184
0.821293 1.576988e-01 1.657032e-01 1.116945e-01 183
0.821849 1.489286e-01 1.600418e-01 1.051993e-01 173
0.822396 1.453361e-01 1.521204e-01 1.000525e-01 169
0.822962 1.400326e-01 1.508842e-01 9.885550e-02 163
0.823504 1.587701e-01 1.683105e-01 1.092123e-01 185
0.824040 1.706104e-01 1.788626e-01 1.173823e-01 199
0.824625 1.421727e-01 1.494100e-01 9.685562e-02 166
0.825183 1.582835e-01 1.657480e-01 1.081544e-01 185
0.825717 1.598312e-01 1.687040e-01 1.118674e-01 187
0.826289 1.460066e-01 1.570801e-01 1.041461e-01 171
0.826816 1.458576e-01 1.536659e-01 9.985846e-02 171
0.827381 1.525256e-01 1.623347e-01 1.059613e-01 179
0.827952 1.378992e-01 1.467276e-01 9.513568e-02 162
0.828501 1.386091e-01 1.440997e-01 9.439015e-02 163
0.829051 1.257255e-01 1.350499e-01 8.958886e-02 148
0.829613 1.239002e-01 1.304109e-01 8.529142e-02 146
0.830187 1.322518e-01 1.395339e-01 9.457330e-02 156
0.830730 1.236483e-01 1.287968e-01 8.700265e-02 146
0.831271 1.285989e-01 1.385342e-01 9.561086e-02 152
0.831838 1.352298e-01 1.411285e-01 9.470310e-02 160
0.832423 1.553563e-01 1.661090e-01 1.132186e-01 184
0.832952 1.298945e-01 1.399974e-01 9.543251e-02 154
0.833541 1.398742e-01 1.467755e-01 9.951630e-02 166
0.834069 1.170048e-01 1.249529e-01 8.442005e-02 139
0.834637 1.437953e-01 1.492207e-01 1.014523e-01 171
0.835197 1.302088e-01 1.361102e-01 9.208962e-02 155
0.835755 1.183281e-01 1.237739e-01 8.385017e-02 141
0.836352 1.240769e-01 1.316503e-01 8.913576e-02 148
0.836884 1.273015e-01 1.334682e-01 9.014403e-02 152
0.837462 1.439061e-01 1.545574e-01 1.054417e-01 172
0.838007 1.211936e-01 1.269228e-01 8.623794e-02 145
0.838564 1.210712e-01 1.288635e-01 8.757422e-02 145
0.839134 1.117736e-01 1.167501e-01 7.844060e-02 134
0.839672 1.224936e-01 1.295585e-01 8.751726e-02 147
0.840255 1.123807e-01 1.199749e-01 8.535961e-02 135
0.840812 1.097727e-01 1.149456e-01 8.139443e-02 132
0.841356 1.138160e-01 1.211554e-01 8.520576e-02 137
0.841923 1.112116e-01 1.158001e-01 8.241226e-02 134
0.842495 1.110997e-01 1.176098e-01 8.227214e-02 134
0.843064 1.118162e-01 1.201354e-01 8.450843e-02 135
0.843632 1.083941e-01 1.177053e-01 8.325714e-02 131
0.844181 1.281237e-01 1.345773e-01 9.506187e-02 155
0.844740 1.230404e-01 1.320154e-01 9.354354e-02 149
0.845302 1.130176e-01 1.149672e-01 8.136517e-02 137
0.845867 1.351554e-01 1.389966e-01 9.934426e-02 164
0.846448 1.185541e-01 1.262593e-01 8.923476e-02 144
0.846988 9.787360e-02 1.074817e-01 7.621291e-02 119
0.847548 1.125652e-01 1.173128e-01 8.330580e-02 137
0.848109 1.132733e-01 1.189267e-01 8.367585e-02 138
0.848678 1.131599e-01 1.222018e-01 8.667385e-02 138
0.849250 1.023974e-01 1.074657e-01 7.566305e-02 125
0.849833 1.055685e-01 1.084682e-01 7.685883e-02 129
0.850405 9.974025e-02 1.049745e-01 7.593203e-02 122
0.850961 1.078079e-01 1.127763e-01 8.193067e-02 132
0.851510 1.264663e-01 1.321838e-01 9.588984e-02 155
0.852081 1.018872e-01 1.042180e-01 7.606009e-02 125
0.852660 1.058570e-01 1.132059e-01 8.156674e-02 130
0.853198 9.354943e-02 9.918910e-02 7.207442e-02 115
0.853778 1.121475e-01 1.172058e-01 8.444049e-02 138
0.854363 1.201544e-01 1.274866e-01 9.155558e-02 148
0.854922 1.062470e-01 1.107774e-01 7.982480e-02 131
0.855471 9.965944e-02 1.076541e-01 7.762980e-02 123
0.856066 1.108924e-01 1.187276e-01 8.554377e-02 137
0.856608 9.380103e-02 1.024079e-01 7.499048e-02 116
0.857191 8.643744e-02 8.994391e-02 6.449941e-02 107
0.857721 9.200081e-02 9.534114e-02 6.836127e-02 114
0.858295 1.023904e-01 1.054865e-01 7.606683e-02 127
0.858868 1.079269e-01 1.166375e-01 8.335589e-02 134
0.859453 1.037968e-01 1.104629e-01 7.982616e-02 129
0.860049 8.600970e-02 8.829762e-02 6.477086e-02 107
0.860590 1.124246e-01 1.172211e-01 8.614889e-02 140
0.861143 1.026865e-01 1.110751e-01 8.121049e-02 128
0.861725 1.089965e-01 1.117912e-01 8.193299e-02 136
0.862301 8.086588e-02 8.422924e-02 6.182960e-02 101
0.862868 9.838291e-02 9.960293e-02 7.303020e-02 123
0.863450 9.588852e-02 1.058627e-01 7.866967e-02 120
0.863996 1.021801e-01 1.073912e-01 7.830723e-02 128
0.864584 1.012818e-01 1.059973e-01 7.729079e-02 127
0.865118 9.241811e-02 9.681518e-02 7.121375e-02 116
0.865706 1.130210e-01 1.210687e-01 8.870771e-02 142
0.866316 9.541659e-02 9.760710e-02 7.179400e-02 120
0.866872 1.024718e-01 1.058935e-01 7.803197e-02 129
0.867446 9.760951e-02 1.007364e-01 7.407352e-02 123
0.867974 8.641438e-02 9.209505e-02 6.756927e-02 109
0.868575 8.078531e-02 8.561843e-02 6.264085e-02 102
0.869162 7.358480e-02 7.715574e-02 5.666967e-02 93
0.869704 8.774074e-02 9.249541e-02 6.826826e-02 111
0.870262 9.081331e-02 9.724402e-02 7.488808e-02 115
0.870850 1.041356e-01 1.082965e-01 8.289729e-02 132
0.871404 9.221145e-02 9.764786e-02 7.463069e-02 117
0.872030 8.188537e-02 8.666164e-02 6.609532e-02 104
0.872604 9.596370e-02 1.009452e-01 7.741126e-02 122
0.873162 6.522283e-02 6.753816e-02 5.173926e-02 83
0.873752 8.243003e-02 8.569008e-02 6.553136e-02 105
0.874320 8.234936e-02 8.839618e-02 6.742079e-02 105
0.874863 8.461936e-02 9.037421e-02 6.891944e-02 108
0.875405 8.062290e-02 8.208771e-02 6.333981e-02 103
0.875994 6.959638e-02 7.204468e-02 5.497144e-02 89
0.876597 8.124667e-02 8.504545e-02 6.539893e-02 104
0.877172 7.258235e-02 7.702623e-02 5.876060e-02 93
0.877722 7.952878e-02 8.192228e-02 6.230738e-02 102
0.878297 8.334589e-02 8.762177e-02 6.701085e-02 107
0.878919 6.692299e-02 7.010464e-02 5.385475e-02 86
0.879484 8.085128e-02 8.361424e-02 6.412462e-02 104
0.880045 6.912266e-02 7.261341e-02 5.593531e-02 89
0.880628 8.224574e-02 8.975752e-02 7.009239e-02 106
0.881160 7.208880e-02 7.605452e-02 5.944721e-02 93
0.881795 6.737233e-02 7.224492e-02 5.630908e-02 87
0.882349 7.581691e-02 7.987902e-02 6.257248e-02 98
0.882912 6.724147e-02 6.950117e-02 5.434272e-02 87
0.883481 8.416326e-02 8.614700e-02 6.711143e-02 109
0.884097 7.713906e-02 8.112181e-02 6.321191e-02 100
0.884637 7.783488e-02 8.102731e-02 6.329208e-02 101
0.885239 8.006910e-02 8.375249e-02 6.594234e-02 104
0.885843 7.460746e-02 7.728208e-02 6.024584e-02 97
0.886382 8.068243e-02 8.662173e-02 6.731868e-02 105
0.886987 6.832176e-02 7.112085e-02 5.543533e-02 89
0.887543 7.515790e-02 7.978103e-02 6.249106e-02 98
0.888146 7.278668e-02 8.022069e-02 6.260016e-02 95
0.888664 7.577805e-02 7.823289e-02 6.096203e-02 99
0.889291 6.194032e-02 6.626549e-02 5.149869e-02 81
0.889842 5.729675e-02 5.978973e-02 4.681322e-02 75
0.890441 8.090124e-02 8.658758e-02 6.972068e-02 106
0.891007 6.709849e-02 7.151936e-02 5.749017e-02 88
0.891620 6.703378e-02 7.057219e-02 5.672595e-02 88
0.892166 9.056057e-02 9.230499e-02 7.444816e-02 119
0.892744 5.930184e-02 6.389191e-02 5.181074e-02 78
0.893329 6.987840e-02 7.325577e-02 5.873497e-02 92
0.893936 6.070534e-02 6.142909e-02 4.939846e-02 80
0.894518 6.595354e-02 6.920887e-02 5.563306e-02 87
0.895128 6.740484e-02 6.874084e-02 5.540320e-02 89
0.895649 5.220745e-02 5.444677e-02 4.394754e-02 69
0.896217 5.896043e-02 6.288756e-02 5.056221e-02 78
0.896853 6.267969e-02 6.499587e-02 5.211235e-02 83
0.897406 5.582947e-02 6.034717e-02 4.869290e-02 74
0.897989 6.557438e-02 6.673292e-02 5.364664e-02 87
0.898574 5.346341e-02 5.462069e-02 4.379374e-02 71
0.899189 5.566902e-02 5.940166e-02 4.762702e-02 74
0.899772 6.162820e-02 6.517348e-02 5.229984e-02 82
0.900347 5.255907e-02 5.499560e-02 4.450371e-02 70
0.900908 4.950827e-02 5.179628e-02 4.191476e-02 66
0.901493 7.194314e-02 7.538128e-02 6.142990e-02 96
0.902053 6.139268e-02 6.386958e-02 5.168475e-02 82
0.902638 5.086235e-02 5.399476e-02 4.369381e-02 68
0.903250 5.529733e-02 5.932678e-02 4.800861e-02 74
0.903853 5.823073e-02 6.009866e-02 4.863324e-02 78
0.904427 6.936269e-02 7.255193e-02 5.885412e-02 93
0.905009 6.110017e-02 6.371187e-02 5.183158e-02 82
0.905629 7.593019e-02 8.103918e-02 6.572007e-02 102
0.906192 6.618968e-02 6.867199e-02 5.625364e-02 89
0.906750 5.795368e-02 6.405407e-02 5.226034e-02 78
0.907352 7.348657e-02 7.923164e-02 6.439852e-02 99
0.907926 6.155133e-02 6.466985e-02 5.246853e-02 83
0.908522 5.778840e-02 6.039623e-02 4.928581e-02 78
0.909101 6.587536e-02 6.896454e-02 5.594398e-02 89
0.909692 4.362869e-02 4.459215e-02 3.622708e-02 59
0.910272 5.984013e-02 6.290328e-02 5.283951e-02 81
0.910884 5.314073e-02 5.345724e-02 4.474038e-02 72
0.911443 5.972660e-02 6.190605e-02 5.193908e-02 81
0.912061 4.272663e-02 4.538621e-02 3.798543e-02 58
0.912655 5.446161e-02 5.813740e-02 4.877117e-02 74
0.913197 4.558677e-02 4.807099e-02 4.041404e-02 62
0.913788 5.068561e-02 5.595538e-02 4.694688e-02 69
0.914421 5.871030e-02 6.149979e-02 5.170574e-02 80
0.914997 5.058972e-02 5.127001e-02 4.302483e-02 69
0.915570 5.859928e-02 6.324649e-02 5.304176e-02 80
0.916152 4.683511e-02 4.957368e-02 4.149008e-02 64
0.916781 5.044640e-02 5.363016e-02 4.523150e-02 69
0.917344 4.455542e-02 4.657313e-02 3.910155e-02 61
0.917900 4.670255e-02 4.887359e-02 4.101963e-02 64
0.918507 4.520041e-02 5.019012e-02 4.235510e-02 62
0.919099 4.224438e-02 4.527206e-02 3.788989e-02 58
0.919717 4.584288e-02 4.820484e-02 4.045957e-02 63
0.920306 3.562198e-02 3.690260e-02 3.206282e-02 49
0.920895 4.866174e-02 5.379327e-02 4.613854e-02 67
0.921466 5.224399e-02 5.470288e-02 4.698701e-02 72
0.922032 4.132091e-02 4.469612e-02 3.822773e-02 57
0.922681 3.910932e-02 4.074319e-02 3.495163e-02 54
0.923258 4.196682e-02 4.378306e-02 3.744681e-02 58
0.923852 3.831296e-02 4.157026e-02 3.565653e-02 53
0.924445 4.261023e-02 4.493924e-02 3.843567e-02 59
0.924983 4.329176e-02 4.660221e-02 4.016209e-02 60
0.925603 5.478479e-02 5.766991e-02 4.942087e-02 76
0.926219 5.401324e-02 5.432398e-02 4.656454e-02 75
0.926815 4.748710e-02 5.040470e-02 4.311016e-02 66
0.927420 3.522255e-02 3.640905e-02 3.124191e-02 49
0.928004 3.662587e-02 3.905873e-02 3.340618e-02 51
0.928571 4.089648e-02 4.339863e-02 3.721594e-02 57
0.929174 4.300866e-02 4.418142e-02 3.800112e-02 60
0.929810 4.654914e-02 4.830883e-02 4.148384e-02 65
0.930336 4.292828e-02 4.514199e-02 3.949735e-02 60
0.930968 4.860660e-02 5.069392e-02 4.433406e-02 68
0.931541 4.499053e-02 5.007061e-02 4.379764e-02 63
0.932170 3.495998e-02 3.536508e-02 3.086619e-02 49
0.932793 4.134259e-02 4.203593e-02 3.668842e-02 58
0.933326 3.845549e-02 4.006447e-02 3.505323e-02 54
0.933952 3.201637e-02 3.388098e-02 2.957088e-02 45
0.934543 3.198654e-02 3.477574e-02 3.035181e-02 45
0.935174 3.621766e-02 3.772824e-02 3.310273e-02 51
0.935671 3.760293e-02 4.032493e-02 3.545420e-02 53
0.936336 3.898560e-02 4.044986e-02 3.530411e-02 55
0.936908 3.328399e-02 3.436991e-02 3.009358e-02 47
0.937527 3.325306e-02 3.493142e-02 3.048769e-02 47
0.938088 3.392902e-02 3.520366e-02 3.072529e-02 48
0.938740 3.813470e-02 4.010246e-02 3.517386e-02 54
0.939335 3.668822e-02 3.879430e-02 3.395751e-02 52
0.939940 3.524441e-02 3.763146e-02 3.338320e-02 50
0.940528 2.535244e-02 2.583581e-02 2.308077e-02 36
0.941158 3.236476e-02 3.357390e-02 2.999370e-02 46
0.941710 3.092892e-02 3.439814e-02 3.102211e-02 44
0.942302 3.230484e-02 3.309407e-02 2.956504e-02 46
0.942900 2.946842e-02 3.302848e-02 2.950644e-02 42
0.943519 3.294606e-02 3.652534e-02 3.270283e-02 47
0.944124 2.591227e-02 2.658300e-02 2.374828e-02 37
0.944752 3.078611e-02 3.177609e-02 2.846318e-02 44
0.945323 2.935960e-02 3.032850e-02 2.709438e-02 42
0.945923 3.561802e-02 3.879040e-02 3.465393e-02 51
0.946522 3.488739e-02 3.560725e-02 3.195519e-02 50
0.947152 3.415810e-02 3.636256e-02 3.248499e-02 49
0.947694 2.298322e-02 2.285713e-02 2.041972e-02 33
0.948339 3.200769e-02 3.449122e-02 3.081320e-02 46
0.948923 3.197820e-02 3.329504e-02 2.974457e-02 46
0.949552 2.917060e-02 3.121183e-02 2.795310e-02 42
0.950118 2.706205e-02 2.800731e-02 2.540456e-02 39
0.950720 3.327650e-02 3.446390e-02 3.130853e-02 48
0.951297 2.839754e-02 2.927527e-02 2.660547e-02 41
0.951926 2.352753e-02 2.452923e-02 2.230302e-02 34
0.952535 3.111077e-02 3.378068e-02 3.069046e-02 45
0.953126 3.039148e-02 3.362533e-02 3.048561e-02 44
0.953729 2.208261e-02 2.460134e-02 2.230422e-02 32
0.954328 2.413069e-02 2.599977e-02 2.357208e-02 35
0.954962 2.686383e-02 2.746158e-02 2.496054e-02 39
0.955544 2.615102e-02 2.886484e-02 2.629298e-02 38
0.956133 2.681461e-02 2.781510e-02 2.534332e-02 39
0.956797 1.786003e-02 1.827575e-02 1.656927e-02 26
0.957378 2.607923e-02 2.731417e-02 2.476375e-02 38
0.958002 2.742671e-02 2.884255e-02 2.614942e-02 40
0.958641 2.260634e-02 2.351722e-02 2.132133e-02 33
0.959151 2.942982e-02 2.986759e-02 2.713923e-02 43
0.959783 2.803535e-02 2.876286e-02 2.615210e-02 41
0.960369 2.459392e-02 2.506507e-02 2.317794e-02 36
0.961021 2.047622e-02 2.050575e-02 1.896189e-02 30
0.961592 1.704795e-02 1.730061e-02 1.599805e-02 25
0.962173 2.725184e-02 2.931470e-02 2.716348e-02 40
0.962777 2.654632e-02 2.832614e-02 2.619347e-02 39
0.963475 1.972158e-02 2.077467e-02 1.921056e-02 29
0.964070 2.106249e-02 2.142246e-02 1.980958e-02 31
0.964669 2.443740e-02 2.442190e-02 2.258319e-02 36
0.965268 2.102417e-02 2.213635e-02 2.046972e-02 31
0.965864 1.490681e-02 1.515441e-02 1.401344e-02 22
0.966453 2.166291e-02 2.416067e-02 2.239003e-02 32
0.967049 2.502498e-02 2.764461e-02 2.566130e-02 37
0.967705 2.094783e-02 2.129110e-02 1.968810e-02 31
0.968351 1.282734e-02 1.305459e-02 1.207172e-02 19
0.968948 1.888629e-02 1.920264e-02 1.775688e-02 28
0.969486 2.358645e-02 2.612512e-02 2.425815e-02 35
0.970145 2.491163e-02 2.549595e-02 2.369764e-02 37
0.970731 1.748961e-02 1.804878e-02 1.678903e-02 26
0.971326 1.411343e-02 1.452981e-02 1.356070e-02 21
0.972004 2.148670e-02 2.331896e-02 2.169137e-02 32
0.972584 2.347981e-02 2.575190e-02 2.404328e-02 35
0.973215 1.742636e-02 1.790175e-02 1.665227e-02 26
0.973779 2.343735e-02 2.365032e-02 2.199960e-02 35
0.974384 1.806390e-02 1.852007e-02 1.732265e-02 27
0.974909 1.403701e-02 1.405514e-02 1.307413e-02 21
0.975640 2.938432e-02 3.160617e-02 2.944732e-02 44
0.976223 2.135113e-02 2.249714e-02 2.097662e-02 32
0.976868 2.133186e-02 2.285135e-02 2.125640e-02 32
0.977447 1.731651e-02 1.903266e-02 1.770424e-02 26
0.978106 1.131213e-02 1.135645e-02 1.056381e-02 17
0.978753 1.662049e-02 1.678545e-02 1.561388e-02 25
0.979350 1.859819e-02 1.955107e-02 1.818647e-02 28
0.979941 2.123594e-02 2.347048e-02 2.193959e-02 32
0.980474 1.193447e-02 1.215163e-02 1.143145e-02 18
0.981093 1.391102e-02 1.636048e-02 1.539087e-02 21
0.981739 1.720769e-02 1.803270e-02 1.696398e-02 26
0.982317 1.983719e-02 2.011962e-02 1.892722e-02 30
0.982958 1.189162e-02 1.172552e-02 1.103060e-02 18
0.983673 1.716137e-02 1.757560e-02 1.653397e-02 26
0.984241 1.516759e-02 1.521286e-02 1.434833e-02 23
0.984903 1.317738e-02 1.422110e-02 1.337827e-02 20
0.985417 2.303973e-02 2.586117e-02 2.432849e-02 35
0.986088 1.446914e-02 1.520708e-02 1.430582e-02 22
0.986695 2.037007e-02 2.173831e-02 2.048705e-02 31
0.987355 1.247370e-02 1.228862e-02 1.156033e-02 19
0.987988 1.574216e-02 1.657131e-02 1.558920e-02 24
0.988523 1.638341e-02 1.688914e-02 1.588819e-02 25
0.989181 1.047601e-02 1.053909e-02 9.914480e-03 16
0.989737 1.962496e-02 2.115565e-02 1.990699e-02 30
0.990438 1.176446e-02 1.275204e-02 1.209384e-02 18
0.991039 1.697793e-02 1.791097e-02 1.701772e-02 26
0.991667 1.565795e-02 1.576428e-02 1.498249e-02 24
0.992230 1.499215e-02 1.506250e-02 1.431640e-02 23
0.992889 1.302502e-02 1.421634e-02 1.351419e-02 20
0.993519 1.301341e-02 1.322233e-02 1.260256e-02 20
0.994096 1.105155e-02 1.115122e-02 1.060849e-02 17
0.994689 1.688731e-02 1.804582e-02 1.714503e-02 26
0.995413 1.557441e-02 1.606324e-02 1.529580e-02 24
0.995971 1.296713e-02 1.384079e-02 1.315791e-02 20
0.996600 1.425116e-02 1.637412e-02 1.558879e-02 22
0.997213 1.812171e-02 1.884622e-02 1.805515e-02 28
0.997775 1.357921e-02 1.430853e-02 1.362943e-02 21
0.998517 1.292109e-02 1.451174e-02 1.382394e-02 20
0.999053 2.388280e-02 2.541816e-02 2.425734e-02 37
0.999679 1.547780e-02 1.610462e-02 1.530478e-02 24
