#Interval: 1.000000 Mpc/h, Area= 1.000000 deg^2
# z <nobs> <wc nobs> <wc wfkp nobs> N_objects
0.600225 1.472678e+00 1.567849e+00 4.471606e-01 1112
0.600663 1.432449e+00 1.518587e+00 4.390226e-01 1083
0.601107 1.457050e+00 1.532616e+00 4.427941e-01 1103
0.601550 1.315354e+00 1.405848e+00 4.065398e-01 997
0.601998 1.353215e+00 1.433241e+00 4.138371e-01 1027
0.602438 1.351499e+00 1.438008e+00 4.163857e-01 1027
0.602883 1.456246e+00 1.546688e+00 4.488356e-01 1108
0.603327 1.319200e+00 1.380568e+00 4.024375e-01 1005
0.603772 1.333263e+00 1.405407e+00 4.081131e-01 1017
0.604212 1.412755e+00 1.507301e+00 4.376879e-01 1079
0.604649 1.456738e+00 1.560238e+00 4.562819e-01 1114
0.605101 1.414412e+00 1.494498e+00 4.379802e-01 1083
0.605549 1.381323e+00 1.452918e+00 4.240200e-01 1059
0.605983 1.490312e+00 1.576477e+00 4.640343e-01 1144
0.606428 1.341412e+00 1.423939e+00 4.178438e-01 1031
0.606872 1.270852e+00 1.347389e+00 3.997516e-01 978
0.607317 1.375672e+00 1.480635e+00 4.370924e-01 1060
0.607757 1.322095e+00 1.389129e+00 4.157513e-01 1020
0.608200 1.236287e+00 1.307789e+00 3.911568e-01 955
0.608647 1.294208e+00 1.376889e+00 4.109885e-01 1001
0.609088 1.279670e+00 1.351410e+00 4.028448e-01 991
0.609535 1.262588e+00 1.322751e+00 3.964058e-01 979
0.609981 1.217211e+00 1.289131e+00 3.901372e-01 945
0.610430 1.375204e+00 1.457098e+00 4.503132e-01 1069
0.610875 1.327228e+00 1.401413e+00 4.314368e-01 1033
0.611315 1.308885e+00 1.402741e+00 4.299649e-01 1020
0.611762 1.299558e+00 1.366252e+00 4.210314e-01 1014
0.612201 1.212172e+00 1.299062e+00 4.004764e-01 947
0.612648 1.256681e+00 1.353617e+00 4.155403e-01 983
0.613100 1.206593e+00 1.294324e+00 3.970424e-01 945
0.613551 1.222940e+00 1.288431e+00 3.972324e-01 959
0.613995 1.276181e+00 1.375878e+00 4.255571e-01 1002
0.614435 1.261870e+00 1.343138e+00 4.151877e-01 992
0.614879 1.248865e+00 1.331880e+00 4.158721e-01 983
0.615325 1.163564e+00 1.248568e+00 3.886849e-01 917
0.615775 1.205205e+00 1.262401e+00 3.904290e-01 951
0.616224 1.302434e+00 1.397706e+00 4.343493e-01 1029
0.616667 1.243928e+00 1.325740e+00 4.181957e-01 984
0.617114 1.199456e+00 1.281556e+00 3.988671e-01 950
0.617562 1.189141e+00 1.272878e+00 4.025164e-01 943
0.618007 1.275828e+00 1.373442e+00 4.377971e-01 1013
0.618451 1.193742e+00 1.230102e+00 3.864247e-01 949
0.618906 1.131959e+00 1.196663e+00 3.798943e-01 901
0.619343 1.213373e+00 1.295634e+00 4.103421e-01 967
0.619792 1.205606e+00 1.273925e+00 4.064233e-01 962
0.620247 1.177831e+00 1.239711e+00 4.093208e-01 941
0.620695 1.133871e+00 1.211207e+00 4.038864e-01 907
0.621132 1.147454e+00 1.191825e+00 3.962329e-01 919
0.621581 1.203402e+00 1.269035e+00 4.239234e-01 965
0.622027 1.129679e+00 1.209501e+00 4.083021e-01 907
0.622473 1.164362e+00 1.242396e+00 4.187861e-01 936
0.622916 1.181564e+00 1.274343e+00 4.308118e-01 951
0.623375 1.096969e+00 1.171900e+00 3.970016e-01 884
0.623819 1.052241e+00 1.100470e+00 3.743881e-01 849
0.624275 1.039806e+00 1.106679e+00 3.770259e-01 840
0.624720 1.044711e+00 1.098350e+00 3.722781e-01 845
0.625166 1.045897e+00 1.107061e+00 3.813316e-01 847
0.625608 1.056947e+00 1.121353e+00 3.847619e-01 857
0.626058 1.015002e+00 1.062696e+00 3.675390e-01 824
0.626509 1.014988e+00 1.076274e+00 3.743754e-01 825
0.626947 1.001457e+00 1.055282e+00 3.632566e-01 815
0.627406 1.000231e+00 1.071395e+00 3.726963e-01 815
0.627857 1.045587e+00 1.106437e+00 3.823424e-01 853
0.628303 1.059000e+00 1.121988e+00 3.919735e-01 865
0.628751 9.782250e-01 1.044157e+00 3.655901e-01 800
0.629195 1.042980e+00 1.106813e+00 3.891420e-01 854
0.629656 1.057565e+00 1.110629e+00 3.891862e-01 867
0.630099 1.079423e+00 1.136002e+00 3.986100e-01 886
0.630542 1.035518e+00 1.090667e+00 3.842281e-01 851
0.631001 1.009950e+00 1.077872e+00 3.864375e-01 831
0.631461 1.049992e+00 1.119322e+00 3.974992e-01 865
0.631905 1.000219e+00 1.043583e+00 3.760633e-01 825
0.632347 1.048650e+00 1.104966e+00 3.931277e-01 866
0.632800 9.893223e-01 1.037092e+00 3.725233e-01 818
0.633247 1.032816e+00 1.119171e+00 3.954736e-01 855
0.633702 1.018291e+00 1.072164e+00 3.813685e-01 844
0.634148 1.005005e+00 1.060278e+00 3.800534e-01 834
0.634605 1.000176e+00 1.051127e+00 3.770095e-01 831
0.635046 1.006177e+00 1.049933e+00 3.794079e-01 837
0.635502 9.845475e-01 1.057757e+00 3.846588e-01 820
0.635953 9.317899e-01 1.007152e+00 3.672656e-01 777
0.636404 9.474318e-01 1.007402e+00 3.656907e-01 791
0.636851 1.022851e+00 1.081993e+00 3.964639e-01 855
0.637302 9.260258e-01 9.698167e-01 3.543625e-01 775
0.637746 9.595174e-01 1.010051e+00 3.710148e-01 804
0.638207 8.916084e-01 9.533202e-01 3.510184e-01 748
0.638658 9.405367e-01 9.988821e-01 3.674941e-01 790
0.639100 8.870822e-01 9.319574e-01 3.445749e-01 746
0.639556 9.501490e-01 9.992445e-01 3.710288e-01 800
0.640016 9.881520e-01 1.051121e+00 3.952473e-01 833
0.640456 9.514185e-01 1.017459e+00 3.882922e-01 803
0.640913 9.597421e-01 1.033841e+00 3.921776e-01 811
0.641365 8.746683e-01 9.353514e-01 3.548662e-01 740
0.641811 8.960489e-01 9.561918e-01 3.642025e-01 759
0.642275 8.949738e-01 9.780217e-01 3.711932e-01 759
0.642724 8.397248e-01 9.027779e-01 3.413683e-01 713
0.643169 8.963582e-01 9.498536e-01 3.608687e-01 762
0.643620 8.976345e-01 9.792684e-01 3.791884e-01 764
0.644075 8.625283e-01 9.017733e-01 3.400678e-01 735
0.644532 8.732175e-01 9.341958e-01 3.514393e-01 745
0.644984 8.323696e-01 8.783267e-01 3.361100e-01 711
0.645438 9.483054e-01 1.010993e+00 3.844770e-01 811
0.645885 9.039604e-01 9.723585e-01 3.756804e-01 774
0.646339 8.632201e-01 9.031957e-01 3.483014e-01 740
0.646790 8.656859e-01 9.142585e-01 3.512926e-01 743
0.647243 8.681452e-01 9.227873e-01 3.569739e-01 746
0.647692 8.938449e-01 9.361629e-01 3.660649e-01 769
0.648162 8.544690e-01 9.208582e-01 3.535874e-01 736
0.648615 8.720055e-01 9.160085e-01 3.544154e-01 752
0.649053 8.061092e-01 8.509965e-01 3.310108e-01 696
0.649517 7.727600e-01 8.121866e-01 3.186702e-01 668
0.649966 7.822412e-01 8.253577e-01 3.272514e-01 677
0.650414 8.043943e-01 8.521467e-01 3.422905e-01 697
0.650879 7.976764e-01 8.495481e-01 3.461557e-01 692
0.651328 8.186062e-01 8.761714e-01 3.579801e-01 711
0.651786 8.210862e-01 8.739690e-01 3.569478e-01 714
0.652236 7.707232e-01 8.110316e-01 3.271225e-01 671
0.652688 7.537494e-01 8.007603e-01 3.302067e-01 657
0.653145 7.734840e-01 8.143179e-01 3.379217e-01 675
0.653602 8.069061e-01 8.661308e-01 3.576915e-01 705
0.654059 7.830888e-01 8.384881e-01 3.473841e-01 685
0.654503 8.141359e-01 8.747916e-01 3.617611e-01 713
0.654959 7.219353e-01 7.630250e-01 3.111419e-01 633
0.655428 7.541193e-01 7.859531e-01 3.240105e-01 662
0.655876 7.520927e-01 7.774193e-01 3.244810e-01 661
0.656324 8.000749e-01 8.524547e-01 3.551619e-01 704
0.656784 7.003765e-01 7.317991e-01 3.079424e-01 617
0.657236 7.789182e-01 8.339830e-01 3.481909e-01 687
0.657700 7.610154e-01 8.116239e-01 3.401574e-01 672
0.658146 7.442852e-01 7.912942e-01 3.322260e-01 658
0.658606 7.004784e-01 7.406748e-01 3.073406e-01 620
0.659063 7.244827e-01 7.987825e-01 3.306608e-01 642
0.659519 7.518116e-01 8.052969e-01 3.360387e-01 667
0.659972 7.306652e-01 7.657374e-01 3.155829e-01 649
0.660432 7.849102e-01 8.309317e-01 3.516758e-01 698
0.660894 6.795337e-01 7.151809e-01 3.041690e-01 605
0.661350 7.337106e-01 7.828810e-01 3.316879e-01 654
0.661799 7.115616e-01 7.584830e-01 3.250811e-01 635
0.662253 7.252801e-01 7.705079e-01 3.281547e-01 648
0.662706 7.210789e-01 7.834562e-01 3.344021e-01 645
0.663176 7.604362e-01 8.058959e-01 3.432990e-01 681
0.663634 7.472800e-01 7.893268e-01 3.375042e-01 670
0.664082 6.806799e-01 7.474370e-01 3.218576e-01 611
0.664536 6.832248e-01 7.221667e-01 3.175121e-01 614
0.664993 6.968777e-01 7.427509e-01 3.207689e-01 627
0.665454 6.449993e-01 6.893630e-01 3.013256e-01 581
0.665919 6.808412e-01 7.112550e-01 3.152202e-01 614
0.666369 6.390693e-01 6.886730e-01 2.969644e-01 577
0.666835 6.726213e-01 7.124973e-01 3.101679e-01 608
0.667278 7.049901e-01 7.404602e-01 3.119521e-01 638
0.667748 6.534007e-01 6.879367e-01 3.031857e-01 592
0.668193 7.099693e-01 7.531086e-01 3.332241e-01 644
0.668657 6.584928e-01 6.940762e-01 3.088066e-01 598
0.669117 5.928366e-01 6.393474e-01 2.813650e-01 539
0.669577 6.888275e-01 7.326162e-01 3.191722e-01 627
0.670032 6.331634e-01 6.687007e-01 2.984544e-01 577
0.670490 6.379112e-01 6.630478e-01 3.055024e-01 582
0.670947 6.240361e-01 6.609458e-01 3.034450e-01 570
0.671402 6.736176e-01 7.164026e-01 3.280143e-01 616
0.671861 5.898270e-01 6.211423e-01 2.857624e-01 540
0.672327 6.000564e-01 6.274923e-01 2.875884e-01 550
0.672776 6.135310e-01 6.468825e-01 2.962419e-01 563
0.673249 5.638413e-01 5.907929e-01 2.737060e-01 518
0.673701 6.045069e-01 6.275390e-01 2.806732e-01 556
0.674162 6.048968e-01 6.325525e-01 2.895215e-01 557
0.674619 6.204717e-01 6.553812e-01 3.014809e-01 572
0.675078 6.024222e-01 6.426304e-01 2.955714e-01 556
0.675535 6.060587e-01 6.387275e-01 2.900105e-01 560
0.676005 5.804993e-01 6.126306e-01 2.777945e-01 537
0.676468 5.787530e-01 6.076973e-01 2.813860e-01 536
0.676921 5.985808e-01 6.366275e-01 2.921890e-01 555
0.677374 6.323674e-01 6.702455e-01 3.085669e-01 587
0.677841 5.993610e-01 6.378571e-01 2.875914e-01 557
0.678293 6.577895e-01 7.041391e-01 3.256718e-01 612
0.678765 5.775908e-01 6.041038e-01 2.792749e-01 538
0.679220 6.048112e-01 6.387304e-01 2.916076e-01 564
0.679673 5.976928e-01 6.276867e-01 2.888228e-01 558
0.680141 5.531433e-01 5.795385e-01 2.686669e-01 517
0.680611 5.749539e-01 6.044305e-01 2.843683e-01 538
0.681048 5.913770e-01 6.303061e-01 2.976732e-01 554
0.681524 5.480522e-01 5.825415e-01 2.798843e-01 514
0.681978 5.570125e-01 6.004726e-01 2.804810e-01 523
0.682440 5.489310e-01 5.849507e-01 2.803667e-01 516
0.682913 5.429927e-01 5.873780e-01 2.800716e-01 511
0.683367 5.805849e-01 6.358765e-01 2.984950e-01 547
0.683824 5.640214e-01 5.948014e-01 2.781719e-01 532
0.684290 5.178437e-01 5.407835e-01 2.534027e-01 489
0.684747 5.183130e-01 5.522579e-01 2.663538e-01 490
0.685216 5.832322e-01 6.109760e-01 2.898903e-01 552
0.685664 5.656841e-01 5.974553e-01 2.835055e-01 536
0.686134 5.281459e-01 5.620758e-01 2.670955e-01 501
0.686594 5.759844e-01 6.039091e-01 2.857130e-01 547
0.687065 4.659451e-01 5.095238e-01 2.395907e-01 443
0.687528 5.568198e-01 6.026143e-01 2.880401e-01 530
0.687990 5.026694e-01 5.572235e-01 2.719966e-01 479
0.688445 5.230653e-01 5.593118e-01 2.640601e-01 499
0.688912 5.371324e-01 5.751307e-01 2.772805e-01 513
0.689366 4.936452e-01 5.281280e-01 2.530081e-01 472
0.689840 4.962217e-01 5.302196e-01 2.556231e-01 475
0.690290 5.165316e-01 5.376856e-01 2.666061e-01 495
0.690750 4.544519e-01 4.741894e-01 2.378624e-01 436
0.691221 5.112025e-01 5.391482e-01 2.671111e-01 491
0.691684 4.773474e-01 5.001762e-01 2.454244e-01 459
0.692148 5.266722e-01 5.460228e-01 2.722577e-01 507
0.692617 5.042891e-01 5.348433e-01 2.720827e-01 486
0.693071 5.358522e-01 5.672371e-01 2.851270e-01 517
0.693542 5.135085e-01 5.474737e-01 2.759250e-01 496
0.694002 4.819073e-01 5.074790e-01 2.576198e-01 466
0.694460 4.916959e-01 5.186508e-01 2.605603e-01 476
0.694935 4.766986e-01 5.010641e-01 2.578675e-01 462
0.695395 4.689492e-01 4.991851e-01 2.516190e-01 455
0.695873 4.715119e-01 4.997670e-01 2.500559e-01 458
0.696325 4.617284e-01 4.967003e-01 2.605473e-01 449
0.696794 4.406674e-01 4.735161e-01 2.419718e-01 429
0.697257 4.463304e-01 4.728028e-01 2.406838e-01 435
0.697725 4.499307e-01 4.736650e-01 2.381883e-01 439
0.698171 4.719503e-01 5.070931e-01 2.600318e-01 461
0.698655 4.438125e-01 4.724438e-01 2.386481e-01 434
0.699112 4.586388e-01 4.811446e-01 2.363003e-01 449
0.699571 4.397610e-01 4.673731e-01 2.357094e-01 431
0.700056 4.158291e-01 4.314541e-01 2.197539e-01 408
0.700493 4.499792e-01 4.800535e-01 2.464334e-01 442
0.700966 4.657485e-01 5.015763e-01 2.602808e-01 458
0.701443 4.266300e-01 4.519726e-01 2.339142e-01 420
0.701909 4.383310e-01 4.681524e-01 2.427384e-01 432
0.702376 4.540598e-01 4.767703e-01 2.511752e-01 448
0.702834 4.120465e-01 4.369276e-01 2.237023e-01 407
0.703310 4.237240e-01 4.503900e-01 2.271890e-01 419
0.703761 4.545681e-01 4.825196e-01 2.428988e-01 450
0.704227 4.439732e-01 4.692375e-01 2.411804e-01 440
0.704712 4.102196e-01 4.326206e-01 2.198932e-01 407
0.705165 4.137920e-01 4.372742e-01 2.200219e-01 411
0.705640 4.475265e-01 4.753818e-01 2.472481e-01 445
0.706087 4.118711e-01 4.396049e-01 2.258173e-01 410
0.706564 4.314842e-01 4.524610e-01 2.343685e-01 430
0.707024 4.370209e-01 4.711113e-01 2.509999e-01 436
0.707500 4.135093e-01 4.378283e-01 2.207700e-01 413
0.707965 4.030511e-01 4.255042e-01 2.239344e-01 403
0.708429 4.076011e-01 4.365340e-01 2.240895e-01 408
0.708915 4.081491e-01 4.496399e-01 2.325119e-01 409
0.709367 4.076988e-01 4.410568e-01 2.265602e-01 409
0.709833 4.032663e-01 4.199154e-01 2.194696e-01 405
0.710311 3.789510e-01 4.088437e-01 2.179837e-01 381
0.710784 4.113200e-01 4.369552e-01 2.375604e-01 414
0.711238 4.049126e-01 4.240628e-01 2.217905e-01 408
0.711701 3.876143e-01 4.068631e-01 2.181517e-01 391
0.712167 4.307591e-01 4.543066e-01 2.424405e-01 435
0.712640 3.689577e-01 3.864423e-01 2.059927e-01 373
0.713116 4.219085e-01 4.514042e-01 2.420766e-01 427
0.713575 3.888746e-01 4.005503e-01 2.106788e-01 394
0.714053 3.864761e-01 4.077940e-01 2.135783e-01 392
0.714529 3.466592e-01 3.609334e-01 1.927638e-01 352
0.714997 3.511980e-01 3.792155e-01 2.056728e-01 357
0.715458 3.881548e-01 4.020975e-01 2.168014e-01 395
0.715921 4.004906e-01 4.186626e-01 2.207607e-01 408
0.716380 3.588705e-01 3.867287e-01 2.049615e-01 366
0.716874 3.829643e-01 3.980813e-01 2.098809e-01 391
0.717319 3.756970e-01 3.966595e-01 2.113433e-01 384
0.717803 3.723547e-01 3.979532e-01 2.119921e-01 381
0.718273 3.787819e-01 4.132509e-01 2.209213e-01 388
0.718730 3.812941e-01 3.987889e-01 2.172853e-01 391
0.719216 3.302243e-01 3.509390e-01 1.898370e-01 339
0.719673 3.483524e-01 3.641211e-01 1.888797e-01 358
0.720148 3.829645e-01 4.087972e-01 2.229050e-01 394
0.720617 3.310881e-01 3.521947e-01 1.934729e-01 341
0.721077 3.375169e-01 3.637980e-01 2.022809e-01 348
0.721564 3.478069e-01 3.638859e-01 2.009633e-01 359
0.722024 3.551709e-01 3.709250e-01 2.008302e-01 367
0.722493 3.180498e-01 3.389454e-01 1.864325e-01 329
0.722969 3.254298e-01 3.429508e-01 1.872148e-01 337
0.723442 3.713783e-01 3.997154e-01 2.210141e-01 385
0.723902 3.411047e-01 3.688495e-01 2.064287e-01 354
0.724388 3.397724e-01 3.574596e-01 1.944522e-01 353
0.724843 3.134442e-01 3.280013e-01 1.791096e-01 326
0.725326 3.294323e-01 3.527380e-01 1.943118e-01 343
0.725799 3.367509e-01 3.524765e-01 1.944623e-01 351
0.726276 3.383034e-01 3.699753e-01 2.040728e-01 353
0.726733 3.101750e-01 3.264464e-01 1.809050e-01 324
0.727208 3.021895e-01 3.166324e-01 1.749317e-01 316
0.727663 3.190579e-01 3.380632e-01 1.840277e-01 334
0.728148 3.215762e-01 3.485638e-01 1.923743e-01 337
0.728624 3.221824e-01 3.409744e-01 1.899206e-01 338
0.729098 3.304046e-01 3.549817e-01 1.963351e-01 347
0.729559 3.176836e-01 3.327274e-01 1.747742e-01 334
0.730039 3.287429e-01 3.503088e-01 1.968575e-01 346
0.730500 3.397782e-01 3.685943e-01 2.078486e-01 358
0.730993 3.109703e-01 3.260107e-01 1.811801e-01 328
0.731456 3.257888e-01 3.487777e-01 1.928145e-01 344
0.731920 2.932732e-01 3.056153e-01 1.694652e-01 310
0.732393 3.033535e-01 3.303309e-01 1.860006e-01 321
0.732860 3.200200e-01 3.289887e-01 1.788110e-01 339
0.733340 2.904436e-01 3.131177e-01 1.730207e-01 308
0.733824 3.438254e-01 3.611848e-01 1.971719e-01 365
0.734286 3.095817e-01 3.234983e-01 1.780996e-01 329
0.734772 3.299293e-01 3.550375e-01 1.954528e-01 351
0.735224 2.976513e-01 3.110581e-01 1.748791e-01 317
0.735706 2.982707e-01 3.050096e-01 1.710280e-01 318
0.736180 3.166908e-01 3.312368e-01 1.823186e-01 338
0.736660 2.854658e-01 3.024887e-01 1.656996e-01 305
0.737138 2.636568e-01 2.841183e-01 1.582597e-01 282
0.737618 3.007335e-01 3.249384e-01 1.813599e-01 322
0.738093 2.976136e-01 3.273144e-01 1.828265e-01 319
0.738542 2.945002e-01 3.055157e-01 1.694777e-01 316
0.739023 2.886004e-01 3.008186e-01 1.672558e-01 310
0.739503 2.678334e-01 2.795800e-01 1.548324e-01 288
0.739987 2.954177e-01 3.199035e-01 1.833937e-01 318
0.740438 2.997433e-01 3.137344e-01 1.746759e-01 323
0.740915 3.049864e-01 3.184649e-01 1.790189e-01 329
0.741385 2.824375e-01 2.922770e-01 1.643662e-01 305
0.741880 2.858375e-01 3.040466e-01 1.733661e-01 309
0.742338 2.744452e-01 2.852643e-01 1.621317e-01 297
0.742820 2.760000e-01 2.904657e-01 1.696005e-01 299
0.743304 2.572652e-01 2.760692e-01 1.563657e-01 279
0.743759 2.763358e-01 2.944775e-01 1.618161e-01 300
0.744256 2.640811e-01 2.822437e-01 1.603312e-01 287
0.744719 2.775888e-01 2.941960e-01 1.597869e-01 302
0.745204 2.772949e-01 2.935446e-01 1.657341e-01 302
0.745676 2.788359e-01 2.983499e-01 1.693252e-01 304
0.746157 2.684622e-01 2.821047e-01 1.592859e-01 293
0.746622 2.388892e-01 2.577808e-01 1.435404e-01 261
0.747108 2.541802e-01 2.697717e-01 1.530776e-01 278
0.747586 2.648720e-01 2.749327e-01 1.550069e-01 290
0.748048 2.828402e-01 3.062133e-01 1.708521e-01 310
0.748528 2.634019e-01 2.826272e-01 1.573764e-01 289
0.748998 2.558404e-01 2.728097e-01 1.575296e-01 281
0.749488 2.646659e-01 2.855887e-01 1.617785e-01 291
0.749973 2.244110e-01 2.360975e-01 1.377737e-01 247
0.750429 2.341583e-01 2.556709e-01 1.517279e-01 258
0.750909 2.420716e-01 2.582198e-01 1.489017e-01 267
0.751394 2.662705e-01 2.795896e-01 1.587600e-01 294
0.751879 2.623717e-01 2.844444e-01 1.633389e-01 290
0.752343 2.693263e-01 2.875306e-01 1.650901e-01 298
0.752843 2.500841e-01 2.618782e-01 1.545279e-01 277
0.753293 2.146482e-01 2.284751e-01 1.332356e-01 238
0.753790 2.693802e-01 2.879568e-01 1.637420e-01 299
0.754247 2.330981e-01 2.475088e-01 1.422460e-01 259
0.754746 2.301568e-01 2.394979e-01 1.396012e-01 256
0.755200 2.442855e-01 2.638884e-01 1.503072e-01 272
0.755705 2.574873e-01 2.692198e-01 1.531958e-01 287
0.756170 2.428783e-01 2.558773e-01 1.440384e-01 271
0.756647 2.247185e-01 2.415519e-01 1.367235e-01 251
0.757133 2.495256e-01 2.672510e-01 1.503285e-01 279
0.757618 2.331834e-01 2.470981e-01 1.403982e-01 261
0.758093 2.400799e-01 2.514857e-01 1.455270e-01 269
0.758558 2.371547e-01 2.522433e-01 1.422495e-01 266
0.759056 2.493762e-01 2.612107e-01 1.490617e-01 280
0.759524 2.322120e-01 2.458486e-01 1.397337e-01 261
0.759988 2.053068e-01 2.191018e-01 1.287016e-01 231
0.760474 2.326164e-01 2.456538e-01 1.421509e-01 262
0.760963 2.306004e-01 2.462053e-01 1.413412e-01 260
0.761449 2.294746e-01 2.465845e-01 1.490952e-01 259
0.761926 2.062239e-01 2.186415e-01 1.230384e-01 233
0.762402 2.289978e-01 2.543975e-01 1.501991e-01 259
0.762875 2.305265e-01 2.482821e-01 1.463904e-01 261
0.763377 2.249933e-01 2.363375e-01 1.381893e-01 255
0.763829 2.326926e-01 2.495102e-01 1.438839e-01 264
0.764325 2.342123e-01 2.477416e-01 1.412947e-01 266
0.764804 2.181370e-01 2.341506e-01 1.359344e-01 248
0.765282 2.205471e-01 2.308438e-01 1.346546e-01 251
0.765758 2.141744e-01 2.247422e-01 1.310658e-01 244
0.766248 2.060611e-01 2.120476e-01 1.217819e-01 235
0.766715 2.443897e-01 2.615664e-01 1.526400e-01 279
0.767201 2.100104e-01 2.169157e-01 1.256192e-01 240
0.767687 1.984296e-01 2.103843e-01 1.240294e-01 227
0.768171 2.314077e-01 2.452886e-01 1.394065e-01 265
0.768639 2.364029e-01 2.566423e-01 1.526847e-01 271
0.769120 2.135017e-01 2.256536e-01 1.312166e-01 245
0.769599 2.228575e-01 2.316842e-01 1.368101e-01 256
0.770089 1.991476e-01 2.116086e-01 1.229795e-01 229
0.770564 2.241360e-01 2.353857e-01 1.390385e-01 258
0.771054 2.230375e-01 2.409172e-01 1.395148e-01 257
0.771533 1.933314e-01 1.998749e-01 1.147115e-01 223
0.772015 2.217128e-01 2.339256e-01 1.342672e-01 256
0.772491 2.050466e-01 2.179353e-01 1.298622e-01 237
0.772984 2.013788e-01 2.183205e-01 1.291540e-01 233
0.773464 2.020354e-01 2.162286e-01 1.255727e-01 234
0.773947 2.268409e-01 2.433517e-01 1.445722e-01 263
0.774439 1.947280e-01 2.104892e-01 1.233934e-01 226
0.774897 1.988321e-01 2.059118e-01 1.145939e-01 231
0.775403 2.098066e-01 2.252974e-01 1.331164e-01 244
0.775869 1.803863e-01 1.936679e-01 1.118550e-01 210
0.776355 2.025123e-01 2.150309e-01 1.268798e-01 236
0.776843 2.005907e-01 2.083847e-01 1.193390e-01 234
0.777333 2.157999e-01 2.268444e-01 1.320865e-01 252
0.777796 1.864932e-01 2.023180e-01 1.159772e-01 218
0.778298 1.897211e-01 2.001732e-01 1.174658e-01 222
0.778787 1.750140e-01 1.842886e-01 1.030648e-01 205
0.779261 1.850697e-01 1.939085e-01 1.136558e-01 217
0.779752 1.985127e-01 2.064009e-01 1.201359e-01 233
0.780223 1.906503e-01 2.067203e-01 1.238741e-01 224
0.780713 2.185143e-01 2.303219e-01 1.346397e-01 257
0.781179 1.715756e-01 1.834373e-01 1.105501e-01 202
0.781684 1.629157e-01 1.724632e-01 1.015437e-01 192
0.782159 1.805508e-01 1.847694e-01 1.101978e-01 213
0.782629 1.625845e-01 1.754318e-01 1.055990e-01 192
0.783142 1.835676e-01 1.955872e-01 1.170192e-01 217
0.783632 1.901417e-01 1.992076e-01 1.195407e-01 225
0.784081 1.578685e-01 1.696630e-01 9.780889e-02 187
0.784604 1.551782e-01 1.617148e-01 9.420227e-02 184
0.785078 1.550208e-01 1.678489e-01 1.051774e-01 184
0.785546 2.045210e-01 2.120605e-01 1.256642e-01 243
0.786062 1.858162e-01 1.968771e-01 1.170475e-01 221
0.786517 1.814283e-01 1.947544e-01 1.130442e-01 216
0.787042 1.862792e-01 1.998456e-01 1.168549e-01 222
0.787507 1.693258e-01 1.837977e-01 1.113211e-01 202
0.787967 1.708294e-01 1.814558e-01 1.104178e-01 204
0.788469 1.815319e-01 1.884873e-01 1.142541e-01 217
0.788958 1.788414e-01 1.926652e-01 1.141784e-01 214
0.789449 1.936884e-01 2.002695e-01 1.197304e-01 232
0.789920 1.759785e-01 1.966236e-01 1.174070e-01 211
0.790428 1.524719e-01 1.617967e-01 9.955540e-02 183
0.790902 1.498212e-01 1.624897e-01 9.845224e-02 180
0.791387 1.613113e-01 1.700725e-01 1.033419e-01 194
0.791864 1.545035e-01 1.601966e-01 9.634969e-02 186
0.792368 1.742638e-01 1.882631e-01 1.155572e-01 210
0.792868 1.616536e-01 1.720580e-01 1.059113e-01 195
0.793350 1.871640e-01 1.937533e-01 1.170492e-01 226
0.793819 1.671200e-01 1.782186e-01 1.087975e-01 202
0.794321 1.586872e-01 1.701760e-01 1.037917e-01 192
0.794799 1.543995e-01 1.620003e-01 9.641235e-02 187
0.795293 1.624929e-01 1.730376e-01 1.066592e-01 197
0.795772 1.639779e-01 1.717123e-01 1.059720e-01 199
0.796258 1.415876e-01 1.460397e-01 9.120205e-02 172
0.796752 1.488469e-01 1.620079e-01 9.640300e-02 181
0.797246 1.413040e-01 1.476057e-01 9.098871e-02 172
0.797718 1.641425e-01 1.801852e-01 1.082596e-01 200
0.798218 1.770965e-01 1.850730e-01 1.110780e-01 216
0.798725 1.711859e-01 1.816847e-01 1.098279e-01 209
0.799181 1.751061e-01 1.891361e-01 1.142973e-01 214
0.799685 1.471383e-01 1.550998e-01 9.503541e-02 180
0.800154 1.821060e-01 1.987552e-01 1.209213e-01 223
0.800655 1.313444e-01 1.385297e-01 8.619218e-02 161
0.801169 1.475132e-01 1.534861e-01 9.463902e-02 181
0.801653 1.449236e-01 1.509662e-01 9.413584e-02 178
0.802110 1.529128e-01 1.634674e-01 1.019839e-01 188
0.802602 1.673865e-01 1.784196e-01 1.107560e-01 206
0.803115 1.355617e-01 1.404975e-01 8.587899e-02 167
0.803586 1.459690e-01 1.534621e-01 9.213730e-02 180
0.804092 1.385327e-01 1.464806e-01 9.272337e-02 171
0.804574 1.594374e-01 1.643417e-01 1.007611e-01 197
0.805057 1.568535e-01 1.641395e-01 9.879091e-02 194
0.805541 1.421587e-01 1.490036e-01 9.104393e-02 176
0.806058 1.589629e-01 1.668093e-01 1.000479e-01 197
0.806522 1.644480e-01 1.711823e-01 1.041279e-01 204
0.807013 1.546211e-01 1.683554e-01 1.035942e-01 192
0.807517 1.528588e-01 1.618362e-01 9.901885e-02 190
0.807988 1.502962e-01 1.564737e-01 9.719614e-02 187
0.808483 1.373006e-01 1.481766e-01 9.029010e-02 171
0.808974 1.427796e-01 1.488095e-01 9.153426e-02 178
0.809479 1.498504e-01 1.572130e-01 9.558064e-02 187
0.809962 1.376940e-01 1.459148e-01 8.963543e-02 172
0.810444 1.463553e-01 1.563706e-01 9.952859e-02 183
0.810977 1.358242e-01 1.435505e-01 8.938107e-02 170
0.811448 1.484609e-01 1.573309e-01 9.802359e-02 186
0.811937 1.507066e-01 1.616483e-01 1.018664e-01 189
0.812426 1.593206e-01 1.687689e-01 1.053761e-01 200
0.812919 1.424514e-01 1.504021e-01 9.396271e-02 179
0.813405 1.415160e-01 1.484961e-01 9.224567e-02 178
0.813903 1.548789e-01 1.634917e-01 1.019734e-01 195
0.814392 1.348897e-01 1.480011e-01 9.454326e-02 170
0.814893 1.236593e-01 1.319293e-01 8.334259e-02 156
0.815375 1.259135e-01 1.338514e-01 8.502604e-02 159
0.815879 1.376567e-01 1.439586e-01 8.917566e-02 174
0.816356 1.114398e-01 1.186066e-01 7.477962e-02 141
0.816859 1.500196e-01 1.589595e-01 9.950555e-02 190
0.817340 1.427732e-01 1.503137e-01 9.589068e-02 181
0.817840 1.355409e-01 1.409068e-01 8.876993e-02 172
0.818334 1.220246e-01 1.322108e-01 8.448633e-02 155
0.818846 1.423536e-01 1.493811e-01 9.448949e-02 181
0.819307 1.304285e-01 1.366334e-01 8.595622e-02 166
0.819832 1.224513e-01 1.305623e-01 8.339313e-02 156
0.820321 1.309575e-01 1.381656e-01 9.035678e-02 167
0.820795 1.269123e-01 1.330152e-01 8.829278e-02 162
0.821307 1.275709e-01 1.336043e-01 8.981756e-02 163
0.821793 1.172818e-01 1.245520e-01 8.107761e-02 150
0.822288 1.249784e-01 1.322758e-01 8.826117e-02 160
0.822779 1.053476e-01 1.146011e-01 7.543602e-02 135
0.823275 1.270734e-01 1.330652e-01 8.600131e-02 163
0.823771 1.401896e-01 1.500798e-01 9.868823e-02 180
0.824244 1.167108e-01 1.210731e-01 7.828785e-02 150
0.824749 1.228156e-01 1.292275e-01 8.433539e-02 158
0.825262 1.296850e-01 1.352419e-01 8.845382e-02 167
0.825740 1.311104e-01 1.390010e-01 9.196472e-02 169
0.826267 1.224573e-01 1.315361e-01 8.746176e-02 158
0.826743 1.192411e-01 1.274330e-01 8.239921e-02 154
0.827223 1.113898e-01 1.181635e-01 7.724172e-02 144
0.827724 1.221006e-01 1.295699e-01 8.430019e-02 158
0.828225 1.088574e-01 1.137124e-01 7.445507e-02 141
0.828710 1.102943e-01 1.144763e-01 7.535979e-02 143
0.829219 1.047936e-01 1.136908e-01 7.470398e-02 136
0.829716 9.237527e-02 9.651158e-02 6.307584e-02 120
0.830208 1.092048e-01 1.156485e-01 7.877473e-02 142
0.830699 1.014160e-01 1.053675e-01 7.102052e-02 132
0.831191 1.059232e-01 1.152290e-01 7.955562e-02 138
0.831702 1.073543e-01 1.115250e-01 7.512220e-02 140
0.832180 1.041862e-01 1.107756e-01 7.535420e-02 136
0.832689 1.362295e-01 1.450077e-01 9.819151e-02 178
0.833185 9.480974e-02 1.028582e-01 7.045650e-02 124
0.833690 1.153423e-01 1.192030e-01 8.049797e-02 151
0.834172 9.081115e-02 9.793294e-02 6.629560e-02 119
0.834661 1.174069e-01 1.218686e-01 8.302760e-02 154
0.835164 1.058690e-01 1.098318e-01 7.443882e-02 139
0.835673 1.012015e-01 1.066058e-01 7.204604e-02 133
0.836180 8.514017e-02 9.110872e-02 6.195290e-02 112
0.836645 1.063227e-01 1.131002e-01 7.622257e-02 140
0.837160 1.062204e-01 1.113835e-01 7.595150e-02 140
0.837639 1.106661e-01 1.185223e-01 8.024192e-02 146
0.838151 1.075307e-01 1.108261e-01 7.512424e-02 142
0.838671 9.229670e-02 9.915303e-02 6.760312e-02 122
0.839163 8.842901e-02 9.239441e-02 6.214060e-02 117
0.839637 1.004253e-01 1.065615e-01 7.160024e-02 133
0.840151 8.901366e-02 9.482471e-02 6.734003e-02 118
0.840651 8.968190e-02 9.530199e-02 6.779010e-02 119
0.841140 9.185463e-02 9.542036e-02 6.719586e-02 122
0.841639 9.026223e-02 9.428145e-02 6.637579e-02 120
0.842134 8.792137e-02 9.286547e-02 6.606868e-02 117
0.842645 9.159091e-02 9.730036e-02 6.786222e-02 122
0.843150 8.625307e-02 9.544022e-02 6.721672e-02 115
0.843652 8.991711e-02 9.545173e-02 6.762650e-02 120
0.844141 1.018086e-01 1.067560e-01 7.554454e-02 136
0.844635 9.871982e-02 1.061360e-01 7.468709e-02 132
0.845148 9.937269e-02 1.029100e-01 7.329788e-02 133
0.845660 9.778492e-02 1.005675e-01 7.187333e-02 131
0.846131 9.769160e-02 1.023889e-01 7.271368e-02 131
0.846639 9.387329e-02 9.876672e-02 6.972963e-02 126
0.847148 8.336337e-02 9.066088e-02 6.418330e-02 112
0.847634 8.477115e-02 8.867687e-02 6.294484e-02 114
0.848124 9.509099e-02 9.995830e-02 7.037702e-02 128
0.848627 8.683636e-02 9.464857e-02 6.731978e-02 117
0.849140 8.823670e-02 9.318325e-02 6.563431e-02 119
0.849654 7.852264e-02 8.095951e-02 5.673546e-02 106
0.850121 7.548769e-02 7.721817e-02 5.596551e-02 102
0.850625 9.020341e-02 9.448050e-02 6.812726e-02 122
0.851174 9.528843e-02 1.013110e-01 7.343285e-02 129
0.851630 9.150813e-02 9.422181e-02 6.840818e-02 124
0.852142 8.773496e-02 8.957361e-02 6.544353e-02 119
0.852665 8.028606e-02 8.582656e-02 6.193656e-02 109
0.853146 8.315343e-02 8.922535e-02 6.484040e-02 113
0.853679 8.380982e-02 8.809514e-02 6.336721e-02 114
0.854158 8.813732e-02 9.449465e-02 6.773555e-02 120
0.854647 9.098901e-02 9.253713e-02 6.674195e-02 124
0.855141 8.577131e-02 8.965093e-02 6.488071e-02 117
0.855660 7.983104e-02 8.738753e-02 6.287528e-02 109
0.856171 9.073111e-02 9.753713e-02 7.031095e-02 124
0.856665 7.383213e-02 8.111969e-02 5.960693e-02 101
0.857182 6.938048e-02 7.231939e-02 5.168360e-02 95
0.857668 7.807057e-02 8.087267e-02 5.799970e-02 107
0.858184 7.945480e-02 8.224166e-02 5.919639e-02 109
0.858690 8.593417e-02 8.918972e-02 6.393306e-02 118
0.859177 7.566720e-02 8.175935e-02 5.863639e-02 104
0.859651 7.632280e-02 8.236860e-02 5.989571e-02 105
0.860204 7.625093e-02 7.759908e-02 5.683680e-02 105
0.860674 8.996395e-02 9.527180e-02 7.007893e-02 124
0.861173 8.408065e-02 9.035019e-02 6.607742e-02 116
0.861709 9.124310e-02 9.356070e-02 6.859945e-02 126
0.862225 6.583586e-02 6.919035e-02 5.082391e-02 91
0.862744 7.661587e-02 7.712095e-02 5.623482e-02 106
0.863231 7.365548e-02 8.085571e-02 6.046720e-02 102
0.863718 7.791495e-02 8.231882e-02 6.021347e-02 108
0.864195 8.000413e-02 8.280675e-02 6.038078e-02 111
0.864732 8.424960e-02 8.879446e-02 6.492780e-02 117
0.865208 7.194071e-02 7.625572e-02 5.598153e-02 100
0.865719 9.127911e-02 9.741298e-02 7.141710e-02 127
0.866245 7.036989e-02 7.219474e-02 5.264275e-02 98
0.866741 8.536918e-02 8.742001e-02 6.504279e-02 119
0.867261 8.170573e-02 8.483770e-02 6.224209e-02 114
0.867750 7.518491e-02 7.948891e-02 5.851530e-02 105
0.868247 6.366860e-02 6.596970e-02 4.829314e-02 89
0.868749 6.075028e-02 6.517248e-02 4.770581e-02 85
0.869279 5.997951e-02 6.417196e-02 4.717415e-02 84
0.869753 7.347766e-02 7.669006e-02 5.661144e-02 103
0.870254 7.198369e-02 7.732044e-02 5.964446e-02 101
0.870778 8.259725e-02 8.596112e-02 6.585805e-02 116
0.871285 7.896335e-02 8.222588e-02 6.286589e-02 111
0.871784 5.898966e-02 6.472809e-02 4.939554e-02 83
0.872307 7.242582e-02 7.473777e-02 5.704144e-02 102
0.872796 7.093962e-02 7.442936e-02 5.715137e-02 100
0.873330 5.315522e-02 5.579520e-02 4.260391e-02 75
0.873842 6.726733e-02 6.925873e-02 5.317024e-02 95
0.874353 6.649739e-02 7.182797e-02 5.462998e-02 94
0.874842 7.067619e-02 7.584976e-02 5.785462e-02 100
0.875336 6.637393e-02 6.768950e-02 5.230024e-02 94
0.875864 5.714147e-02 5.889710e-02 4.479519e-02 81
0.876386 5.990764e-02 6.283371e-02 4.827159e-02 85
0.876877 5.914795e-02 6.293924e-02 4.835185e-02 84
0.877395 6.120359e-02 6.291606e-02 4.785188e-02 87
0.877887 6.536392e-02 6.851401e-02 5.227658e-02 93
0.878373 5.968590e-02 6.195720e-02 4.728798e-02 85
0.878923 5.682450e-02 5.973053e-02 4.591181e-02 81
0.879432 6.167815e-02 6.415709e-02 4.896104e-02 88
0.879895 5.531896e-02 5.699659e-02 4.395019e-02 79
0.880433 6.296335e-02 6.858309e-02 5.344603e-02 90
0.880915 6.779780e-02 7.260269e-02 5.688832e-02 97
0.881444 4.608786e-02 4.811450e-02 3.753989e-02 66
0.881927 5.371955e-02 5.846815e-02 4.543893e-02 77
0.882445 6.970128e-02 7.295190e-02 5.728944e-02 100
0.882977 4.874590e-02 5.020093e-02 3.916158e-02 70
0.883473 7.235573e-02 7.407536e-02 5.771387e-02 104
0.884021 5.699715e-02 5.929932e-02 4.623584e-02 82
0.884502 6.666692e-02 7.065650e-02 5.505504e-02 96
0.885015 5.550463e-02 5.856156e-02 4.598298e-02 80
0.885499 6.099892e-02 6.329510e-02 4.963293e-02 88
0.886052 6.786815e-02 7.284980e-02 5.678278e-02 98
0.886530 5.604354e-02 5.745125e-02 4.464864e-02 81
0.887053 5.599205e-02 5.827236e-02 4.543379e-02 81
0.887543 5.939375e-02 6.300765e-02 4.925584e-02 86
0.888061 5.519929e-02 5.896393e-02 4.597514e-02 80
0.888560 6.962516e-02 7.499327e-02 5.865856e-02 101
0.889078 4.407845e-02 4.607269e-02 3.580571e-02 64
0.889598 5.435947e-02 5.842974e-02 4.540908e-02 79
0.890163 5.087234e-02 5.271942e-02 4.230096e-02 74
0.890615 5.975460e-02 6.572915e-02 5.270028e-02 87
0.891124 5.283784e-02 5.461568e-02 4.405088e-02 77
0.891662 5.210392e-02 5.504308e-02 4.413241e-02 76
0.892131 7.191984e-02 7.277113e-02 5.860915e-02 105
0.892630 5.132435e-02 5.510435e-02 4.483983e-02 75
0.893203 5.674705e-02 6.012320e-02 4.820554e-02 83
0.893683 4.371680e-02 4.445548e-02 3.564348e-02 64
0.894184 5.186631e-02 5.306617e-02 4.280713e-02 76
0.894693 4.840984e-02 5.127745e-02 4.111320e-02 71
0.895227 5.654017e-02 5.772460e-02 4.666909e-02 83
0.895721 4.287691e-02 4.438870e-02 3.572637e-02 63
0.896216 4.555770e-02 4.841648e-02 3.894550e-02 67
0.896770 4.755424e-02 5.048809e-02 4.048031e-02 70
0.897276 5.022586e-02 5.242133e-02 4.230724e-02 74
0.897801 4.746771e-02 5.021392e-02 4.026049e-02 70
0.898291 4.674705e-02 4.759883e-02 3.829100e-02 69
0.898826 4.128952e-02 4.293681e-02 3.442585e-02 61
0.899336 4.260453e-02 4.506294e-02 3.613054e-02 63
0.899829 4.864666e-02 5.125831e-02 4.115327e-02 72
0.900339 4.185215e-02 4.401395e-02 3.561711e-02 62
0.900852 4.248859e-02 4.427979e-02 3.583224e-02 63
0.901380 5.053577e-02 5.367975e-02 4.356177e-02 75
0.901867 5.654874e-02 5.850604e-02 4.760763e-02 84
0.902410 4.506348e-02 4.773264e-02 3.862636e-02 67
0.902923 3.628692e-02 3.861522e-02 3.124833e-02 54
0.903427 4.431052e-02 4.635535e-02 3.751183e-02 66
0.903951 4.494118e-02 4.661080e-02 3.771855e-02 67
0.904451 5.830367e-02 6.113639e-02 4.960184e-02 87
0.904978 4.753813e-02 5.007921e-02 4.064740e-02 71
0.905509 5.351568e-02 5.626682e-02 4.578375e-02 80
0.905992 5.948240e-02 6.305001e-02 5.127501e-02 89
0.906517 5.008036e-02 5.354762e-02 4.393897e-02 75
0.907032 4.603234e-02 4.961891e-02 4.028847e-02 69
0.907517 5.865495e-02 6.372608e-02 5.182223e-02 88
0.908054 4.794714e-02 4.974482e-02 4.037695e-02 72
0.908576 4.524259e-02 4.751049e-02 3.881639e-02 68
0.909091 5.450809e-02 5.710942e-02 4.633665e-02 82
0.909594 3.320671e-02 3.395176e-02 2.760216e-02 50
0.910140 4.777461e-02 4.955842e-02 4.128824e-02 72
0.910663 4.242811e-02 4.368978e-02 3.666612e-02 64
0.911170 4.503933e-02 4.607481e-02 3.856174e-02 68
0.911639 3.838136e-02 3.976367e-02 3.339421e-02 58
0.912197 3.768572e-02 4.032446e-02 3.374906e-02 57
0.912720 4.227579e-02 4.507182e-02 3.782444e-02 64
0.913211 3.893801e-02 4.111789e-02 3.457613e-02 59
0.913734 3.758432e-02 4.178032e-02 3.507139e-02 57
0.914256 4.150331e-02 4.411744e-02 3.692354e-02 63
0.914752 4.212429e-02 4.289018e-02 3.610650e-02 64
0.915284 4.932016e-02 5.147764e-02 4.328406e-02 75
0.915821 3.876378e-02 4.114814e-02 3.443843e-02 59
0.916308 3.807265e-02 4.192653e-02 3.508989e-02 58
0.916847 3.672690e-02 3.806318e-02 3.216725e-02 56
0.917323 3.603879e-02 3.784608e-02 3.178492e-02 55
0.917833 3.927990e-02 4.114658e-02 3.454072e-02 60
0.918390 3.597439e-02 4.005593e-02 3.383752e-02 55
0.918910 3.463526e-02 3.660899e-02 3.063944e-02 53
0.919422 2.938104e-02 3.190597e-02 2.680661e-02 45
0.919905 3.457345e-02 3.552557e-02 2.990239e-02 53
0.920452 2.998038e-02 3.178554e-02 2.763449e-02 46
0.920989 4.493046e-02 4.889986e-02 4.193983e-02 69
0.921524 3.838456e-02 4.044585e-02 3.477249e-02 59
0.922023 3.575034e-02 3.884606e-02 3.322429e-02 55
0.922580 2.532766e-02 2.599966e-02 2.233095e-02 39
0.923054 3.309131e-02 3.506140e-02 2.998734e-02 51
0.923556 3.241359e-02 3.434842e-02 2.937754e-02 50
0.924121 3.173707e-02 3.363997e-02 2.886326e-02 49
0.924642 3.559157e-02 3.901395e-02 3.355213e-02 55
0.925122 3.555995e-02 3.681068e-02 3.157189e-02 55
0.925658 4.069613e-02 4.312756e-02 3.697301e-02 63
0.926175 4.130540e-02 4.148090e-02 3.556948e-02 64
0.926682 3.804462e-02 4.043482e-02 3.458312e-02 59
0.927212 3.092410e-02 3.227517e-02 2.769570e-02 48
0.927746 2.896564e-02 2.973597e-02 2.543260e-02 45
0.928261 3.022620e-02 3.304520e-02 2.835071e-02 47
0.928766 3.084196e-02 3.165103e-02 2.707051e-02 48
0.929276 3.595043e-02 3.715914e-02 3.197280e-02 56
0.929865 3.720142e-02 3.869912e-02 3.327027e-02 58
0.930319 3.396433e-02 3.592046e-02 3.143869e-02 53
0.930868 3.585511e-02 3.711558e-02 3.247378e-02 56
0.931374 3.838223e-02 4.131271e-02 3.614379e-02 60
0.931897 2.812210e-02 3.057907e-02 2.668902e-02 44
0.932431 2.809727e-02 2.855464e-02 2.492212e-02 44
0.932966 3.636661e-02 3.658241e-02 3.192865e-02 57
0.933454 2.549791e-02 2.772059e-02 2.427069e-02 40
0.933979 2.611231e-02 2.708885e-02 2.364280e-02 41
0.934510 2.545297e-02 2.799063e-02 2.442986e-02 40
0.935063 2.606630e-02 2.722265e-02 2.383897e-02 41
0.935536 3.620660e-02 3.851122e-02 3.392041e-02 57
0.936126 2.538577e-02 2.614822e-02 2.282183e-02 40
0.936591 2.916795e-02 3.024134e-02 2.648018e-02 46
0.937136 2.534113e-02 2.618620e-02 2.285498e-02 40
0.937660 2.721776e-02 2.869823e-02 2.504744e-02 43
0.938147 2.529660e-02 2.644535e-02 2.308116e-02 40
0.938714 2.969739e-02 3.120950e-02 2.739400e-02 47
0.939196 2.588349e-02 2.693436e-02 2.359595e-02 41
0.939724 2.964527e-02 3.255434e-02 2.856613e-02 47
0.940248 2.331730e-02 2.382070e-02 2.134574e-02 37
0.940734 1.763005e-02 1.793618e-02 1.602353e-02 28
0.941283 3.082554e-02 3.190564e-02 2.856830e-02 49
0.941826 2.325604e-02 2.631200e-02 2.370244e-02 37
0.942331 2.574764e-02 2.633300e-02 2.352494e-02 41
0.942857 2.258789e-02 2.485436e-02 2.220398e-02 36
0.943368 2.382191e-02 2.569579e-02 2.295568e-02 38
0.943914 2.442742e-02 2.719425e-02 2.435907e-02 39
0.944466 1.814810e-02 1.855425e-02 1.657569e-02 29
0.944949 2.751099e-02 2.848227e-02 2.551257e-02 44
0.945508 2.186463e-02 2.324276e-02 2.076423e-02 35
0.946012 2.995960e-02 3.186121e-02 2.846364e-02 48
0.946557 2.743900e-02 2.808685e-02 2.522133e-02 44
0.947120 2.679200e-02 2.876331e-02 2.569610e-02 43
0.947584 1.992085e-02 1.976529e-02 1.765759e-02 32
0.948131 1.928150e-02 2.105734e-02 1.881186e-02 31
0.948634 2.858633e-02 2.980570e-02 2.662732e-02 46
0.949193 2.111063e-02 2.160842e-02 1.930417e-02 34
0.949686 2.357370e-02 2.550406e-02 2.284656e-02 38
0.950214 2.231355e-02 2.306926e-02 2.099418e-02 36
0.950743 2.600983e-02 2.699027e-02 2.452606e-02 42
0.951290 2.598722e-02 2.677850e-02 2.433504e-02 42
0.951853 1.545515e-02 1.610991e-02 1.466301e-02 25
0.952314 2.100074e-02 2.367153e-02 2.151842e-02 34
0.952861 2.653671e-02 2.673220e-02 2.423612e-02 43
0.953399 2.158090e-02 2.503139e-02 2.269412e-02 35
0.953952 1.724975e-02 1.906191e-02 1.728203e-02 28
0.954439 1.723479e-02 1.861410e-02 1.687603e-02 28
0.954978 2.152482e-02 2.198190e-02 1.998575e-02 35
0.955459 1.843386e-02 2.002198e-02 1.826260e-02 30
0.955991 2.332934e-02 2.451179e-02 2.233502e-02 38
0.956493 1.288137e-02 1.359209e-02 1.232295e-02 21
0.957082 1.961178e-02 2.011418e-02 1.823605e-02 32
0.957604 1.959482e-02 2.110738e-02 1.913651e-02 32
0.958113 1.957788e-02 2.089640e-02 1.894523e-02 32
0.958686 1.956097e-02 1.975677e-02 1.791201e-02 32
0.959155 2.443009e-02 2.465752e-02 2.240912e-02 40
0.959717 2.074765e-02 2.137284e-02 1.937718e-02 34
0.960233 2.133945e-02 2.168163e-02 2.002708e-02 35
0.960807 1.644766e-02 1.667596e-02 1.542044e-02 27
0.961324 1.521619e-02 1.524155e-02 1.409402e-02 25
0.961893 1.641932e-02 1.744330e-02 1.617987e-02 27
0.962359 2.126597e-02 2.227685e-02 2.059964e-02 35
0.962843 1.760520e-02 1.911634e-02 1.767708e-02 29
0.963467 1.698350e-02 1.791241e-02 1.656379e-02 28
0.963981 1.454476e-02 1.473763e-02 1.362804e-02 24
0.964477 1.816532e-02 1.825702e-02 1.688245e-02 30
0.964984 1.633473e-02 1.713022e-02 1.584049e-02 27
0.965472 1.571623e-02 1.604107e-02 1.483335e-02 26
0.966078 1.389088e-02 1.442391e-02 1.333794e-02 23
0.966601 1.810298e-02 1.985677e-02 1.840492e-02 30
0.967101 1.808745e-02 2.048782e-02 1.903270e-02 30
0.967613 1.385515e-02 1.410339e-02 1.304156e-02 23
0.968157 1.263951e-02 1.302048e-02 1.204017e-02 21
0.968748 1.323004e-02 1.331819e-02 1.231547e-02 22
0.969296 2.102977e-02 2.154241e-02 1.996533e-02 35
0.969782 1.260706e-02 1.462756e-02 1.358456e-02 21
0.970257 2.039395e-02 2.087605e-02 1.941897e-02 34
0.970830 1.318480e-02 1.353157e-02 1.258711e-02 22
0.971353 1.137713e-02 1.174039e-02 1.096106e-02 19
0.971903 1.316226e-02 1.357294e-02 1.262559e-02 22
0.972390 1.912875e-02 2.245256e-02 2.088544e-02 32
0.972929 1.552884e-02 1.578101e-02 1.475859e-02 26
0.973497 1.849935e-02 1.865579e-02 1.735367e-02 31
0.974058 1.669483e-02 1.675361e-02 1.558426e-02 28
0.974625 1.608486e-02 1.660012e-02 1.552628e-02 27
0.975113 7.737957e-03 7.869533e-03 7.320264e-03 13
0.975642 2.259937e-02 2.436775e-02 2.270895e-02 38
0.976156 1.842062e-02 1.951329e-02 1.819559e-02 31
0.976750 1.603011e-02 1.619982e-02 1.506913e-02 27
0.977231 1.423686e-02 1.640453e-02 1.525955e-02 24
0.977698 1.007586e-02 1.067707e-02 9.931846e-03 17
0.978315 1.006729e-02 1.010302e-02 9.397864e-03 17
0.978861 1.242550e-02 1.262736e-02 1.174601e-02 21
0.979384 1.596206e-02 1.678090e-02 1.560965e-02 27
0.979915 1.594851e-02 1.706265e-02 1.593416e-02 27
0.980368 1.121349e-02 1.214020e-02 1.142070e-02 19
0.980956 1.061430e-02 1.278632e-02 1.202853e-02 18
0.981552 1.237284e-02 1.320751e-02 1.242475e-02 21
0.982067 1.648313e-02 1.643388e-02 1.545992e-02 28
0.982568 1.117550e-02 1.146291e-02 1.078355e-02 19
0.983120 8.815292e-03 8.599125e-03 8.089492e-03 15
0.983716 1.350534e-02 1.390559e-02 1.308147e-02 23
0.984188 1.114714e-02 1.127601e-02 1.064071e-02 19
0.984709 9.379121e-03 9.985434e-03 9.393641e-03 16
0.985256 1.815668e-02 1.920346e-02 1.806536e-02 31
0.985756 1.287449e-02 1.484091e-02 1.396136e-02 22
0.986351 1.344832e-02 1.436892e-02 1.355033e-02 23
0.986840 1.343696e-02 1.410350e-02 1.326765e-02 23
0.987408 9.339561e-03 9.190361e-03 8.645688e-03 16
0.987914 1.049814e-02 1.115853e-02 1.049722e-02 18
0.988412 1.573392e-02 1.599921e-02 1.505100e-02 27
0.989017 8.151452e-03 8.469290e-03 7.967352e-03 14
0.989532 1.338038e-02 1.469331e-02 1.382250e-02 23
0.989977 9.881516e-03 1.059180e-02 9.991496e-03 17
0.990585 1.161552e-02 1.178211e-02 1.117398e-02 20
0.991147 1.334661e-02 1.422782e-02 1.352120e-02 23
0.991714 1.217578e-02 1.226697e-02 1.166215e-02 21
0.992170 1.100691e-02 1.117655e-02 1.059968e-02 19
0.992689 8.682363e-03 9.678158e-03 9.206458e-03 15
0.993189 1.041008e-02 1.050165e-02 1.001553e-02 18
0.993796 1.097919e-02 1.104096e-02 1.049894e-02 19
0.994381 1.154733e-02 1.253072e-02 1.191311e-02 20
0.994834 9.230114e-03 9.322791e-03 8.868812e-03 16
0.995428 1.325716e-02 1.372186e-02 1.306838e-02 23
0.995956 1.094238e-02 1.164216e-02 1.106924e-02 19
0.996478 9.206911e-03 9.241812e-03 8.791066e-03 16
0.997008 1.379879e-02 1.573077e-02 1.502704e-02 24
0.997546 1.378724e-02 1.506213e-02 1.441744e-02 24
0.998112 8.035822e-03 8.601680e-03 8.185937e-03 14
0.998716 1.433767e-02 1.566934e-02 1.491316e-02 25
0.999177 1.719081e-02 1.833036e-02 1.751987e-02 30
0.999728 1.145096e-02 1.175619e-02 1.114940e-02 20
