#Interval: 1.000000 Mpc/h, Area= 1.000000 deg^2
# z <nobs> <wc nobs> <wc wfkp nobs> N_objects
0.600228 1.477415e+00 1.573691e+00 4.486103e-01 1127
0.600672 1.434960e+00 1.520494e+00 4.400294e-01 1096
0.601121 1.456685e+00 1.528748e+00 4.415311e-01 1114
0.601568 1.302048e+00 1.395536e+00 4.036953e-01 997
0.602020 1.372143e+00 1.451386e+00 4.191491e-01 1052
0.602468 1.350873e+00 1.441237e+00 4.174058e-01 1037
0.602916 1.458458e+00 1.541479e+00 4.466105e-01 1121
0.603368 1.326682e+00 1.395580e+00 4.064438e-01 1021
0.603821 1.343181e+00 1.411253e+00 4.107907e-01 1035
0.604269 1.446479e+00 1.547323e+00 4.492282e-01 1116
0.604708 1.407120e+00 1.508535e+00 4.415534e-01 1087
0.605158 1.416989e+00 1.491498e+00 4.368165e-01 1096
0.605616 1.415210e+00 1.485274e+00 4.327734e-01 1096
0.606056 1.489523e+00 1.574234e+00 4.633031e-01 1155
0.606512 1.331806e+00 1.417657e+00 4.181797e-01 1034
0.606966 1.291546e+00 1.377940e+00 4.078815e-01 1004
0.607411 1.370870e+00 1.464749e+00 4.333455e-01 1067
0.607855 1.299863e+00 1.372395e+00 4.120771e-01 1013
0.608308 1.246975e+00 1.323508e+00 3.947096e-01 973
0.608757 1.308135e+00 1.380258e+00 4.120143e-01 1022
0.609208 1.286048e+00 1.358600e+00 4.064670e-01 1006
0.609660 1.242309e+00 1.306152e+00 3.909180e-01 973
0.610111 1.231833e+00 1.307994e+00 3.992489e-01 966
0.610555 1.383129e+00 1.460323e+00 4.520174e-01 1086
0.611010 1.331798e+00 1.411931e+00 4.339268e-01 1047
0.611458 1.313624e+00 1.401856e+00 4.286283e-01 1034
0.611913 1.310721e+00 1.385182e+00 4.279604e-01 1033
0.612367 1.206442e+00 1.302269e+00 3.997970e-01 952
0.612813 1.220131e+00 1.297262e+00 3.985939e-01 964
0.613264 1.216087e+00 1.307514e+00 4.020271e-01 962
0.613719 1.244879e+00 1.317885e+00 4.077438e-01 986
0.614170 1.293775e+00 1.383968e+00 4.273821e-01 1026
0.614624 1.282096e+00 1.371400e+00 4.235860e-01 1018
0.615073 1.192457e+00 1.290054e+00 4.050991e-01 948
0.615525 1.196005e+00 1.249205e+00 3.858273e-01 952
0.615981 1.220875e+00 1.298683e+00 4.043780e-01 973
0.616427 1.315862e+00 1.421422e+00 4.447180e-01 1050
0.616883 1.210349e+00 1.279275e+00 4.012811e-01 967
0.617335 1.206354e+00 1.284596e+00 4.001309e-01 965
0.617792 1.239825e+00 1.333565e+00 4.248158e-01 993
0.618242 1.259495e+00 1.332922e+00 4.228757e-01 1010
0.618691 1.114711e+00 1.159527e+00 3.667719e-01 895
0.619148 1.220318e+00 1.297332e+00 4.095853e-01 981
0.619603 1.229997e+00 1.304869e+00 4.141406e-01 990
0.620058 1.158994e+00 1.228199e+00 4.006214e-01 934
0.620505 1.146414e+00 1.210320e+00 4.031229e-01 925
0.620961 1.193281e+00 1.251309e+00 4.172016e-01 964
0.621418 1.169562e+00 1.232119e+00 4.078489e-01 946
0.621870 1.196527e+00 1.276293e+00 4.313970e-01 969
0.622335 1.156827e+00 1.226564e+00 4.111676e-01 938
0.622781 1.178813e+00 1.268853e+00 4.294765e-01 957
0.623233 1.107243e+00 1.196793e+00 4.044292e-01 900
0.623691 1.088685e+00 1.136529e+00 3.881960e-01 886
0.624148 1.018626e+00 1.067360e+00 3.635892e-01 830
0.624596 1.055379e+00 1.133096e+00 3.842003e-01 861
0.625046 1.036949e+00 1.089272e+00 3.727563e-01 847
0.625502 1.088262e+00 1.155109e+00 3.984083e-01 890
0.625966 1.057623e+00 1.113167e+00 3.838662e-01 866
0.626418 9.733870e-01 1.023310e+00 3.556538e-01 798
0.626863 1.045298e+00 1.109831e+00 3.819115e-01 858
0.627330 9.856174e-01 1.055238e+00 3.667190e-01 810
0.627785 1.043968e+00 1.102837e+00 3.823322e-01 859
0.628239 1.073044e+00 1.138568e+00 3.976858e-01 884
0.628691 9.856605e-01 1.048545e+00 3.674070e-01 813
0.629148 1.060749e+00 1.123337e+00 3.925905e-01 876
0.629614 1.046157e+00 1.103357e+00 3.865177e-01 865
0.630064 1.096829e+00 1.155362e+00 4.052726e-01 908
0.630517 1.053271e+00 1.105334e+00 3.903789e-01 873
0.630982 1.004998e+00 1.072153e+00 3.840166e-01 834
0.631445 1.047108e+00 1.118551e+00 3.974621e-01 870
0.631896 1.021798e+00 1.064948e+00 3.834253e-01 850
0.632347 1.045775e+00 1.102812e+00 3.926209e-01 871
0.632807 1.010932e+00 1.058135e+00 3.798748e-01 843
0.633263 1.036061e+00 1.129008e+00 3.980783e-01 865
0.633721 1.009686e+00 1.055899e+00 3.760771e-01 844
0.634173 1.019221e+00 1.077603e+00 3.866893e-01 853
0.634641 1.020378e+00 1.074346e+00 3.850710e-01 855
0.635090 1.002460e+00 1.046876e+00 3.786903e-01 841
0.635550 9.881555e-01 1.060528e+00 3.858078e-01 830
0.636014 9.548592e-01 1.040793e+00 3.807699e-01 803
0.636475 9.584604e-01 1.007419e+00 3.638124e-01 807
0.636925 1.023738e+00 1.079503e+00 3.960107e-01 863
0.637390 9.348294e-01 9.867116e-01 3.614245e-01 789
0.637831 9.360729e-01 9.853144e-01 3.605747e-01 791
0.638299 9.113091e-01 9.772633e-01 3.619272e-01 771
0.638756 9.456323e-01 9.960758e-01 3.683807e-01 801
0.639216 9.161985e-01 9.589675e-01 3.523130e-01 777
0.639673 9.327662e-01 9.858401e-01 3.678380e-01 792
0.640133 1.022226e+00 1.097112e+00 4.155575e-01 869
0.640589 9.352329e-01 9.944667e-01 3.798489e-01 796
0.641045 9.716661e-01 1.042917e+00 3.947046e-01 828
0.641520 8.896288e-01 9.535762e-01 3.609484e-01 759
0.641966 8.557858e-01 9.224649e-01 3.508788e-01 731
0.642422 9.108903e-01 9.901549e-01 3.745179e-01 779
0.642898 8.864448e-01 9.599866e-01 3.641045e-01 759
0.643358 9.227158e-01 9.835378e-01 3.801441e-01 791
0.643814 8.691849e-01 9.180934e-01 3.487840e-01 746
0.644270 8.541843e-01 9.061960e-01 3.427921e-01 734
0.644725 8.671153e-01 9.269425e-01 3.510627e-01 746
0.645197 8.951075e-01 9.553988e-01 3.635330e-01 771
0.645651 9.555010e-01 1.026068e+00 3.949219e-01 824
0.646111 8.813979e-01 9.249849e-01 3.531699e-01 761
0.646574 8.803507e-01 9.229005e-01 3.577503e-01 761
0.647034 8.816163e-01 9.248566e-01 3.570891e-01 763
0.647505 9.094224e-01 9.697307e-01 3.771009e-01 788
0.647957 8.218898e-01 8.704376e-01 3.337733e-01 713
0.648414 8.646671e-01 9.222235e-01 3.567685e-01 751
0.648872 8.969926e-01 9.418469e-01 3.655222e-01 780
0.649346 7.672843e-01 8.152016e-01 3.206819e-01 668
0.649801 7.927637e-01 8.322902e-01 3.272568e-01 691
0.650272 8.365169e-01 8.843826e-01 3.563456e-01 730
0.650736 7.702885e-01 8.137509e-01 3.285389e-01 673
0.651192 8.322551e-01 8.997990e-01 3.667912e-01 728
0.651652 8.107193e-01 8.602837e-01 3.523768e-01 710
0.652110 8.097630e-01 8.522286e-01 3.445244e-01 710
0.652578 7.723549e-01 8.195205e-01 3.354183e-01 678
0.653043 7.703071e-01 8.149119e-01 3.386570e-01 677
0.653507 8.012216e-01 8.585740e-01 3.541950e-01 705
0.653965 7.946029e-01 8.505355e-01 3.513986e-01 700
0.654426 8.367531e-01 8.952936e-01 3.727949e-01 738
0.654884 7.270515e-01 7.639593e-01 3.110295e-01 642
0.655360 7.522138e-01 7.910820e-01 3.275351e-01 665
0.655817 7.694078e-01 7.939038e-01 3.282917e-01 681
0.656282 8.170302e-01 8.717793e-01 3.640918e-01 724
0.656747 7.089907e-01 7.382564e-01 3.099502e-01 629
0.657208 7.779625e-01 8.356949e-01 3.494664e-01 691
0.657680 7.770512e-01 8.282653e-01 3.468448e-01 691
0.658136 7.525540e-01 7.990302e-01 3.353108e-01 670
0.658603 7.056756e-01 7.467595e-01 3.101901e-01 629
0.659067 7.306240e-01 8.044219e-01 3.335228e-01 652
0.659532 7.667064e-01 8.233707e-01 3.419289e-01 685
0.659998 7.468054e-01 7.810639e-01 3.228048e-01 668
0.660462 7.783170e-01 8.254726e-01 3.493880e-01 697
0.660932 6.837184e-01 7.183840e-01 3.055799e-01 613
0.661397 7.609058e-01 8.094238e-01 3.453838e-01 683
0.661856 6.954787e-01 7.482990e-01 3.208496e-01 625
0.662317 7.624685e-01 8.025820e-01 3.413676e-01 686
0.662788 7.238351e-01 7.898624e-01 3.345409e-01 652
0.663256 7.606952e-01 7.990947e-01 3.413208e-01 686
0.663726 7.686716e-01 8.215703e-01 3.510173e-01 694
0.664196 6.903369e-01 7.563227e-01 3.310427e-01 624
0.664664 7.105308e-01 7.476310e-01 3.234991e-01 643
0.665121 6.490004e-01 6.955598e-01 3.001010e-01 588
0.665582 6.647846e-01 7.001736e-01 3.071188e-01 603
0.666050 6.882401e-01 7.333983e-01 3.223442e-01 625
0.666522 6.588452e-01 7.008318e-01 3.060285e-01 599
0.666998 7.075209e-01 7.483428e-01 3.207346e-01 644
0.667447 6.737813e-01 7.104181e-01 3.052253e-01 614
0.667929 7.113654e-01 7.515619e-01 3.304922e-01 649
0.668389 6.963105e-01 7.357348e-01 3.253886e-01 636
0.668853 6.123953e-01 6.494664e-01 2.890241e-01 560
0.669321 6.433651e-01 6.837051e-01 2.993147e-01 589
0.669785 6.786271e-01 7.289128e-01 3.205368e-01 622
0.670252 6.495102e-01 6.781594e-01 3.094383e-01 596
0.670723 6.367879e-01 6.668169e-01 3.039514e-01 585
0.671199 6.762835e-01 7.211795e-01 3.332318e-01 622
0.671657 6.385803e-01 6.732692e-01 3.087625e-01 588
0.672144 5.987939e-01 6.258288e-01 2.865097e-01 552
0.672601 6.186923e-01 6.586108e-01 3.029106e-01 571
0.673069 5.790193e-01 6.073278e-01 2.788326e-01 535
0.673542 6.097043e-01 6.345578e-01 2.878295e-01 564
0.674014 6.165631e-01 6.351962e-01 2.903363e-01 571
0.674480 6.126201e-01 6.488013e-01 2.935650e-01 568
0.674942 6.173043e-01 6.565952e-01 3.054293e-01 573
0.675409 6.176730e-01 6.533829e-01 2.952494e-01 574
0.675884 5.890195e-01 6.230131e-01 2.836673e-01 548
0.676349 5.679465e-01 5.992340e-01 2.775586e-01 529
0.676823 6.337853e-01 6.642640e-01 3.027553e-01 591
0.677300 6.501994e-01 6.836359e-01 3.174733e-01 607
0.677770 5.959593e-01 6.465265e-01 2.920802e-01 557
0.678230 6.561960e-01 7.012622e-01 3.227020e-01 614
0.678702 5.935319e-01 6.225898e-01 2.877754e-01 556
0.679173 6.163131e-01 6.484930e-01 2.939975e-01 578
0.679640 6.166756e-01 6.483387e-01 2.996212e-01 579
0.680118 5.606525e-01 5.857095e-01 2.714378e-01 527
0.680597 5.791417e-01 6.054114e-01 2.860377e-01 545
0.681043 6.028956e-01 6.466490e-01 3.048739e-01 568
0.681530 5.587405e-01 5.931953e-01 2.839161e-01 527
0.681995 5.634005e-01 6.064938e-01 2.842079e-01 532
0.682466 5.585291e-01 6.025066e-01 2.898803e-01 528
0.682946 5.420456e-01 5.812004e-01 2.751345e-01 513
0.683413 6.195316e-01 6.734038e-01 3.153552e-01 587
0.683889 5.545214e-01 5.860403e-01 2.746534e-01 526
0.684362 5.265141e-01 5.462733e-01 2.580758e-01 500
0.684831 5.322286e-01 5.733965e-01 2.756714e-01 506
0.685312 6.167282e-01 6.447268e-01 3.065462e-01 587
0.685773 5.446673e-01 5.748246e-01 2.701103e-01 519
0.686258 5.734028e-01 6.082725e-01 2.925918e-01 547
0.686716 5.224947e-01 5.537702e-01 2.607409e-01 499
0.687201 5.030782e-01 5.452802e-01 2.553706e-01 481
0.687662 5.495226e-01 5.983728e-01 2.871109e-01 526
0.688144 5.322059e-01 5.829055e-01 2.827497e-01 510
0.688611 5.201397e-01 5.637833e-01 2.697590e-01 499
0.689080 5.445419e-01 5.797560e-01 2.771658e-01 523
0.689554 4.929677e-01 5.288223e-01 2.555866e-01 474
0.690038 5.370831e-01 5.643885e-01 2.759587e-01 517
0.690506 5.022354e-01 5.221170e-01 2.588275e-01 484
0.690997 4.726483e-01 5.011635e-01 2.518329e-01 456
0.691450 5.083541e-01 5.322780e-01 2.604781e-01 491
0.691937 5.077831e-01 5.265036e-01 2.569839e-01 491
0.692404 5.185762e-01 5.495863e-01 2.812468e-01 502
0.692880 5.345041e-01 5.617003e-01 2.851747e-01 518
0.693344 5.318433e-01 5.570957e-01 2.760183e-01 516
0.693826 5.065380e-01 5.448564e-01 2.798882e-01 492
0.694305 5.090558e-01 5.377991e-01 2.714592e-01 495
0.694775 4.673961e-01 4.944038e-01 2.503804e-01 455
0.695254 4.966298e-01 5.203282e-01 2.620739e-01 484
0.695732 4.540516e-01 4.799158e-01 2.426840e-01 443
0.696187 4.811868e-01 5.221911e-01 2.675947e-01 470
0.696672 4.622414e-01 4.983398e-01 2.591899e-01 452
0.697155 4.545747e-01 4.809861e-01 2.424006e-01 445
0.697627 4.438637e-01 4.672809e-01 2.377058e-01 435
0.698100 5.116577e-01 5.463968e-01 2.789260e-01 502
0.698593 4.337117e-01 4.602723e-01 2.327536e-01 426
0.699059 4.749242e-01 4.971391e-01 2.469417e-01 467
0.699531 4.500154e-01 4.815477e-01 2.395994e-01 443
0.700024 4.200882e-01 4.361456e-01 2.243805e-01 414
0.700474 4.611777e-01 4.893232e-01 2.509299e-01 455
0.700959 4.738270e-01 5.125588e-01 2.652526e-01 468
0.701447 4.368929e-01 4.635419e-01 2.403122e-01 432
0.701928 4.505507e-01 4.827614e-01 2.493400e-01 446
0.702407 4.631688e-01 4.852132e-01 2.563806e-01 459
0.702870 4.011694e-01 4.233672e-01 2.161889e-01 398
0.703360 4.641560e-01 4.929139e-01 2.489109e-01 461
0.703838 4.636418e-01 4.934317e-01 2.481609e-01 461
0.704308 4.329900e-01 4.574235e-01 2.346981e-01 431
0.704800 4.234793e-01 4.445871e-01 2.261062e-01 422
0.705265 4.149918e-01 4.418826e-01 2.253456e-01 414
0.705744 4.756117e-01 5.075931e-01 2.622085e-01 475
0.706225 4.100744e-01 4.338536e-01 2.219638e-01 410
0.706702 4.565783e-01 4.797022e-01 2.518157e-01 457
0.707179 4.251372e-01 4.611841e-01 2.393624e-01 426
0.707654 4.097153e-01 4.305728e-01 2.223435e-01 411
0.708127 4.232045e-01 4.490419e-01 2.371258e-01 425
0.708605 3.909085e-01 4.242453e-01 2.147550e-01 393
0.709092 4.431380e-01 4.843427e-01 2.496825e-01 446
0.709570 4.138682e-01 4.418279e-01 2.264434e-01 417
0.710052 3.945764e-01 4.167506e-01 2.222815e-01 398
0.710530 3.852299e-01 4.124427e-01 2.207735e-01 389
0.711011 4.461383e-01 4.685983e-01 2.536962e-01 451
0.711496 4.061231e-01 4.235144e-01 2.218684e-01 411
0.711978 4.165349e-01 4.403507e-01 2.351159e-01 422
0.712449 4.121342e-01 4.340969e-01 2.324884e-01 418
0.712951 3.900149e-01 4.235917e-01 2.250717e-01 396
0.713406 4.250046e-01 4.326445e-01 2.321087e-01 432
0.713896 3.812991e-01 4.026603e-01 2.090913e-01 388
0.714372 3.641937e-01 3.799915e-01 2.036246e-01 371
0.714859 3.608536e-01 3.879695e-01 2.090008e-01 368
0.715341 3.908238e-01 4.084332e-01 2.223810e-01 399
0.715823 4.168146e-01 4.338462e-01 2.273419e-01 426
0.716298 3.821515e-01 4.102228e-01 2.179485e-01 391
0.716800 3.680661e-01 3.836569e-01 2.015010e-01 377
0.717258 4.047237e-01 4.247914e-01 2.253719e-01 415
0.717754 3.643413e-01 3.896529e-01 2.091937e-01 374
0.718234 3.970301e-01 4.299438e-01 2.289917e-01 408
0.718706 3.859051e-01 4.054608e-01 2.201541e-01 397
0.719200 3.408193e-01 3.626279e-01 1.967578e-01 351
0.719676 3.617872e-01 3.787617e-01 1.964717e-01 373
0.720160 3.817403e-01 4.064439e-01 2.221628e-01 394
0.720642 3.464836e-01 3.702570e-01 2.032555e-01 358
0.721121 3.461073e-01 3.724163e-01 2.070197e-01 358
0.721626 3.689091e-01 3.823697e-01 2.109836e-01 382
0.722096 3.472858e-01 3.670786e-01 1.980221e-01 360
0.722574 3.218547e-01 3.404801e-01 1.888233e-01 334
0.723060 3.407577e-01 3.594385e-01 1.964235e-01 354
0.723541 3.865430e-01 4.173995e-01 2.340216e-01 402
0.724024 3.284940e-01 3.542289e-01 1.934656e-01 342
0.724504 3.530848e-01 3.680139e-01 2.006808e-01 368
0.724986 3.220331e-01 3.405460e-01 1.860602e-01 336
0.725478 3.360460e-01 3.604913e-01 1.994520e-01 351
0.725959 3.481157e-01 3.611348e-01 1.987517e-01 364
0.726450 3.467845e-01 3.793623e-01 2.090392e-01 363
0.726928 3.053754e-01 3.261125e-01 1.819271e-01 320
0.727418 3.317376e-01 3.407496e-01 1.864350e-01 348
0.727903 3.170964e-01 3.527866e-01 1.929369e-01 333
0.728389 3.376815e-01 3.551958e-01 1.960465e-01 355
0.728876 3.192643e-01 3.326178e-01 1.875287e-01 336
0.729353 3.492941e-01 3.740485e-01 2.020134e-01 368
0.729840 3.147851e-01 3.387680e-01 1.831699e-01 332
0.730325 3.646445e-01 3.939855e-01 2.232774e-01 385
0.730815 3.084322e-01 3.265495e-01 1.802185e-01 326
0.731299 3.411793e-01 3.600599e-01 1.996569e-01 361
0.731787 3.209874e-01 3.387398e-01 1.877679e-01 340
0.732283 3.036678e-01 3.164656e-01 1.767475e-01 322
0.732754 3.212413e-01 3.431667e-01 1.887545e-01 341
0.733240 3.039582e-01 3.251983e-01 1.808830e-01 323
0.733737 3.299538e-01 3.480127e-01 1.878849e-01 351
0.734209 3.380519e-01 3.529643e-01 1.955137e-01 360
0.734719 3.339381e-01 3.583865e-01 1.957076e-01 356
0.735186 3.148405e-01 3.306408e-01 1.863410e-01 336
0.735687 3.060798e-01 3.129135e-01 1.763666e-01 327
0.736172 3.207133e-01 3.350234e-01 1.843843e-01 343
0.736663 2.951522e-01 3.123182e-01 1.709519e-01 316
0.737164 2.771097e-01 2.993605e-01 1.665250e-01 297
0.737651 2.982510e-01 3.218361e-01 1.797100e-01 320
0.738139 3.174850e-01 3.464772e-01 1.921633e-01 341
0.738615 3.041261e-01 3.210412e-01 1.788700e-01 327
0.739110 2.907954e-01 3.012141e-01 1.687463e-01 313
0.739606 2.793491e-01 2.894869e-01 1.607964e-01 301
0.740099 3.077916e-01 3.318119e-01 1.909008e-01 332
0.740569 3.083905e-01 3.235990e-01 1.776947e-01 333
0.741053 3.052875e-01 3.204757e-01 1.825876e-01 330
0.741532 2.772394e-01 2.856886e-01 1.607987e-01 300
0.742036 3.111017e-01 3.274811e-01 1.872048e-01 337
0.742533 2.766513e-01 2.935903e-01 1.688268e-01 300
0.743004 2.597766e-01 2.723660e-01 1.563389e-01 282
0.743506 3.009111e-01 3.209370e-01 1.782261e-01 327
0.744010 2.711766e-01 2.919854e-01 1.618121e-01 295
0.744494 2.736444e-01 2.919805e-01 1.621988e-01 298
0.744978 2.779413e-01 2.909813e-01 1.618236e-01 303
0.745468 2.950577e-01 3.150776e-01 1.803404e-01 322
0.745956 2.736926e-01 2.866459e-01 1.619544e-01 299
0.746445 2.697459e-01 2.910133e-01 1.601261e-01 295
0.746954 2.502791e-01 2.653208e-01 1.513662e-01 274
0.747450 2.737391e-01 2.846346e-01 1.598883e-01 300
0.747933 2.916804e-01 3.187344e-01 1.817197e-01 320
0.748420 2.676989e-01 2.856940e-01 1.570186e-01 294
0.748896 2.646882e-01 2.834058e-01 1.621399e-01 291
0.749401 2.662267e-01 2.835702e-01 1.599640e-01 293
0.749886 2.369012e-01 2.530534e-01 1.480175e-01 261
0.750367 2.411856e-01 2.628605e-01 1.563566e-01 266
0.750871 2.572357e-01 2.731135e-01 1.574666e-01 284
0.751373 2.660135e-01 2.794287e-01 1.589692e-01 294
0.751866 2.711572e-01 2.943832e-01 1.689985e-01 300
0.752345 2.762901e-01 2.948299e-01 1.687587e-01 306
0.752860 2.597649e-01 2.722722e-01 1.614086e-01 288
0.753336 2.243529e-01 2.397529e-01 1.386050e-01 249
0.753843 2.817224e-01 2.993112e-01 1.714525e-01 313
0.754322 2.310761e-01 2.447586e-01 1.406353e-01 257
0.754830 2.434088e-01 2.527382e-01 1.468061e-01 271
0.755303 2.503321e-01 2.722785e-01 1.539404e-01 279
0.755819 2.688928e-01 2.816658e-01 1.595147e-01 300
0.756296 2.363783e-01 2.485400e-01 1.409587e-01 264
0.756793 2.450757e-01 2.644814e-01 1.515074e-01 274
0.757288 2.439263e-01 2.589349e-01 1.449777e-01 273
0.757780 2.418866e-01 2.538120e-01 1.444904e-01 271
0.758275 2.585755e-01 2.766584e-01 1.590825e-01 290
0.758764 2.306939e-01 2.451630e-01 1.392898e-01 259
0.759259 2.687141e-01 2.813281e-01 1.591622e-01 302
0.759760 2.302135e-01 2.418680e-01 1.406123e-01 259
0.760267 2.246463e-01 2.378290e-01 1.366934e-01 253
0.760758 2.315086e-01 2.494280e-01 1.425318e-01 261
0.761236 2.303818e-01 2.466359e-01 1.487094e-01 260
0.761725 2.230611e-01 2.341330e-01 1.345971e-01 252
0.762234 2.307876e-01 2.542071e-01 1.471845e-01 261
0.762727 2.446812e-01 2.658845e-01 1.571981e-01 277
0.763236 2.250143e-01 2.366574e-01 1.402724e-01 255
0.763722 2.538702e-01 2.749080e-01 1.601393e-01 288
0.764241 2.386372e-01 2.519125e-01 1.424842e-01 271
0.764728 2.260746e-01 2.422046e-01 1.391950e-01 257
0.765214 2.214467e-01 2.298461e-01 1.350649e-01 252
0.765707 2.282403e-01 2.419897e-01 1.396870e-01 260
0.766217 2.113424e-01 2.174647e-01 1.266642e-01 241
0.766704 2.540494e-01 2.711005e-01 1.576107e-01 290
0.767209 2.187818e-01 2.260815e-01 1.303976e-01 250
0.767716 2.063167e-01 2.200110e-01 1.301071e-01 236
0.768212 2.392899e-01 2.509803e-01 1.430302e-01 274
0.768687 2.364258e-01 2.571059e-01 1.515447e-01 271
0.769189 2.274668e-01 2.400195e-01 1.415247e-01 261
0.769680 2.211380e-01 2.314717e-01 1.360509e-01 254
0.770201 2.252588e-01 2.369052e-01 1.388099e-01 259
0.770699 2.241580e-01 2.386276e-01 1.402355e-01 258
0.771190 2.230594e-01 2.396146e-01 1.370660e-01 257
0.771707 2.158936e-01 2.216641e-01 1.277217e-01 249
0.772202 2.217347e-01 2.378033e-01 1.386259e-01 256
0.772687 2.042017e-01 2.180445e-01 1.297461e-01 236
0.773197 2.100425e-01 2.234696e-01 1.301676e-01 243
0.773695 2.184618e-01 2.344301e-01 1.373396e-01 253
0.774177 2.182377e-01 2.370967e-01 1.409206e-01 253
0.774692 2.128436e-01 2.263495e-01 1.283388e-01 247
0.775188 1.971305e-01 2.082011e-01 1.219718e-01 229
0.775675 2.132676e-01 2.270122e-01 1.307028e-01 248
0.776197 1.975860e-01 2.123928e-01 1.254933e-01 230
0.776684 2.059657e-01 2.153735e-01 1.250637e-01 240
0.777193 2.160428e-01 2.246151e-01 1.309248e-01 252
0.777682 2.149655e-01 2.334238e-01 1.318988e-01 251
0.778211 1.899346e-01 2.001817e-01 1.174133e-01 222
0.778695 1.760656e-01 1.845424e-01 1.046060e-01 206
0.779191 1.955236e-01 2.040665e-01 1.187456e-01 229
0.779713 2.115301e-01 2.220046e-01 1.291226e-01 248
0.780197 1.891605e-01 2.048625e-01 1.223112e-01 222
0.780700 2.289744e-01 2.412385e-01 1.417673e-01 269
0.781185 1.768705e-01 1.907840e-01 1.146510e-01 208
0.781709 1.715935e-01 1.800463e-01 1.060908e-01 202
0.782198 1.849967e-01 1.895563e-01 1.131921e-01 218
0.782683 1.644626e-01 1.775305e-01 1.081466e-01 194
0.783200 1.905488e-01 2.015651e-01 1.193673e-01 225
0.783720 2.131979e-01 2.262478e-01 1.345541e-01 252
0.784216 1.453682e-01 1.555819e-01 8.997499e-02 172
0.784726 1.646397e-01 1.700908e-01 1.004731e-01 195
0.785252 1.864024e-01 2.008640e-01 1.252737e-01 221
0.785711 1.836856e-01 1.891174e-01 1.102705e-01 218
0.786223 2.104351e-01 2.270743e-01 1.348958e-01 250
0.786722 1.664958e-01 1.801242e-01 1.038806e-01 198
0.787215 1.932084e-01 2.048497e-01 1.207938e-01 230
0.787742 2.039223e-01 2.206093e-01 1.349429e-01 243
0.788260 1.659908e-01 1.731547e-01 1.049927e-01 198
0.788759 1.917852e-01 2.034734e-01 1.214940e-01 229
0.789258 1.865716e-01 1.952182e-01 1.162657e-01 223
0.789738 1.930696e-01 2.149695e-01 1.283698e-01 231
0.790243 1.569716e-01 1.662143e-01 1.031028e-01 188
0.790752 1.676567e-01 1.794235e-01 1.082387e-01 201
0.791264 1.583217e-01 1.666554e-01 1.007550e-01 190
0.791770 1.739783e-01 1.821434e-01 1.096714e-01 209
0.792303 1.738030e-01 1.874745e-01 1.157194e-01 209
0.792791 1.595052e-01 1.695858e-01 1.038245e-01 192
0.793303 2.025005e-01 2.106567e-01 1.274987e-01 244
0.793790 1.691334e-01 1.801764e-01 1.096164e-01 204
0.794308 1.689634e-01 1.815876e-01 1.107215e-01 204
0.794814 1.630017e-01 1.701066e-01 1.011023e-01 197
0.795334 1.727570e-01 1.848416e-01 1.138071e-01 209
0.795830 1.659776e-01 1.726255e-01 1.068210e-01 201
0.796339 1.460127e-01 1.514575e-01 9.406956e-02 177
0.796831 1.483386e-01 1.617575e-01 9.749332e-02 180
0.797351 1.580692e-01 1.687919e-01 1.029413e-01 192
0.797844 1.677803e-01 1.813319e-01 1.076646e-01 204
0.798346 1.815800e-01 1.887863e-01 1.149443e-01 221
0.798881 1.937104e-01 2.055518e-01 1.241030e-01 236
0.799371 1.648171e-01 1.759838e-01 1.070747e-01 201
0.799902 1.753015e-01 1.928381e-01 1.178802e-01 214
0.800377 1.587594e-01 1.667502e-01 1.015924e-01 194
0.800888 1.308048e-01 1.383356e-01 8.604916e-02 160
0.801401 1.625260e-01 1.681221e-01 1.036423e-01 199
0.801916 1.623639e-01 1.695803e-01 1.066015e-01 199
0.802411 1.654623e-01 1.782708e-01 1.102330e-01 203
0.802935 1.555261e-01 1.635379e-01 1.008213e-01 191
0.803453 1.488634e-01 1.568609e-01 9.507107e-02 183
0.803941 1.365254e-01 1.439798e-01 9.007026e-02 168
0.804466 1.737343e-01 1.810050e-01 1.112110e-01 214
0.804982 1.646401e-01 1.707801e-01 1.033158e-01 203
0.805483 1.507025e-01 1.580870e-01 9.603655e-02 186
0.806016 1.586469e-01 1.665811e-01 1.002992e-01 196
0.806497 1.754704e-01 1.820305e-01 1.102012e-01 217
0.807008 1.583320e-01 1.729452e-01 1.066609e-01 196
0.807527 1.597889e-01 1.690133e-01 1.032685e-01 198
0.808013 1.531807e-01 1.592003e-01 9.882139e-02 190
0.808531 1.473909e-01 1.601604e-01 9.766926e-02 183
0.809054 1.528772e-01 1.582661e-01 9.713609e-02 190
0.809566 1.454914e-01 1.533963e-01 9.364952e-02 181
0.810079 1.606049e-01 1.690804e-01 1.042086e-01 200
0.810578 1.315657e-01 1.428358e-01 9.163080e-02 164
0.811100 1.474643e-01 1.555767e-01 9.733173e-02 184
0.811606 1.601289e-01 1.680581e-01 1.036440e-01 200
0.812120 1.583710e-01 1.691145e-01 1.067445e-01 198
0.812618 1.654061e-01 1.760009e-01 1.099973e-01 207
0.813163 1.524705e-01 1.629449e-01 1.013427e-01 191
0.813669 1.483326e-01 1.516384e-01 9.476985e-02 186
0.814169 1.553567e-01 1.669217e-01 1.029020e-01 195
0.814695 1.297343e-01 1.437315e-01 9.401467e-02 163
0.815191 1.311968e-01 1.386823e-01 8.768565e-02 165
0.815711 1.342450e-01 1.425311e-01 8.862604e-02 169
0.816197 1.293515e-01 1.357929e-01 8.555416e-02 163
0.816752 1.490439e-01 1.586454e-01 9.873143e-02 188
0.817241 1.481054e-01 1.564584e-01 9.994816e-02 187
0.817768 1.487511e-01 1.535297e-01 9.705056e-02 188
0.818284 1.264723e-01 1.368564e-01 8.705290e-02 160
0.818812 1.445107e-01 1.513294e-01 9.597194e-02 183
0.819292 1.396355e-01 1.466895e-01 9.209717e-02 177
0.819835 1.245242e-01 1.325934e-01 8.469274e-02 158
0.820351 1.456607e-01 1.536105e-01 1.002528e-01 185
0.820853 1.250668e-01 1.326490e-01 8.858030e-02 159
0.821364 1.312309e-01 1.355390e-01 9.085186e-02 167
0.821886 1.303174e-01 1.413498e-01 9.299110e-02 166
0.822400 1.215629e-01 1.267425e-01 8.329410e-02 155
0.822916 1.159594e-01 1.255560e-01 8.271739e-02 148
0.823424 1.354147e-01 1.425998e-01 9.235319e-02 173
0.823938 1.501400e-01 1.589878e-01 1.041602e-01 192
0.824483 1.242133e-01 1.290975e-01 8.369658e-02 159
0.824978 1.186289e-01 1.251403e-01 8.199352e-02 152
0.825495 1.489212e-01 1.584661e-01 1.047003e-01 191
0.826032 1.246291e-01 1.305714e-01 8.602870e-02 160
0.826524 1.260640e-01 1.346428e-01 8.838693e-02 162
0.827051 1.290509e-01 1.350693e-01 8.809434e-02 166
0.827559 1.126154e-01 1.220973e-01 7.921446e-02 145
0.828074 1.272480e-01 1.338804e-01 8.734554e-02 164
0.828605 1.139467e-01 1.181734e-01 7.731978e-02 147
0.829111 1.053176e-01 1.133554e-01 7.516572e-02 136
0.829626 1.028944e-01 1.086689e-01 7.121258e-02 133
0.830159 1.128420e-01 1.195799e-01 8.082376e-02 146
0.830667 1.073275e-01 1.108925e-01 7.495302e-02 139
0.831184 1.110803e-01 1.208634e-01 8.332775e-02 144
0.831717 1.132845e-01 1.179899e-01 7.968384e-02 147
0.832227 1.124048e-01 1.188180e-01 8.048155e-02 146
0.832741 1.369088e-01 1.469465e-01 1.003841e-01 178
0.833273 1.014295e-01 1.084338e-01 7.353592e-02 132
0.833779 1.174523e-01 1.246301e-01 8.437600e-02 153
0.834315 1.027672e-01 1.086808e-01 7.323789e-02 134
0.834805 1.202899e-01 1.233030e-01 8.420067e-02 157
0.835337 1.079266e-01 1.123587e-01 7.566206e-02 141
0.835856 1.001754e-01 1.067749e-01 7.263377e-02 131
0.836412 1.038985e-01 1.106975e-01 7.480455e-02 136
0.836901 1.091408e-01 1.131195e-01 7.647110e-02 143
0.837444 1.219977e-01 1.317776e-01 9.003812e-02 160
0.837937 1.013129e-01 1.061513e-01 7.224227e-02 133
0.838454 1.027373e-01 1.089633e-01 7.367887e-02 135
0.838956 9.047376e-02 9.496906e-02 6.409457e-02 119
0.839486 1.116541e-01 1.188521e-01 7.952978e-02 147
0.840018 9.105850e-02 9.501797e-02 6.677028e-02 120
0.840532 9.400328e-02 1.017382e-01 7.253123e-02 124
0.841051 9.845709e-02 1.003635e-01 7.064801e-02 130
0.841585 9.760585e-02 1.031923e-01 7.280711e-02 129
0.842108 9.297666e-02 9.815943e-02 6.976864e-02 123
0.842638 9.439777e-02 1.001427e-01 6.984462e-02 125
0.843155 8.827153e-02 9.823083e-02 6.916689e-02 117
0.843680 9.798542e-02 1.028077e-01 7.297015e-02 130
0.844200 1.084336e-01 1.143769e-01 8.065943e-02 144
0.844721 1.045683e-01 1.122526e-01 7.941719e-02 139
0.845259 1.014619e-01 1.039557e-01 7.357642e-02 135
0.845789 1.073716e-01 1.103598e-01 7.894363e-02 143
0.846284 9.451660e-02 1.004775e-01 7.157811e-02 126
0.846784 9.742387e-02 1.025877e-01 7.223058e-02 130
0.847352 9.283856e-02 1.001938e-01 7.169177e-02 124
0.847876 9.349785e-02 9.808728e-02 6.864808e-02 125
0.848383 9.789218e-02 1.040609e-01 7.406347e-02 131
0.848923 9.033319e-02 9.886013e-02 6.964303e-02 121
0.849432 8.204274e-02 8.275588e-02 5.793073e-02 110
0.849960 9.016095e-02 9.402897e-02 6.723806e-02 121
0.850509 8.858618e-02 9.296291e-02 6.705192e-02 119
0.851031 8.850179e-02 9.313793e-02 6.777671e-02 119
0.851527 1.084786e-01 1.126420e-01 8.179695e-02 146
0.852068 8.833337e-02 9.036815e-02 6.540985e-02 119
0.852594 8.305820e-02 8.738941e-02 6.366823e-02 112
0.853102 8.964720e-02 9.692002e-02 7.014936e-02 121
0.853665 8.882181e-02 9.318571e-02 6.720525e-02 120
0.854167 9.169535e-02 9.810135e-02 7.031449e-02 124
0.854686 9.973483e-02 1.013397e-01 7.323784e-02 135
0.855207 8.635482e-02 9.197172e-02 6.634408e-02 117
0.855746 8.627291e-02 9.315256e-02 6.699819e-02 117
0.856271 9.355787e-02 1.003526e-01 7.271829e-02 127
0.856789 7.065389e-02 7.716953e-02 5.640426e-02 96
0.857323 8.161618e-02 8.592315e-02 6.161063e-02 111
0.857851 7.933515e-02 8.166624e-02 5.836339e-02 108
0.858369 8.366341e-02 8.690851e-02 6.272890e-02 114
0.858890 9.164942e-02 9.928313e-02 7.095344e-02 125
0.859436 8.716776e-02 9.244333e-02 6.686919e-02 119
0.859953 6.586290e-02 6.776934e-02 4.967126e-02 90
0.860478 9.943215e-02 1.023411e-01 7.523842e-02 136
0.861006 9.057313e-02 9.810768e-02 7.173552e-02 124
0.861557 8.975792e-02 9.281228e-02 6.786455e-02 123
0.862054 7.436319e-02 7.675182e-02 5.653233e-02 102
0.862606 7.647818e-02 7.851279e-02 5.724972e-02 105
0.863105 7.786146e-02 8.499032e-02 6.349369e-02 107
0.863636 8.578504e-02 9.084218e-02 6.642996e-02 118
0.864162 8.788320e-02 9.081053e-02 6.621695e-02 121
0.864735 9.070300e-02 9.538477e-02 6.992579e-02 125
0.865244 7.539392e-02 8.054573e-02 5.892169e-02 104
0.865763 9.487806e-02 1.003348e-01 7.355055e-02 131
0.866344 8.176447e-02 8.389820e-02 6.174189e-02 113
0.866858 8.530218e-02 8.808725e-02 6.497458e-02 118
0.867391 8.449987e-02 8.694917e-02 6.396456e-02 117
0.867902 7.936978e-02 8.480234e-02 6.221423e-02 110
0.868456 6.343627e-02 6.570287e-02 4.810003e-02 88
0.868950 5.761527e-02 6.193944e-02 4.553753e-02 80
0.869504 8.274435e-02 8.713563e-02 6.391061e-02 115
0.870055 7.691611e-02 8.278294e-02 6.330387e-02 107
0.870586 7.684411e-02 7.923233e-02 6.058315e-02 107
0.871096 8.322968e-02 8.784099e-02 6.697013e-02 116
0.871582 7.024897e-02 7.412130e-02 5.687124e-02 98
0.872177 7.233176e-02 7.654670e-02 5.841895e-02 101
0.872691 8.013453e-02 8.464471e-02 6.475633e-02 112
0.873251 5.790031e-02 6.045954e-02 4.632189e-02 81
0.873796 6.855853e-02 7.046875e-02 5.392216e-02 96
0.874319 6.992153e-02 7.504353e-02 5.724809e-02 98
0.874832 7.413323e-02 7.969236e-02 6.077860e-02 104
0.875350 7.050335e-02 7.175218e-02 5.539719e-02 99
0.875909 6.118827e-02 6.327567e-02 4.828609e-02 86
0.876449 6.042045e-02 6.382174e-02 4.886662e-02 85
0.876942 6.107437e-02 6.451097e-02 4.955138e-02 86
0.877499 7.166013e-02 7.330941e-02 5.575672e-02 101
0.878040 6.946695e-02 7.272005e-02 5.564393e-02 98
0.878554 5.665500e-02 5.857298e-02 4.470979e-02 80
0.879104 6.084753e-02 6.526272e-02 4.996257e-02 86
0.879612 6.573912e-02 6.715658e-02 5.155934e-02 93
0.880153 6.073458e-02 6.431274e-02 4.974495e-02 86
0.880702 7.337832e-02 8.056076e-02 6.291454e-02 104
0.881205 5.780232e-02 6.038279e-02 4.723693e-02 82
0.881787 5.634023e-02 6.079318e-02 4.739448e-02 80
0.882302 6.473123e-02 6.826873e-02 5.336150e-02 92
0.882825 5.834474e-02 6.007515e-02 4.713052e-02 83
0.883406 7.655047e-02 7.859007e-02 6.122389e-02 109
0.883943 5.613185e-02 5.860131e-02 4.569480e-02 80
0.884458 7.360491e-02 7.744364e-02 6.033107e-02 105
0.884998 5.812914e-02 6.136831e-02 4.816871e-02 83
0.885499 6.297335e-02 6.525829e-02 5.116281e-02 90
0.886072 7.270200e-02 7.767136e-02 6.053146e-02 104
0.886590 6.006346e-02 6.184690e-02 4.806474e-02 86
0.887142 5.931027e-02 6.127728e-02 4.806246e-02 85
0.887656 6.483256e-02 6.994473e-02 5.451050e-02 93
0.888234 6.268334e-02 6.873706e-02 5.365227e-02 90
0.888708 6.332142e-02 6.541605e-02 5.098653e-02 91
0.889296 5.144472e-02 5.450842e-02 4.236160e-02 74
0.889780 4.584088e-02 4.847558e-02 3.777490e-02 66
0.890357 6.869805e-02 7.377481e-02 5.942074e-02 99
0.890895 6.239533e-02 6.619006e-02 5.306982e-02 90
0.891420 4.640715e-02 4.862178e-02 3.924755e-02 67
0.891973 7.888886e-02 8.110569e-02 6.516757e-02 114
0.892490 6.153210e-02 6.438365e-02 5.241321e-02 89
0.893081 5.249603e-02 5.622321e-02 4.507861e-02 76
0.893565 5.244785e-02 5.439722e-02 4.361457e-02 76
0.894119 5.308921e-02 5.395520e-02 4.352260e-02 77
0.894656 5.372938e-02 5.665781e-02 4.542706e-02 78
0.895230 6.056221e-02 6.188503e-02 5.000882e-02 88
0.895762 4.606763e-02 4.820397e-02 3.878678e-02 67
0.896280 4.739934e-02 5.028629e-02 4.044597e-02 69
0.896839 4.872860e-02 5.097982e-02 4.087457e-02 71
0.897350 5.142679e-02 5.469755e-02 4.413511e-02 75
0.897911 5.412002e-02 5.583291e-02 4.489434e-02 79
0.898440 4.585731e-02 4.688093e-02 3.758816e-02 67
0.898992 4.444780e-02 4.634885e-02 3.716155e-02 65
0.899542 5.055590e-02 5.350913e-02 4.290252e-02 74
0.900071 4.846207e-02 5.170973e-02 4.168889e-02 71
0.900608 4.432621e-02 4.513033e-02 3.652052e-02 65
0.901183 5.109899e-02 5.393522e-02 4.364563e-02 75
0.901707 5.990151e-02 6.319292e-02 5.152742e-02 88
0.902243 4.896568e-02 5.193602e-02 4.202783e-02 72
0.902785 4.144703e-02 4.344268e-02 3.515483e-02 61
0.903352 4.819772e-02 5.105029e-02 4.131108e-02 71
0.903903 4.679743e-02 4.860893e-02 3.933548e-02 69
0.904430 6.098462e-02 6.379348e-02 5.175346e-02 90
0.904985 5.212830e-02 5.457282e-02 4.428509e-02 77
0.905550 5.749195e-02 6.038070e-02 4.911558e-02 85
0.906045 6.014279e-02 6.384524e-02 5.192134e-02 89
0.906600 5.468701e-02 5.877021e-02 4.830928e-02 81
0.907165 5.261379e-02 5.717838e-02 4.627008e-02 78
0.907661 5.863139e-02 6.327623e-02 5.158478e-02 87
0.908224 4.847855e-02 4.987580e-02 4.048806e-02 72
0.908793 5.583436e-02 5.857151e-02 4.764403e-02 83
0.909319 4.906285e-02 5.128992e-02 4.175786e-02 73
0.909897 3.558873e-02 3.615415e-02 2.956337e-02 53
0.910380 4.897409e-02 5.130137e-02 4.314913e-02 73
0.910967 4.960007e-02 5.054456e-02 4.230265e-02 74
0.911494 4.754623e-02 4.912264e-02 4.122846e-02 71
0.912063 3.612925e-02 3.843409e-02 3.216694e-02 54
0.912621 4.612346e-02 4.950798e-02 4.143510e-02 69
0.913145 4.274256e-02 4.433368e-02 3.720779e-02 64
0.913696 3.936774e-02 4.416667e-02 3.723467e-02 59
0.914248 4.466541e-02 4.734134e-02 3.962175e-02 67
0.914777 4.529119e-02 4.601270e-02 3.882685e-02 68
0.915315 4.924306e-02 5.152445e-02 4.322122e-02 74
0.915896 4.587447e-02 4.867840e-02 4.074078e-02 69
0.916418 3.520519e-02 3.901911e-02 3.276187e-02 53
0.916978 4.579192e-02 4.700774e-02 3.955178e-02 69
0.917555 4.110935e-02 4.367560e-02 3.666517e-02 62
0.918086 3.709764e-02 3.944421e-02 3.311717e-02 56
0.918614 3.441685e-02 3.801406e-02 3.213233e-02 52
0.919167 3.967608e-02 4.248109e-02 3.565864e-02 60
0.919759 3.633708e-02 3.807599e-02 3.186723e-02 55
0.920276 2.904357e-02 3.026370e-02 2.624732e-02 44
0.920834 4.154781e-02 4.535260e-02 3.899865e-02 63
0.921340 4.019276e-02 4.252252e-02 3.646152e-02 61
0.921904 4.410658e-02 4.736233e-02 4.059742e-02 67
0.922490 2.762413e-02 2.894439e-02 2.485072e-02 42
0.923018 3.548493e-02 3.737909e-02 3.196962e-02 54
0.923547 3.414009e-02 3.613914e-02 3.090911e-02 52
0.924144 3.542145e-02 3.739971e-02 3.208007e-02 54
0.924705 3.866661e-02 4.219456e-02 3.627480e-02 59
0.925205 3.535814e-02 3.641186e-02 3.123192e-02 54
0.925764 4.775626e-02 5.057058e-02 4.333999e-02 73
0.926331 4.379194e-02 4.390944e-02 3.764773e-02 67
0.926865 3.722257e-02 3.979439e-02 3.403538e-02 57
0.927426 3.131736e-02 3.238334e-02 2.778938e-02 48
0.927988 3.128942e-02 3.336136e-02 2.853333e-02 48
0.928516 3.451794e-02 3.690904e-02 3.165648e-02 53
0.929109 3.904209e-02 3.999558e-02 3.440135e-02 60
0.929659 3.185597e-02 3.358231e-02 2.872230e-02 49
0.930167 4.351939e-02 4.504034e-02 3.928886e-02 67
0.930774 3.763997e-02 3.939362e-02 3.446310e-02 58
0.931307 4.020004e-02 4.322299e-02 3.772446e-02 62
0.931833 3.044713e-02 3.282358e-02 2.873568e-02 47
0.932401 3.042007e-02 3.091523e-02 2.698241e-02 47
0.932970 3.879964e-02 3.905988e-02 3.409095e-02 60
0.933510 2.907389e-02 3.192126e-02 2.793802e-02 45
0.934071 2.646603e-02 2.755583e-02 2.405037e-02 41
0.934610 2.644255e-02 2.826726e-02 2.467130e-02 41
0.935198 3.157405e-02 3.303629e-02 2.899154e-02 49
0.935655 3.154607e-02 3.390305e-02 2.982527e-02 49
0.936268 3.151812e-02 3.270314e-02 2.854288e-02 49
0.936792 2.956223e-02 3.044052e-02 2.665518e-02 46
0.937365 2.696771e-02 2.858851e-02 2.495168e-02 42
0.937909 3.143449e-02 3.193153e-02 2.786942e-02 49
0.938528 2.820193e-02 2.950464e-02 2.590825e-02 44
0.939033 3.201932e-02 3.403616e-02 2.979558e-02 50
0.939614 2.943174e-02 3.261646e-02 2.854521e-02 46
0.940124 2.493096e-02 2.536232e-02 2.267004e-02 39
0.940679 2.299287e-02 2.336355e-02 2.087214e-02 36
0.941271 2.999199e-02 3.108416e-02 2.776945e-02 47
0.941820 2.550258e-02 2.864436e-02 2.585474e-02 40
0.942364 2.802810e-02 2.867457e-02 2.561682e-02 44
0.942936 2.482120e-02 2.806969e-02 2.507644e-02 39
0.943499 2.670697e-02 2.984162e-02 2.665941e-02 42
0.944036 2.160089e-02 2.222916e-02 1.992437e-02 34
0.944634 2.539045e-02 2.632193e-02 2.358363e-02 40
0.945138 2.473391e-02 2.536951e-02 2.266419e-02 39
0.945741 3.041497e-02 3.245780e-02 2.899662e-02 48
0.946323 3.165441e-02 3.302961e-02 2.963898e-02 50
0.946884 2.593381e-02 2.736693e-02 2.444861e-02 41
0.947393 2.654301e-02 2.747273e-02 2.454314e-02 42
0.947990 2.020550e-02 2.181764e-02 1.949109e-02 32
0.948554 3.028165e-02 3.111423e-02 2.779631e-02 48
0.949103 2.206101e-02 2.290611e-02 2.046349e-02 35
0.949632 2.519048e-02 2.720875e-02 2.437041e-02 40
0.950193 2.453919e-02 2.528785e-02 2.298202e-02 39
0.950756 2.766099e-02 2.867358e-02 2.605304e-02 44
0.951303 2.512434e-02 2.591031e-02 2.354878e-02 40
0.951918 2.070944e-02 2.169042e-02 1.972331e-02 33
0.952435 2.131834e-02 2.372459e-02 2.156739e-02 34
0.952986 2.881724e-02 3.020931e-02 2.738856e-02 46
0.953562 2.128108e-02 2.411628e-02 2.186445e-02 34
0.954126 1.813565e-02 1.959592e-02 1.776618e-02 29
0.954730 2.186875e-02 2.316032e-02 2.099776e-02 35
0.955243 2.309821e-02 2.414527e-02 2.200391e-02 37
0.955840 2.370179e-02 2.565760e-02 2.343155e-02 38
0.956352 1.682606e-02 1.768696e-02 1.603546e-02 27
0.956972 1.743404e-02 1.785897e-02 1.619141e-02 28
0.957501 2.239566e-02 2.348076e-02 2.128827e-02 36
0.958075 2.175459e-02 2.365453e-02 2.144582e-02 35
0.958668 1.987260e-02 2.002364e-02 1.815396e-02 32
0.959157 2.606009e-02 2.642097e-02 2.400877e-02 42
0.959769 2.417761e-02 2.480538e-02 2.253415e-02 39
0.960327 2.167899e-02 2.217409e-02 2.050461e-02 35
0.960938 1.732812e-02 1.731999e-02 1.601598e-02 28
0.961464 1.483977e-02 1.496400e-02 1.383737e-02 24
0.962058 2.285812e-02 2.494494e-02 2.311751e-02 37
0.962632 2.283828e-02 2.425009e-02 2.242431e-02 37
0.963112 1.233431e-02 1.341024e-02 1.240059e-02 20
0.963668 1.971778e-02 1.980362e-02 1.831261e-02 32
0.964307 1.908504e-02 1.924727e-02 1.779816e-02 31
0.964844 1.968362e-02 2.044782e-02 1.890831e-02 32
0.965396 1.720825e-02 1.754102e-02 1.622036e-02 28
0.965994 1.350906e-02 1.385160e-02 1.280872e-02 22
0.966528 1.840551e-02 2.045606e-02 1.895981e-02 30
0.967071 2.084154e-02 2.325509e-02 2.159308e-02 34
0.967650 1.592387e-02 1.615476e-02 1.493847e-02 26
0.968232 1.285047e-02 1.319638e-02 1.220283e-02 21
0.968844 1.467357e-02 1.496876e-02 1.384177e-02 24
0.969380 2.199135e-02 2.342841e-02 2.175512e-02 36
0.970000 1.892065e-02 2.008748e-02 1.864393e-02 31
0.970471 1.707488e-02 1.759149e-02 1.636366e-02 28
0.971073 1.218582e-02 1.251917e-02 1.168619e-02 20
0.971627 1.400162e-02 1.452396e-02 1.351024e-02 23
0.972218 1.885549e-02 2.070175e-02 1.925684e-02 31
0.972737 1.823153e-02 2.013495e-02 1.881002e-02 30
0.973390 1.943023e-02 1.962142e-02 1.825191e-02 32
0.973945 1.759349e-02 1.760940e-02 1.638032e-02 29
0.974487 1.454761e-02 1.519321e-02 1.421904e-02 24
0.974957 1.150696e-02 1.144807e-02 1.064903e-02 19
0.975627 2.420435e-02 2.606234e-02 2.428600e-02 40
0.976156 1.874226e-02 1.985401e-02 1.851330e-02 31
0.976775 1.812210e-02 1.947410e-02 1.811487e-02 30
0.977322 1.629589e-02 1.784632e-02 1.660070e-02 27
0.977878 9.045507e-03 9.090194e-03 8.455727e-03 15
0.978436 9.640267e-03 9.740291e-03 9.060450e-03 16
0.979019 1.745801e-02 1.794584e-02 1.669327e-02 29
0.979582 1.563860e-02 1.610791e-02 1.498363e-02 26
0.980146 1.863005e-02 2.078661e-02 1.949801e-02 31
0.980787 1.080819e-02 1.273665e-02 1.198180e-02 18
0.981334 8.999118e-03 9.339501e-03 8.785989e-03 15
0.981871 1.798284e-02 1.876847e-02 1.765614e-02 30
0.982440 1.557181e-02 1.581366e-02 1.487645e-02 26
0.983026 8.377653e-03 8.179585e-03 7.694817e-03 14
0.983673 1.554521e-02 1.592043e-02 1.497690e-02 26
0.984202 1.194764e-02 1.206254e-02 1.138123e-02 20
0.984745 9.549957e-03 1.018957e-02 9.585680e-03 16
0.985302 2.087271e-02 2.204615e-02 2.073957e-02 35
0.985875 1.251295e-02 1.457227e-02 1.370864e-02 21
0.986485 1.607436e-02 1.720389e-02 1.621789e-02 27
0.987023 1.249163e-02 1.273899e-02 1.198401e-02 21
0.987664 1.248099e-02 1.304881e-02 1.227546e-02 21
0.988232 1.425185e-02 1.447484e-02 1.361698e-02 24
0.988731 1.067979e-02 1.107262e-02 1.041639e-02 18
0.989391 1.363479e-02 1.434554e-02 1.349534e-02 23
0.989870 1.243857e-02 1.313775e-02 1.237303e-02 21
0.990520 1.124438e-02 1.208563e-02 1.146184e-02 19
0.991099 1.478267e-02 1.561812e-02 1.484027e-02 25
0.991687 1.240690e-02 1.255161e-02 1.193263e-02 21
0.992173 1.239637e-02 1.253213e-02 1.191367e-02 21
0.992829 1.297566e-02 1.395876e-02 1.326692e-02 22
0.993401 8.839536e-03 9.049338e-03 8.610630e-03 15
0.993940 1.118725e-02 1.120529e-02 1.068505e-02 19
0.994547 1.294269e-02 1.402521e-02 1.332905e-02 22
0.995104 1.116831e-02 1.137541e-02 1.078827e-02 19
0.995679 1.409539e-02 1.453866e-02 1.384405e-02 24
0.996264 1.056260e-02 1.116072e-02 1.063997e-02 18
0.996868 1.407155e-02 1.600880e-02 1.526296e-02 24
0.997434 1.523129e-02 1.649667e-02 1.578303e-02 26
0.997924 7.609210e-03 7.642737e-03 7.275641e-03 13
0.998579 1.345108e-02 1.545399e-02 1.471175e-02 23
0.999093 1.986741e-02 2.075557e-02 1.982109e-02 34
0.999691 1.342837e-02 1.395442e-02 1.326258e-02 23
