#Interval: 1.000000 Mpc/h, Area= 1.000000 deg^2
# z <nobs> <wc nobs> <wc wfkp nobs> N_obj
0.600224 3.070352e+01 3.099485e+01 8.103347e+00 22976
0.600665 3.040809e+01 3.074714e+01 8.053691e+00 22784
0.601137 3.157960e+01 3.206911e+01 8.393282e+00 23692
0.601597 3.193606e+01 3.213115e+01 8.433982e+00 23990
0.602049 3.001144e+01 3.050819e+01 8.018284e+00 22573
0.602512 3.104082e+01 3.113337e+01 8.202603e+00 23377
0.602966 3.085811e+01 3.109990e+01 8.166273e+00 23269
0.603397 3.163475e+01 3.172804e+01 8.377734e+00 23885
0.603861 2.913948e+01 2.931917e+01 7.737139e+00 22029
0.604327 3.142894e+01 3.188166e+01 8.425811e+00 23790
0.604785 3.187725e+01 3.218964e+01 8.515396e+00 24160
0.605232 2.830921e+01 2.847225e+01 7.553961e+00 21483
0.605681 2.938937e+01 2.992098e+01 7.933606e+00 22331
0.606145 2.828353e+01 2.860142e+01 7.623063e+00 21518
0.606603 3.029694e+01 3.060796e+01 8.174267e+00 23079
0.607050 2.804550e+01 2.856519e+01 7.623979e+00 21391
0.607519 2.958399e+01 2.969759e+01 7.931133e+00 22593
0.607979 2.665904e+01 2.684028e+01 7.209131e+00 20385
0.608430 2.670898e+01 2.725043e+01 7.299076e+00 20449
0.608891 3.035782e+01 3.041336e+01 8.149058e+00 23272
0.609336 2.813339e+01 2.811424e+01 7.511252e+00 21594
0.609793 2.593666e+01 2.601777e+01 7.000112e+00 19933
0.610255 2.675521e+01 2.698451e+01 7.511132e+00 20588
0.610722 2.970935e+01 3.026195e+01 8.389483e+00 22890
0.611172 2.816959e+01 2.845783e+01 7.909802e+00 21731
0.611636 2.720591e+01 2.732520e+01 7.643486e+00 21014
0.612108 2.871432e+01 2.905439e+01 8.105440e+00 22207
0.612556 2.702011e+01 2.703175e+01 7.525716e+00 20923
0.612995 2.901118e+01 2.947228e+01 8.189310e+00 22493
0.613474 2.776135e+01 2.795271e+01 7.784410e+00 21551
0.613937 2.836341e+01 2.887368e+01 8.038348e+00 22046
0.614378 2.643903e+01 2.692341e+01 7.504089e+00 20576
0.614839 2.773548e+01 2.780239e+01 7.769395e+00 21612
0.615298 2.999637e+01 3.014583e+01 8.435780e+00 23403
0.615750 2.665359e+01 2.681561e+01 7.499142e+00 20821
0.616213 2.893572e+01 2.918089e+01 8.161120e+00 22632
0.616675 2.526289e+01 2.568668e+01 7.200751e+00 19784
0.617133 2.791087e+01 2.838893e+01 7.931603e+00 21885
0.617588 2.786078e+01 2.804312e+01 7.860435e+00 21873
0.618055 2.761489e+01 2.802691e+01 7.873305e+00 21707
0.618513 2.605200e+01 2.648479e+01 7.399436e+00 20504
0.618976 2.760837e+01 2.811830e+01 7.876215e+00 21756
0.619427 2.574007e+01 2.595195e+01 7.301232e+00 20309
0.619893 2.651569e+01 2.686287e+01 7.621937e+00 20947
0.620354 3.076865e+01 3.096160e+01 9.069324e+00 24337
0.620818 2.640569e+01 2.678799e+01 7.877716e+00 20912
0.621273 2.702242e+01 2.755001e+01 8.052464e+00 21427
0.621733 2.509956e+01 2.553240e+01 7.501576e+00 19927
0.622212 2.584340e+01 2.599117e+01 7.627320e+00 20543
0.622648 2.741464e+01 2.779277e+01 8.205392e+00 21819
0.623114 2.500393e+01 2.529268e+01 7.474763e+00 19925
0.623564 2.756243e+01 2.779110e+01 8.212805e+00 21991
0.624040 2.673723e+01 2.694595e+01 7.975756e+00 21359
0.624503 2.265712e+01 2.301913e+01 6.811652e+00 18122
0.624971 2.333967e+01 2.376683e+01 7.064501e+00 18691
0.625425 2.490352e+01 2.516531e+01 7.456833e+00 19968
0.625891 2.404073e+01 2.414849e+01 7.199060e+00 19300
0.626353 2.571802e+01 2.587153e+01 7.723725e+00 20672
0.626818 2.510234e+01 2.525437e+01 7.537171e+00 20202
0.627266 2.371748e+01 2.380815e+01 7.105466e+00 19111
0.627733 2.330778e+01 2.339321e+01 7.011524e+00 18804
0.628197 2.355644e+01 2.374091e+01 7.119512e+00 19028
0.628643 2.390463e+01 2.439051e+01 7.304700e+00 19333
0.629126 2.294784e+01 2.306965e+01 6.974276e+00 18582
0.629576 2.230297e+01 2.232631e+01 6.718722e+00 18082
0.630046 2.329565e+01 2.336431e+01 7.357404e+00 18910
0.630504 2.325973e+01 2.343200e+01 7.572290e+00 18904
0.630979 2.268561e+01 2.292710e+01 7.436080e+00 18460
0.631438 2.130034e+01 2.153125e+01 6.979854e+00 17354
0.631895 1.949183e+01 1.967692e+01 6.400080e+00 15900
0.632368 2.245432e+01 2.255275e+01 7.341059e+00 18339
0.632827 2.037485e+01 2.050747e+01 6.695234e+00 16661
0.633295 2.330336e+01 2.339306e+01 7.632646e+00 19079
0.633755 2.080946e+01 2.095393e+01 6.848707e+00 17058
0.634213 2.418718e+01 2.448601e+01 8.009615e+00 19851
0.634696 1.972192e+01 1.987291e+01 6.480380e+00 16206
0.635155 2.189425e+01 2.246071e+01 7.313107e+00 18013
0.635603 2.531655e+01 2.573038e+01 8.388317e+00 20854
0.636089 1.894795e+01 1.907488e+01 6.257808e+00 15627
0.636549 2.046536e+01 2.068066e+01 6.758712e+00 16899
0.637030 2.125090e+01 2.150432e+01 7.027536e+00 17569
0.637453 2.336465e+01 2.346158e+01 7.697129e+00 19340
0.637934 2.042469e+01 2.062872e+01 6.766015e+00 16927
0.638398 1.985277e+01 2.001077e+01 6.569561e+00 16473
0.638858 2.012242e+01 2.022710e+01 6.652521e+00 16717
0.639329 2.246167e+01 2.299005e+01 7.566708e+00 18683
0.639808 2.161193e+01 2.190006e+01 7.234057e+00 17998
0.640263 2.224783e+01 2.248440e+01 7.750529e+00 18550
0.640727 2.107455e+01 2.144210e+01 7.443542e+00 17593
0.641203 1.961454e+01 1.994318e+01 6.916801e+00 16394
0.641660 2.023138e+01 2.057329e+01 7.138636e+00 16930
0.642129 2.058055e+01 2.105367e+01 7.279904e+00 17243
0.642592 2.031253e+01 2.071333e+01 7.180373e+00 17039
0.643064 1.830556e+01 1.849652e+01 6.432149e+00 15374
0.643532 2.140647e+01 2.191685e+01 7.564560e+00 18000
0.644011 1.869505e+01 1.896517e+01 6.616588e+00 15739
0.644457 1.722279e+01 1.746129e+01 6.056975e+00 14517
0.644930 1.872831e+01 1.930123e+01 6.689829e+00 15805
0.645386 1.840992e+01 1.852827e+01 6.477060e+00 15555
0.645860 2.021063e+01 2.034222e+01 7.113400e+00 17097
0.646343 1.883565e+01 1.905022e+01 6.678534e+00 15953
0.646809 1.904302e+01 1.920463e+01 6.725272e+00 16148
0.647262 1.561851e+01 1.606953e+01 5.590656e+00 13260
0.647743 1.904328e+01 1.908814e+01 6.684582e+00 16187
0.648207 1.852343e+01 1.897504e+01 6.670259e+00 15764
0.648678 1.750602e+01 1.787269e+01 6.243441e+00 14916
0.649143 1.948374e+01 1.960886e+01 6.860145e+00 16621
0.649615 2.077647e+01 2.106444e+01 7.380350e+00 17745
0.650061 1.870046e+01 1.876708e+01 6.720762e+00 15991
0.650562 1.823078e+01 1.824811e+01 6.554060e+00 15608
0.651013 1.767587e+01 1.802635e+01 6.471917e+00 15151
0.651475 1.843085e+01 1.862161e+01 6.748751e+00 15817
0.651962 1.916424e+01 1.961735e+01 7.076134e+00 16466
0.652429 1.590158e+01 1.619781e+01 5.840442e+00 13679
0.652904 1.836740e+01 1.868363e+01 6.707203e+00 15819
0.653371 1.985898e+01 2.004296e+01 7.258775e+00 17124
0.653837 1.832142e+01 1.865428e+01 6.734333e+00 15817
0.654301 1.785885e+01 1.801239e+01 6.530705e+00 15436
0.654781 1.934684e+01 1.998022e+01 7.212653e+00 16742
0.655249 1.740672e+01 1.744880e+01 6.318811e+00 15081
0.655713 1.666901e+01 1.676849e+01 6.017096e+00 14459
0.656180 1.841562e+01 1.860778e+01 6.778582e+00 15993
0.656649 1.959222e+01 1.997903e+01 7.185594e+00 17035
0.657126 1.657882e+01 1.680169e+01 6.096365e+00 14432
0.657599 1.669460e+01 1.675264e+01 6.088511e+00 14550
0.658060 1.856123e+01 1.867958e+01 6.746633e+00 16196
0.658535 1.703404e+01 1.738965e+01 6.321910e+00 14881
0.659005 1.851740e+01 1.877222e+01 6.837270e+00 16196
0.659483 1.812668e+01 1.869178e+01 6.765030e+00 15873
0.659942 1.715856e+01 1.716450e+01 6.361336e+00 15043
0.660433 1.822977e+01 1.864420e+01 7.088960e+00 16001
0.660889 1.436544e+01 1.463278e+01 5.550499e+00 12624
0.661373 1.620574e+01 1.656186e+01 6.288056e+00 14258
0.661840 1.827216e+01 1.855641e+01 7.013948e+00 16095
0.662322 1.666542e+01 1.714177e+01 6.502563e+00 14697
0.662771 1.676928e+01 1.712931e+01 6.539345e+00 14806
0.663249 1.551084e+01 1.559579e+01 5.929651e+00 13711
0.663733 1.677511e+01 1.707413e+01 6.515352e+00 14846
0.664198 1.666514e+01 1.676084e+01 6.362857e+00 14766
0.664667 1.710102e+01 1.751466e+01 6.596392e+00 15170
0.665159 1.726901e+01 1.746806e+01 6.634808e+00 15337
0.665615 1.901560e+01 1.946260e+01 7.442475e+00 16908
0.666094 1.580756e+01 1.606805e+01 6.134136e+00 14072
0.666567 1.529987e+01 1.583620e+01 6.056501e+00 13636
0.667048 1.642398e+01 1.683888e+01 6.368104e+00 14655
0.667504 1.718836e+01 1.753167e+01 6.704126e+00 15355
0.667973 1.648625e+01 1.688489e+01 6.411499e+00 14745
0.668465 1.583602e+01 1.608597e+01 6.172563e+00 14180
0.668934 1.655599e+01 1.684085e+01 6.404335e+00 14842
0.669397 1.524535e+01 1.548123e+01 5.918251e+00 13683
0.669883 1.541121e+01 1.569561e+01 6.036801e+00 13848
0.670384 1.630254e+01 1.663423e+01 6.619008e+00 14666
0.670840 1.525765e+01 1.573517e+01 6.323157e+00 13742
0.671304 1.573341e+01 1.597543e+01 6.401779e+00 14187
0.671792 1.544040e+01 1.552895e+01 6.208054e+00 13939
0.672259 1.492346e+01 1.509202e+01 6.038626e+00 13488
0.672737 1.544434e+01 1.554800e+01 6.203734e+00 13975
0.673208 1.575315e+01 1.623463e+01 6.568207e+00 14271
0.673685 1.549672e+01 1.558222e+01 6.248814e+00 14055
0.674173 1.603381e+01 1.640958e+01 6.596887e+00 14559
0.674643 1.552903e+01 1.567355e+01 6.341271e+00 14117
0.675105 1.404202e+01 1.423600e+01 5.747335e+00 12780
0.675578 1.319059e+01 1.363002e+01 5.498921e+00 12019
0.676063 1.317643e+01 1.330503e+01 5.408030e+00 12020
0.676542 1.358932e+01 1.391134e+01 5.621449e+00 12411
0.677018 1.565270e+01 1.616334e+01 6.537485e+00 14312
0.677494 1.395231e+01 1.422628e+01 5.827428e+00 12772
0.677985 1.556312e+01 1.596502e+01 6.487479e+00 14263
0.678458 1.279755e+01 1.304676e+01 5.293491e+00 11742
0.678939 1.308979e+01 1.312263e+01 5.298360e+00 12024
0.679412 1.395984e+01 1.424060e+01 5.740224e+00 12838
0.679885 1.258285e+01 1.288595e+01 5.243404e+00 11585
0.680366 1.373571e+01 1.419647e+01 5.875163e+00 12661
0.680831 1.343166e+01 1.346051e+01 5.561172e+00 12395
0.681306 1.402561e+01 1.442894e+01 5.944733e+00 12958
0.681797 1.291322e+01 1.321871e+01 5.392622e+00 11944
0.682278 1.376664e+01 1.418210e+01 5.889899e+00 12748
0.682758 1.349844e+01 1.348277e+01 5.631877e+00 12514
0.683231 1.601277e+01 1.627554e+01 6.751945e+00 14862
0.683734 1.450281e+01 1.489609e+01 6.157639e+00 13476
0.684168 1.259964e+01 1.302820e+01 5.359188e+00 11721
0.684662 1.531679e+01 1.571404e+01 6.572853e+00 14265
0.685152 1.377631e+01 1.376983e+01 5.710796e+00 12845
0.685607 1.243111e+01 1.277385e+01 5.294251e+00 11604
0.686093 1.589243e+01 1.592081e+01 6.582814e+00 14852
0.686576 1.509724e+01 1.524469e+01 6.347133e+00 14125
0.687047 1.217291e+01 1.243187e+01 5.185270e+00 11402
0.687540 1.424062e+01 1.487910e+01 6.132944e+00 13354
0.688021 1.260212e+01 1.280670e+01 5.364123e+00 11831
0.688507 1.386345e+01 1.388435e+01 5.796223e+00 13030
0.688984 1.294858e+01 1.336230e+01 5.466220e+00 12184
0.689465 1.236061e+01 1.284932e+01 5.309545e+00 11644
0.689947 1.272402e+01 1.284549e+01 5.410244e+00 12000
0.690421 1.195864e+01 1.220946e+01 5.277776e+00 11291
0.690911 1.350337e+01 1.366312e+01 5.977941e+00 12764
0.691377 1.210690e+01 1.227231e+01 5.277443e+00 11457
0.691880 1.155484e+01 1.189295e+01 5.194145e+00 10947
0.692345 1.255705e+01 1.268125e+01 5.485155e+00 11910
0.692826 1.459116e+01 1.485595e+01 6.371974e+00 13855
0.693312 1.334071e+01 1.364367e+01 5.933961e+00 12682
0.693789 1.442258e+01 1.492957e+01 6.452946e+00 13726
0.694260 1.133315e+01 1.169391e+01 5.074212e+00 10798
0.694768 1.365505e+01 1.415372e+01 6.150942e+00 13025
0.695228 1.295790e+01 1.316341e+01 5.740086e+00 12374
0.695721 1.262632e+01 1.280347e+01 5.531651e+00 12071
0.696213 1.179710e+01 1.208411e+01 5.283267e+00 11291
0.696673 1.381054e+01 1.418391e+01 6.105888e+00 13233
0.697176 1.212181e+01 1.231532e+01 5.351098e+00 11628
0.697663 1.148858e+01 1.166363e+01 5.057883e+00 11033
0.698141 1.010163e+01 1.028293e+01 4.490515e+00 9712
0.698610 1.074480e+01 1.101541e+01 4.833457e+00 10342
0.699094 1.231221e+01 1.251812e+01 5.461906e+00 11864
0.699575 1.103680e+01 1.114097e+01 4.858973e+00 10647
0.700066 1.109273e+01 1.125342e+01 5.082346e+00 10713
0.700543 1.075447e+01 1.086874e+01 4.984689e+00 10398
0.701026 1.256999e+01 1.282753e+01 5.861426e+00 12167
0.701535 1.181906e+01 1.204398e+01 5.481164e+00 11453
0.701990 1.045030e+01 1.059249e+01 4.876987e+00 10138
0.702484 1.137454e+01 1.171300e+01 5.372516e+00 11047
0.702965 1.129288e+01 1.175143e+01 5.421591e+00 10980
0.703453 1.143229e+01 1.164748e+01 5.378693e+00 11128
0.703946 1.196953e+01 1.226624e+01 5.663872e+00 11664
0.704429 1.056003e+01 1.055053e+01 4.920764e+00 10302
0.704901 9.521256e+00 9.540180e+00 4.437870e+00 9299
0.705385 1.148352e+01 1.173119e+01 5.416503e+00 11228
0.705889 1.151565e+01 1.167570e+01 5.375224e+00 11272
0.706360 1.063131e+01 1.067242e+01 4.908990e+00 10418
0.706846 1.198944e+01 1.216117e+01 5.602396e+00 11762
0.707338 1.031030e+01 1.081856e+01 4.951027e+00 10126
0.707797 1.156913e+01 1.180687e+01 5.405419e+00 11375
0.708302 9.700138e+00 9.940281e+00 4.584687e+00 9548
0.708788 1.013992e+01 1.033198e+01 4.795403e+00 9992
0.709268 1.071454e+01 1.102484e+01 5.120426e+00 10570
0.709750 1.000397e+01 1.022752e+01 4.757056e+00 9880
0.710258 8.469657e+00 8.525189e+00 4.050117e+00 8374
0.710748 1.142144e+01 1.144949e+01 5.498245e+00 11305
0.711233 1.087794e+01 1.143937e+01 5.392377e+00 10779
0.711704 1.222474e+01 1.240142e+01 5.931798e+00 12127
0.712200 1.029699e+01 1.066039e+01 5.090566e+00 10226
0.712685 1.082571e+01 1.129301e+01 5.353051e+00 10763
0.713161 1.007727e+01 1.047822e+01 4.987424e+00 10030
0.713678 1.114900e+01 1.117344e+01 5.282055e+00 11109
0.714144 8.354760e+00 8.562688e+00 4.071590e+00 8334
0.714641 8.722044e+00 8.903952e+00 4.306428e+00 8710
0.715148 9.558641e+00 9.851777e+00 4.650821e+00 9556
0.715615 1.035941e+01 1.049860e+01 4.981628e+00 10368
0.716096 9.392829e+00 9.796399e+00 4.687083e+00 9411
0.716579 1.036648e+01 1.072515e+01 5.064421e+00 10398
0.717061 9.111208e+00 9.409762e+00 4.514010e+00 9149
0.717568 1.034662e+01 1.073629e+01 5.103958e+00 10401
0.718065 1.027163e+01 1.047115e+01 5.027402e+00 10337
0.718570 9.627062e+00 9.668182e+00 4.622149e+00 9699
0.719022 9.560949e+00 9.612776e+00 4.549719e+00 9643
0.719513 9.530630e+00 9.814148e+00 4.686300e+00 9623
0.719993 9.513233e+00 9.785077e+00 4.736333e+00 9616
0.720498 1.029534e+01 1.039450e+01 5.140985e+00 10418
0.720990 1.030774e+01 1.079019e+01 5.243393e+00 10442
0.721464 8.656612e+00 8.756667e+00 4.286477e+00 8779
0.721972 1.054320e+01 1.082703e+01 5.393042e+00 10704
0.722466 9.341134e+00 9.451344e+00 4.697002e+00 9494
0.722965 1.009947e+01 1.037273e+01 5.175950e+00 10276
0.723446 1.002558e+01 1.027942e+01 5.110589e+00 10212
0.723924 8.352379e+00 8.497856e+00 4.239349e+00 8517
0.724434 9.495255e+00 9.629478e+00 4.774039e+00 9693
0.724901 7.828230e+00 7.984755e+00 3.988954e+00 8000
0.725410 7.471704e+00 7.624604e+00 3.817887e+00 7644
0.725892 1.060851e+01 1.093428e+01 5.475122e+00 10865
0.726389 8.423907e+00 8.680628e+00 4.288197e+00 8637
0.726888 8.136082e+00 8.515985e+00 4.207136e+00 8351
0.727390 7.249386e+00 7.277622e+00 3.630122e+00 7449
0.727872 8.870802e+00 8.919153e+00 4.395892e+00 9125
0.728389 8.789285e+00 8.961897e+00 4.495406e+00 9051
0.728871 8.931046e+00 9.076105e+00 4.468870e+00 9207
0.729330 8.371927e+00 8.767789e+00 4.323982e+00 8640
0.729832 9.064570e+00 9.110404e+00 4.524582e+00 9365
0.730312 8.612865e+00 8.855175e+00 4.412173e+00 8908
0.730842 8.618002e+00 9.341875e+00 4.707203e+00 8923
0.731286 9.228034e+00 9.421835e+00 4.687349e+00 9565
0.731800 9.096597e+00 9.417517e+00 4.707959e+00 9439
0.732314 7.577255e+00 7.924490e+00 3.992922e+00 7871
0.732794 8.411441e+00 8.669898e+00 4.416295e+00 8747
0.733279 9.554088e+00 9.811402e+00 4.885835e+00 9946
0.733802 8.990086e+00 9.125399e+00 4.624408e+00 9369
0.734275 8.235593e+00 8.469376e+00 4.300367e+00 8592
0.734744 8.366484e+00 8.768713e+00 4.389511e+00 8738
0.735255 7.707060e+00 7.856662e+00 3.941035e+00 8058
0.735761 6.679310e+00 6.862866e+00 3.423997e+00 6991
0.736261 7.490009e+00 7.831941e+00 3.951554e+00 7848
0.736750 7.988162e+00 8.168916e+00 4.106992e+00 8379
0.737247 9.315665e+00 9.587975e+00 4.789966e+00 9782
0.737727 9.938243e+00 1.007638e+01 5.063958e+00 10447
0.738222 8.648469e+00 8.682792e+00 4.360574e+00 9101
0.738729 9.210611e+00 9.253970e+00 4.686329e+00 9703
0.739224 8.037222e+00 8.143559e+00 4.085805e+00 8476
0.739750 7.523716e+00 7.520800e+00 3.786950e+00 7943
0.740219 9.484664e+00 9.515198e+00 4.911619e+00 10024
0.740733 7.296785e+00 7.265470e+00 3.786157e+00 7720
0.741196 8.626834e+00 8.742641e+00 4.491649e+00 9137
0.741704 9.415485e+00 9.650006e+00 5.011950e+00 9983
0.742195 6.939807e+00 7.072900e+00 3.619058e+00 7366
0.742677 8.659345e+00 8.972057e+00 4.649269e+00 9201
0.743193 7.449533e+00 7.572608e+00 3.912147e+00 7924
0.743701 7.450950e+00 8.027868e+00 4.132767e+00 7934
0.744178 7.921414e+00 7.932365e+00 4.086860e+00 8444
0.744675 6.868067e+00 6.922823e+00 3.592549e+00 7329
0.745173 7.545021e+00 7.629403e+00 3.964655e+00 8060
0.745678 8.229875e+00 8.457093e+00 4.350258e+00 8801
0.746164 7.926844e+00 8.261145e+00 4.232281e+00 8486
0.746643 8.136733e+00 8.161631e+00 4.203206e+00 8720
0.747168 8.720881e+00 8.973760e+00 4.664489e+00 9356
0.747664 8.417350e+00 8.827531e+00 4.580682e+00 9040
0.748160 6.689501e+00 6.873529e+00 3.535820e+00 7192
0.748673 8.222892e+00 8.398379e+00 4.291390e+00 8850
0.749161 7.013113e+00 7.064181e+00 3.621277e+00 7556
0.749668 6.823002e+00 6.940384e+00 3.526131e+00 7359
0.750171 7.367750e+00 7.643442e+00 4.101771e+00 7955
0.750665 7.506102e+00 7.564233e+00 4.087919e+00 8113
0.751131 7.380756e+00 7.528756e+00 4.053499e+00 7986
0.751646 7.503097e+00 7.517144e+00 4.062579e+00 8127
0.752159 6.542452e+00 6.786583e+00 3.615164e+00 7094
0.752646 7.401512e+00 7.764053e+00 4.096784e+00 8034
0.753150 7.736939e+00 8.018663e+00 4.280988e+00 8407
0.753653 6.537302e+00 6.622894e+00 3.557819e+00 7111
0.754153 7.271489e+00 7.398436e+00 3.938782e+00 7918
0.754660 7.083072e+00 7.169677e+00 3.851215e+00 7721
0.755161 7.016015e+00 7.185266e+00 3.846677e+00 7656
0.755662 7.261261e+00 7.748851e+00 4.124407e+00 7932
0.756146 6.936268e+00 7.162408e+00 3.833192e+00 7585
0.756634 6.630228e+00 6.841497e+00 3.676641e+00 7258
0.757145 6.200724e+00 6.337926e+00 3.366259e+00 6795
0.757671 6.993640e+00 7.202452e+00 3.808508e+00 7672
0.758155 8.251117e+00 8.461189e+00 4.488798e+00 9061
0.758659 7.691170e+00 7.922313e+00 4.241785e+00 8455
0.759179 5.732997e+00 5.880279e+00 3.122852e+00 6309
0.759660 6.998714e+00 7.415750e+00 3.972890e+00 7710
0.760169 7.142786e+00 7.435956e+00 4.121865e+00 7877
0.760667 6.187771e+00 6.444282e+00 3.593823e+00 6831
0.761169 7.120539e+00 7.544126e+00 4.222737e+00 7869
0.761655 6.231724e+00 6.469430e+00 3.618276e+00 6894
0.762193 6.467182e+00 6.724683e+00 3.810093e+00 7162
0.762668 6.124839e+00 6.194474e+00 3.465747e+00 6790
0.763141 5.924681e+00 6.062383e+00 3.395820e+00 6575
0.763687 5.508904e+00 5.792092e+00 3.241116e+00 6120
0.764173 5.957232e+00 6.029208e+00 3.360510e+00 6625
0.764686 6.293233e+00 6.451209e+00 3.645016e+00 7006
0.765197 6.837604e+00 7.259144e+00 4.101268e+00 7620
0.765681 7.023176e+00 7.056247e+00 3.953126e+00 7835
0.766197 6.304848e+00 6.335098e+00 3.545103e+00 7041
0.766710 6.199865e+00 6.480000e+00 3.694438e+00 6931
0.767185 6.004845e+00 6.297872e+00 3.530550e+00 6720
0.767746 5.651339e+00 5.870767e+00 3.305861e+00 6331
0.768218 6.466712e+00 6.692161e+00 3.729855e+00 7252
0.768731 6.154431e+00 6.332328e+00 3.562031e+00 6909
0.769229 5.553594e+00 5.860011e+00 3.279305e+00 6241
0.769719 5.920271e+00 6.082417e+00 3.394784e+00 6660
0.770219 5.892796e+00 6.038148e+00 3.529552e+00 6636
0.770740 5.648040e+00 5.786686e+00 3.402004e+00 6367
0.771237 6.281086e+00 6.404462e+00 3.789469e+00 7088
0.771754 5.777940e+00 6.099300e+00 3.575128e+00 6527
0.772280 6.283073e+00 6.359791e+00 3.726578e+00 7105
0.772770 5.842800e+00 6.102923e+00 3.624042e+00 6614
0.773283 5.312542e+00 5.343224e+00 3.174971e+00 6020
0.773798 5.537121e+00 5.821253e+00 3.426994e+00 6281
0.774272 4.699164e+00 4.947559e+00 2.884876e+00 5336
0.774795 4.923027e+00 4.923494e+00 2.888387e+00 5596
0.775284 5.246611e+00 5.254942e+00 3.076683e+00 5970
0.775824 5.537040e+00 5.843182e+00 3.409692e+00 6307
0.776323 5.262069e+00 5.253027e+00 3.065440e+00 6000
0.776805 4.990292e+00 5.032417e+00 2.974849e+00 5696
0.777339 6.038874e+00 6.295299e+00 3.734877e+00 6900
0.777813 4.807749e+00 4.994258e+00 2.894629e+00 5499
0.778362 5.327695e+00 5.502485e+00 3.206501e+00 6100
0.778839 5.302130e+00 5.379915e+00 3.167237e+00 6077
0.779364 5.565983e+00 5.805706e+00 3.397588e+00 6386
0.779881 5.372176e+00 5.660514e+00 3.325968e+00 6170
0.780369 4.709076e+00 4.852449e+00 2.908833e+00 5414
0.780872 6.035382e+00 6.183216e+00 3.679624e+00 6946
0.781398 5.477118e+00 5.636120e+00 3.351999e+00 6310
0.781881 4.079767e+00 4.379293e+00 2.593141e+00 4705
0.782407 5.853926e+00 5.882252e+00 3.529447e+00 6758
0.782925 4.830280e+00 4.910433e+00 2.925321e+00 5582
0.783426 4.828777e+00 4.932820e+00 2.959051e+00 5586
0.783938 5.578567e+00 5.749324e+00 3.405967e+00 6460
0.784423 4.679981e+00 4.702578e+00 2.798975e+00 5425
0.784939 4.805311e+00 4.808102e+00 2.868377e+00 5576
0.785442 6.056440e+00 6.242467e+00 3.727742e+00 7035
0.785960 4.835888e+00 4.914461e+00 2.939336e+00 5623
0.786484 5.192634e+00 5.267939e+00 3.182825e+00 6044
0.787016 5.081754e+00 5.265803e+00 3.130890e+00 5921
0.787504 5.886781e+00 5.917538e+00 3.548421e+00 6866
0.788034 4.391301e+00 4.543695e+00 2.706365e+00 5127
0.788518 5.540202e+00 5.660476e+00 3.357163e+00 6475
0.789055 4.320791e+00 4.558162e+00 2.717838e+00 5055
0.789554 4.746737e+00 4.699109e+00 2.784521e+00 5559
0.790045 5.353504e+00 5.746096e+00 3.470941e+00 6276
0.790555 4.713198e+00 4.798466e+00 2.900300e+00 5531
0.791072 4.954413e+00 5.002060e+00 3.023348e+00 5820
0.791588 5.288678e+00 5.236816e+00 3.178896e+00 6219
0.792115 4.722596e+00 4.840993e+00 2.919846e+00 5559
0.792606 5.110727e+00 5.380241e+00 3.254601e+00 6022
0.793146 4.854576e+00 5.026893e+00 3.069951e+00 5726
0.793674 5.130828e+00 5.321692e+00 3.244073e+00 6058
0.794181 4.213529e+00 4.126438e+00 2.493963e+00 4980
0.794651 5.082373e+00 5.121210e+00 3.108756e+00 6013
0.795186 5.331370e+00 5.321861e+00 3.197418e+00 6314
0.795702 5.355484e+00 5.488646e+00 3.309598e+00 6349
0.796204 5.395557e+00 5.440674e+00 3.305824e+00 6403
0.796737 4.640880e+00 4.599818e+00 2.773147e+00 5513
0.797253 3.981076e+00 4.080893e+00 2.471202e+00 4734
0.797750 5.049855e+00 5.284239e+00 3.196667e+00 6011
0.798253 5.105171e+00 5.421808e+00 3.274712e+00 6083
0.798770 4.016790e+00 4.205044e+00 2.535744e+00 4791
0.799273 4.329325e+00 4.376910e+00 2.633914e+00 5169
0.799804 4.788487e+00 4.927651e+00 2.999409e+00 5723
0.800343 3.792316e+00 3.893963e+00 2.467776e+00 4537
0.800858 4.580087e+00 4.707383e+00 2.952254e+00 5485
0.801358 4.276830e+00 4.368565e+00 2.766294e+00 5127
0.801858 4.551685e+00 4.548928e+00 2.874758e+00 5462
0.802385 3.975172e+00 4.079944e+00 2.575581e+00 4775
0.802880 4.377016e+00 4.460410e+00 2.807298e+00 5263
0.803410 4.047758e+00 4.240356e+00 2.658908e+00 4872
0.803921 3.912547e+00 3.916864e+00 2.481167e+00 4714
0.804437 3.633333e+00 3.912904e+00 2.454293e+00 4382
0.804933 4.677500e+00 4.720187e+00 2.970494e+00 5647
0.805452 3.585486e+00 3.623523e+00 2.281764e+00 4333
0.806001 5.366628e+00 5.450648e+00 3.417365e+00 6492
0.806526 4.816197e+00 4.893855e+00 3.107468e+00 5832
0.807052 3.965746e+00 4.096056e+00 2.577455e+00 4807
0.807544 4.805715e+00 4.935251e+00 3.129025e+00 5831
0.808059 4.050835e+00 4.103169e+00 2.585009e+00 4920
0.808585 4.910418e+00 4.990003e+00 3.151604e+00 5970
0.809105 4.453570e+00 4.479696e+00 2.825346e+00 5420
0.809587 4.212702e+00 4.289532e+00 2.735931e+00 5132
0.810111 4.846485e+00 4.976138e+00 3.214057e+00 5910
0.810625 4.151030e+00 4.205908e+00 2.726755e+00 5067
0.811176 3.768776e+00 3.786761e+00 2.450020e+00 4605
0.811715 3.994755e+00 4.062524e+00 2.642130e+00 4886
0.812214 4.418757e+00 4.422765e+00 2.872367e+00 5410
0.812739 3.660400e+00 3.906041e+00 2.529544e+00 4486
0.813244 4.291749e+00 4.316611e+00 2.783960e+00 5265
0.813750 4.370532e+00 4.467551e+00 2.918061e+00 5367
0.814269 3.810541e+00 3.868572e+00 2.514134e+00 4684
0.814810 4.009925e+00 4.117167e+00 2.677647e+00 4934
0.815345 3.695786e+00 3.834938e+00 2.485975e+00 4552
0.815859 3.726986e+00 3.727014e+00 2.419513e+00 4595
0.816355 3.458315e+00 3.440622e+00 2.222441e+00 4268
0.816851 4.009374e+00 4.042722e+00 2.622675e+00 4953
0.817395 3.857403e+00 3.953751e+00 2.567598e+00 4770
0.817938 4.099167e+00 4.186865e+00 2.714887e+00 5074
0.818431 3.693983e+00 3.906275e+00 2.534883e+00 4577
0.818983 3.442792e+00 3.583275e+00 2.323501e+00 4270
0.819483 3.826007e+00 4.040772e+00 2.623081e+00 4750
0.819995 3.617828e+00 3.558294e+00 2.386893e+00 4496
0.820521 3.901229e+00 4.005189e+00 2.740490e+00 4853
0.821049 3.208321e+00 3.253269e+00 2.230463e+00 3995
0.821594 3.366407e+00 3.391840e+00 2.358845e+00 4196
0.822122 2.802030e+00 2.868531e+00 1.968985e+00 3496
0.822613 3.122745e+00 3.272936e+00 2.262016e+00 3900
0.823124 3.233247e+00 3.304434e+00 2.272907e+00 4042
0.823644 2.965544e+00 3.126908e+00 2.145179e+00 3711
0.824169 3.351406e+00 3.432488e+00 2.349233e+00 4198
0.824699 3.123191e+00 3.245097e+00 2.226613e+00 3916
0.825234 3.692982e+00 3.760685e+00 2.572847e+00 4635
0.825745 3.399607e+00 3.678864e+00 2.534676e+00 4271
0.826271 2.940614e+00 2.949342e+00 2.013783e+00 3698
0.826792 3.489832e+00 3.727590e+00 2.550503e+00 4393
0.827318 3.109425e+00 3.339699e+00 2.285900e+00 3918
0.827823 3.498032e+00 3.769216e+00 2.580866e+00 4412
0.828367 3.344100e+00 3.519156e+00 2.419816e+00 4222
0.828895 3.456342e+00 3.574720e+00 2.464513e+00 4368
0.829441 2.532794e+00 2.599324e+00 1.788337e+00 3204
0.829949 2.945707e+00 2.990931e+00 2.061858e+00 3730
0.830465 3.247355e+00 3.395198e+00 2.356334e+00 4116
0.830942 2.816186e+00 2.910050e+00 2.020761e+00 3573
0.831527 3.334692e+00 3.447717e+00 2.407143e+00 4235
0.832049 2.926305e+00 3.017156e+00 2.098192e+00 3720
0.832555 3.308515e+00 3.351893e+00 2.337940e+00 4210
0.833077 3.190652e+00 3.236512e+00 2.248723e+00 4064
0.833642 4.131083e+00 4.265327e+00 2.970613e+00 5267
0.834163 2.637484e+00 2.676085e+00 1.863328e+00 3366
0.834667 3.244708e+00 3.226503e+00 2.243408e+00 4145
0.835149 2.686293e+00 2.696971e+00 1.870594e+00 3435
0.835718 3.017273e+00 2.988079e+00 2.075012e+00 3862
0.836215 2.967497e+00 3.069328e+00 2.135923e+00 3802
0.836792 3.146284e+00 3.174946e+00 2.203978e+00 4035
0.837315 2.676602e+00 2.716420e+00 1.887771e+00 3436
0.837821 3.382960e+00 3.505989e+00 2.440216e+00 4347
0.838343 4.080944e+00 4.168613e+00 2.900093e+00 5249
0.838867 2.910346e+00 2.933937e+00 2.039803e+00 3747
0.839393 2.885787e+00 3.017552e+00 2.104641e+00 3719
0.839920 2.783755e+00 2.832454e+00 1.995962e+00 3591
0.840460 2.293145e+00 2.349658e+00 1.668232e+00 2961
0.841021 3.202332e+00 3.344297e+00 2.381905e+00 4139
0.841536 2.995937e+00 3.084904e+00 2.184542e+00 3876
0.842009 2.614653e+00 2.717852e+00 1.920755e+00 3386
0.842587 3.419048e+00 3.603223e+00 2.564183e+00 4432
0.843110 2.702066e+00 2.746800e+00 1.948205e+00 3506
0.843621 2.853437e+00 2.960892e+00 2.101901e+00 3706
0.844173 3.542188e+00 3.605644e+00 2.550572e+00 4605
0.844689 3.004678e+00 3.066324e+00 2.178567e+00 3910
0.845242 2.786041e+00 2.801280e+00 1.992326e+00 3629
0.845738 2.975856e+00 3.128519e+00 2.227922e+00 3880
0.846255 3.049602e+00 3.134988e+00 2.222494e+00 3980
0.846785 2.949437e+00 2.965348e+00 2.099782e+00 3853
0.847353 2.907585e+00 2.961215e+00 2.097505e+00 3802
0.847880 2.714538e+00 2.710074e+00 1.929974e+00 3553
0.848372 3.236289e+00 3.324781e+00 2.354448e+00 4240
0.848925 3.358223e+00 3.453872e+00 2.452393e+00 4404
0.849480 3.062452e+00 3.012456e+00 2.139578e+00 4020
0.850013 1.965843e+00 1.963204e+00 1.424114e+00 2583
0.850575 2.570698e+00 2.656907e+00 1.962153e+00 3381
0.851034 2.035740e+00 2.065480e+00 1.527046e+00 2680
0.851572 2.741052e+00 2.793145e+00 2.064858e+00 3612
0.852117 2.943114e+00 3.133198e+00 2.316929e+00 3882
0.852687 2.552488e+00 2.579542e+00 1.900305e+00 3370
0.853139 2.646891e+00 2.699452e+00 2.000869e+00 3498
0.853754 2.212695e+00 2.393657e+00 1.767237e+00 2927
0.854256 2.341982e+00 2.376656e+00 1.753548e+00 3101
0.854806 2.335962e+00 2.520051e+00 1.858789e+00 3096
0.855320 2.683478e+00 2.839194e+00 2.100042e+00 3560
0.855862 2.098035e+00 2.196971e+00 1.633221e+00 2786
0.856419 2.208875e+00 2.234784e+00 1.649577e+00 2936
0.856926 2.696817e+00 2.708012e+00 2.002958e+00 3588
0.857466 2.717513e+00 2.787542e+00 2.057150e+00 3619
0.858002 2.730667e+00 2.787318e+00 2.061738e+00 3640
0.858511 2.582659e+00 2.670735e+00 1.972427e+00 3446
0.859052 2.393752e+00 2.403843e+00 1.785694e+00 3197
0.859539 2.484221e+00 2.614644e+00 1.931484e+00 3321
0.860127 2.203845e+00 2.271490e+00 1.691535e+00 2949
0.860657 3.037941e+00 3.016810e+00 2.265486e+00 4069
0.861200 2.732955e+00 2.791167e+00 2.094257e+00 3664
0.861729 2.348070e+00 2.397395e+00 1.792377e+00 3151
0.862256 2.453036e+00 2.492540e+00 1.862694e+00 3295
0.862804 2.571189e+00 2.564668e+00 1.918923e+00 3457
0.863364 2.680941e+00 2.691268e+00 2.024397e+00 3608
0.863893 2.099359e+00 2.075454e+00 1.551795e+00 2828
0.864389 2.522322e+00 2.658013e+00 1.992824e+00 3401
0.864968 2.674038e+00 2.669307e+00 1.998159e+00 3609
0.865455 2.596733e+00 2.615327e+00 1.960405e+00 3508
0.866005 2.614973e+00 2.694260e+00 2.016609e+00 3536
0.866557 2.226822e+00 2.237149e+00 1.675460e+00 3014
0.867107 1.890338e+00 1.922754e+00 1.439232e+00 2561
0.867640 2.381145e+00 2.424904e+00 1.819494e+00 3229
0.868179 1.962637e+00 2.021092e+00 1.509195e+00 2664
0.868712 2.095470e+00 2.151644e+00 1.612157e+00 2847
0.869248 2.110397e+00 2.130267e+00 1.590718e+00 2870
0.869760 2.206840e+00 2.151918e+00 1.614125e+00 3004
0.870343 2.170256e+00 2.203046e+00 1.703908e+00 2957
0.870835 1.880772e+00 2.002160e+00 1.548341e+00 2565
0.871339 1.944923e+00 1.972772e+00 1.523541e+00 2655
0.871931 2.569556e+00 2.698824e+00 2.083248e+00 3511
0.872467 2.115267e+00 2.243951e+00 1.730353e+00 2893
0.872983 2.279819e+00 2.277910e+00 1.759165e+00 3121
0.873556 1.850741e+00 1.925170e+00 1.490437e+00 2536
0.874076 2.150114e+00 2.173121e+00 1.679502e+00 2949
0.874603 2.504280e+00 2.676195e+00 2.063664e+00 3438
0.875152 1.900091e+00 2.024849e+00 1.565816e+00 2611
0.875682 2.044436e+00 2.137025e+00 1.647900e+00 2812
0.876291 1.977139e+00 1.968867e+00 1.521007e+00 2722
0.876755 1.465857e+00 1.491541e+00 1.157501e+00 2020
0.877359 2.051719e+00 2.065931e+00 1.593078e+00 2830
0.877895 1.870886e+00 1.938645e+00 1.496392e+00 2583
0.878381 2.547890e+00 2.547252e+00 1.970740e+00 3521
0.878936 1.617233e+00 1.607624e+00 1.241618e+00 2237
0.879500 2.173306e+00 2.204415e+00 1.702298e+00 3009
0.880011 1.771505e+00 1.889396e+00 1.468275e+00 2455
0.880566 2.574383e+00 2.544839e+00 1.997405e+00 3571
0.881127 2.010904e+00 2.044451e+00 1.603172e+00 2792
0.881642 2.332103e+00 2.394913e+00 1.880571e+00 3241
0.882165 2.062492e+00 2.223123e+00 1.744027e+00 2869
0.882741 1.479525e+00 1.564496e+00 1.233318e+00 2060
0.883247 1.638153e+00 1.654282e+00 1.298170e+00 2283
0.883797 2.185028e+00 2.184558e+00 1.715039e+00 3048
0.884340 2.165796e+00 2.257737e+00 1.770075e+00 3024
0.884897 2.394174e+00 2.414578e+00 1.897643e+00 3346
0.885462 1.822190e+00 1.850068e+00 1.449088e+00 2549
0.886007 1.669079e+00 1.766114e+00 1.386833e+00 2337
0.886488 1.900846e+00 1.943739e+00 1.523371e+00 2664
0.887040 1.985330e+00 2.038452e+00 1.598014e+00 2785
0.887611 1.719253e+00 1.910971e+00 1.496791e+00 2414
0.888172 1.624439e+00 1.730706e+00 1.355597e+00 2283
0.888692 1.738799e+00 1.696548e+00 1.330512e+00 2446
0.889306 1.926807e+00 1.933667e+00 1.518201e+00 2713
0.889776 1.409879e+00 1.504755e+00 1.186771e+00 1987
0.890334 1.736785e+00 1.854631e+00 1.511051e+00 2450
0.890937 1.605563e+00 1.619741e+00 1.318609e+00 2267
0.891460 1.389676e+00 1.464506e+00 1.197135e+00 1964
0.891980 2.016835e+00 2.111485e+00 1.725695e+00 2853
0.892498 1.487386e+00 1.619977e+00 1.317378e+00 2106
0.893063 1.800000e+00 1.847067e+00 1.503722e+00 2551
0.893601 1.954124e+00 2.059483e+00 1.674788e+00 2772
0.894161 1.665664e+00 1.662837e+00 1.352233e+00 2365
0.894656 1.305261e+00 1.346756e+00 1.100094e+00 1855
0.895256 1.322330e+00 1.390969e+00 1.131148e+00 1881
0.895820 1.991140e+00 1.998356e+00 1.626889e+00 2835
0.896345 1.364090e+00 1.362950e+00 1.108362e+00 1944
0.896871 1.404891e+00 1.373905e+00 1.117271e+00 2004
0.897461 1.738381e+00 1.803385e+00 1.466528e+00 2482
0.897992 1.505158e+00 1.497734e+00 1.220692e+00 2151
0.898513 1.816965e+00 1.778058e+00 1.447484e+00 2599
0.899093 1.536603e+00 1.517835e+00 1.234316e+00 2200
0.899596 1.290951e+00 1.274898e+00 1.036757e+00 1850
0.900182 1.669717e+00 1.704162e+00 1.417803e+00 2395
0.900729 1.483598e+00 1.447712e+00 1.209012e+00 2130
0.901254 1.302693e+00 1.266324e+00 1.058185e+00 1872
0.901877 1.244483e+00 1.244300e+00 1.037763e+00 1790
0.902391 1.524652e+00 1.558415e+00 1.300991e+00 2195
0.902923 1.253991e+00 1.388015e+00 1.157623e+00 1807
0.903506 1.445582e+00 1.423203e+00 1.189804e+00 2085
0.904043 1.127002e+00 1.111290e+00 9.305629e-01 1627
0.904583 1.314896e+00 1.262768e+00 1.053166e+00 1900
0.905077 1.377989e+00 1.409220e+00 1.175308e+00 1993
0.905643 1.659253e+00 1.779527e+00 1.484150e+00 2402
0.906228 1.235361e+00 1.214379e+00 1.012808e+00 1790
0.906779 1.797560e+00 1.830487e+00 1.531799e+00 2607
0.907346 1.451471e+00 1.476936e+00 1.235803e+00 2107
0.907866 1.485930e+00 1.515995e+00 1.264361e+00 2159
0.908430 1.450188e+00 1.576512e+00 1.315948e+00 2109
0.908988 9.253743e-01 9.040770e-01 7.557955e-01 1347
0.909566 1.601965e+00 1.572328e+00 1.315688e+00 2334
0.910110 1.280262e+00 1.394240e+00 1.197278e+00 1867
0.910621 1.084522e+00 1.100588e+00 9.543748e-01 1583
0.911177 1.189625e+00 1.241986e+00 1.073515e+00 1738
0.911722 8.329341e-01 8.436191e-01 7.291853e-01 1218
0.912316 1.429316e+00 1.421785e+00 1.231998e+00 2092
0.912846 1.228691e+00 1.259197e+00 1.088392e+00 1800
0.913395 1.082307e+00 1.139558e+00 9.876040e-01 1587
0.913975 1.242122e+00 1.229182e+00 1.063534e+00 1823
0.914499 8.686245e-01 8.735562e-01 7.563280e-01 1276
0.915046 9.569288e-01 9.905698e-01 8.569270e-01 1407
0.915570 1.004981e+00 9.965504e-01 8.622773e-01 1479
0.916175 9.280319e-01 9.176481e-01 7.945320e-01 1367
0.916686 8.464740e-01 8.482194e-01 7.347933e-01 1248
0.917235 9.480290e-01 9.591766e-01 8.290678e-01 1399
0.917839 1.178712e+00 1.185456e+00 1.024654e+00 1741
0.918371 1.263546e+00 1.316637e+00 1.140300e+00 1868
0.918914 1.407696e+00 1.410173e+00 1.218888e+00 2083
0.919493 1.142419e+00 1.195422e+00 1.033268e+00 1692
0.920027 9.261930e-01 9.528669e-01 8.298282e-01 1373
0.920588 1.089800e+00 1.116052e+00 9.790157e-01 1617
0.921182 1.052451e+00 1.119899e+00 9.795406e-01 1563
0.921698 1.153755e+00 1.121880e+00 9.803562e-01 1715
0.922267 1.031053e+00 1.098691e+00 9.600928e-01 1534
0.922848 1.081156e+00 1.087064e+00 9.517547e-01 1610
0.923377 1.073468e+00 1.087578e+00 9.515406e-01 1600
0.923884 1.062443e+00 1.074235e+00 9.410383e-01 1585
0.924496 9.335687e-01 9.596166e-01 8.385624e-01 1394
0.925055 1.449270e+00 1.489425e+00 1.301536e+00 2166
0.925664 1.072267e+00 1.072740e+00 9.382413e-01 1604
0.926177 7.286700e-01 7.007857e-01 6.123826e-01 1091
0.926695 1.059655e+00 1.105285e+00 9.658549e-01 1588
0.927268 1.117368e+00 1.179766e+00 1.034320e+00 1676
0.927810 9.425119e-01 9.812167e-01 8.574377e-01 1415
0.928389 1.039489e+00 1.018509e+00 8.938989e-01 1562
0.928972 7.127582e-01 6.937465e-01 6.062314e-01 1072
0.929537 1.073489e+00 1.063792e+00 9.295965e-01 1616
0.930095 8.528415e-01 8.244446e-01 7.315302e-01 1285
0.930606 9.641369e-01 9.737422e-01 8.696432e-01 1454
0.931204 1.236219e+00 1.237004e+00 1.103543e+00 1866
0.931739 8.247288e-01 8.728195e-01 7.780511e-01 1246
0.932282 7.181788e-01 7.305109e-01 6.511939e-01 1086
0.932913 7.849266e-01 7.655441e-01 6.824233e-01 1188
0.933366 1.064773e+00 1.110789e+00 9.918058e-01 1613
0.933988 1.156811e+00 1.157421e+00 1.031751e+00 1754
0.934542 6.655253e-01 6.843592e-01 6.100533e-01 1010
0.935052 5.345764e-01 5.270003e-01 4.697800e-01 812
0.935672 7.524722e-01 7.720170e-01 6.881934e-01 1144
0.936210 7.774278e-01 7.426950e-01 6.645005e-01 1183
0.936773 9.986553e-01 9.846283e-01 8.783475e-01 1521
0.937360 1.176191e+00 1.174592e+00 1.048031e+00 1793
0.937906 7.707550e-01 8.023119e-01 7.165900e-01 1176
0.938447 7.857816e-01 7.671319e-01 6.838387e-01 1200
0.938924 5.639488e-01 5.698114e-01 5.090549e-01 862
0.939606 9.386393e-01 9.766008e-01 8.705641e-01 1436
0.940177 9.031889e-01 9.101867e-01 8.262223e-01 1383
0.940682 8.704113e-01 8.456720e-01 7.691374e-01 1334
0.941338 5.273873e-01 5.726625e-01 5.208357e-01 809
0.941801 9.463665e-01 9.645673e-01 8.772726e-01 1453
0.942380 7.106065e-01 7.814636e-01 7.127055e-01 1092
0.942972 6.807164e-01 6.714601e-01 6.113278e-01 1047
0.943489 6.112548e-01 5.837257e-01 5.314176e-01 941
0.944055 4.218512e-01 4.062321e-01 3.694675e-01 650
0.944670 6.451824e-01 6.272272e-01 5.716744e-01 995
0.945161 6.426652e-01 6.409518e-01 5.841565e-01 992
0.945809 9.307774e-01 9.623885e-01 8.752910e-01 1438
0.946308 8.943822e-01 8.893846e-01 8.096437e-01 1383
0.946904 6.299698e-01 6.259889e-01 5.711232e-01 975
0.947463 5.248316e-01 5.067345e-01 4.608743e-01 813
0.948023 5.230760e-01 5.531313e-01 5.030721e-01 811
0.948563 7.082007e-01 7.226628e-01 6.572608e-01 1099
0.949172 9.045860e-01 8.824834e-01 8.026173e-01 1405
0.949671 7.210978e-01 7.348024e-01 6.683017e-01 1121
0.950323 6.529763e-01 6.692866e-01 6.060808e-01 1016
0.950915 4.417815e-01 4.562978e-01 4.132062e-01 688
0.951410 7.653764e-01 8.831254e-01 7.997253e-01 1193
0.952021 6.582954e-01 6.583411e-01 5.961690e-01 1027
0.952592 1.104728e+00 1.120479e+00 1.015506e+00 1725
0.953093 6.564923e-01 6.775298e-01 6.135455e-01 1026
0.953733 1.119398e+00 1.162950e+00 1.053124e+00 1751
0.954250 6.400039e-01 6.532224e-01 5.915337e-01 1002
0.954782 7.262292e-01 7.244176e-01 6.560054e-01 1138
0.955355 5.936054e-01 5.681019e-01 5.149212e-01 931
0.955913 8.173192e-01 8.501781e-01 7.716351e-01 1283
0.956595 1.082646e+00 1.099728e+00 1.001418e+00 1701
0.957146 5.742316e-01 5.683707e-01 5.146952e-01 903
0.957697 5.400521e-01 5.128316e-01 4.644011e-01 850
0.958247 8.842711e-01 8.656036e-01 7.838581e-01 1393
0.958789 7.312761e-01 7.674354e-01 6.958241e-01 1153
0.959332 6.793049e-01 7.094022e-01 6.431596e-01 1072
0.959920 5.748756e-01 5.891872e-01 5.380877e-01 908
0.960503 4.934020e-01 4.680291e-01 4.359047e-01 780
0.961041 5.435295e-01 5.521574e-01 5.142464e-01 860
0.961711 7.034423e-01 6.868124e-01 6.406124e-01 1114
0.962242 2.933695e-01 2.856119e-01 2.664426e-01 465
0.962801 3.996411e-01 3.960161e-01 3.683677e-01 634
0.963310 6.908864e-01 7.288124e-01 6.779294e-01 1097
0.963941 6.852470e-01 6.805391e-01 6.336287e-01 1089
0.964436 3.093170e-01 3.041572e-01 2.829221e-01 492
0.965091 5.584188e-01 5.433565e-01 5.059391e-01 889
0.965592 5.303160e-01 5.155171e-01 4.795256e-01 845
0.966245 6.972727e-01 6.978585e-01 6.491366e-01 1112
0.966749 5.018229e-01 5.035404e-01 4.688607e-01 801
0.967379 5.702386e-01 5.834555e-01 5.427208e-01 911
0.967942 5.885024e-01 6.007689e-01 5.588254e-01 941
0.968495 5.961116e-01 6.089261e-01 5.664132e-01 954
0.969091 5.631272e-01 5.567608e-01 5.178898e-01 902
0.969699 4.254076e-01 4.130555e-01 3.842175e-01 682
0.970252 4.761407e-01 4.791505e-01 4.518667e-01 764
0.970839 3.941549e-01 3.809126e-01 3.595197e-01 633
0.971375 3.751474e-01 3.707146e-01 3.498945e-01 603
0.971961 3.947116e-01 3.865430e-01 3.660207e-01 635
0.972522 5.011889e-01 5.248387e-01 4.953626e-01 807
0.973037 3.667222e-01 4.037707e-01 3.810941e-01 591
0.973656 2.901467e-01 2.831725e-01 2.672689e-01 468
0.974271 5.965136e-01 5.755414e-01 5.440004e-01 963
0.974749 6.145620e-01 6.055515e-01 5.724636e-01 993
0.975423 5.089075e-01 5.413827e-01 5.109775e-01 823
0.975827 2.774010e-01 2.889441e-01 2.727164e-01 449
0.976533 4.697527e-01 4.638824e-01 4.378297e-01 761
0.977125 5.729588e-01 6.009434e-01 5.671932e-01 929
0.977708 2.896201e-01 2.806882e-01 2.649241e-01 470
0.978320 1.569981e-01 1.493680e-01 1.409791e-01 255
0.978920 3.063424e-01 2.892092e-01 2.729666e-01 498
0.979339 5.230353e-01 5.587069e-01 5.273288e-01 851
0.980011 5.618837e-01 5.377380e-01 5.068890e-01 915
0.980557 5.417639e-01 5.655645e-01 5.330300e-01 883
0.981163 4.940929e-01 4.859371e-01 4.576802e-01 806
0.981801 3.693305e-01 4.197661e-01 3.965124e-01 603
0.982302 4.332671e-01 4.545665e-01 4.281338e-01 708
0.982881 5.582360e-01 5.620046e-01 5.293244e-01 913
0.983505 4.374062e-01 4.191703e-01 3.947959e-01 716
0.984035 2.563576e-01 2.672545e-01 2.522026e-01 420
0.984686 3.768865e-01 3.938290e-01 3.709281e-01 618
0.985127 4.947701e-01 4.854482e-01 4.572198e-01 812
0.985838 5.004316e-01 4.904731e-01 4.619524e-01 822
0.986328 3.905113e-01 3.903657e-01 3.680506e-01 642
0.986871 4.029377e-01 3.904184e-01 3.680656e-01 663
0.987437 5.440744e-01 5.396695e-01 5.082881e-01 896
0.988096 4.453203e-01 4.409706e-01 4.153285e-01 734
0.988589 2.479283e-01 2.486054e-01 2.341491e-01 409
0.989215 4.766547e-01 4.779070e-01 4.501170e-01 787
0.989712 1.960653e-01 1.876341e-01 1.767233e-01 324
0.990382 4.583020e-01 4.477905e-01 4.254229e-01 758
0.990923 1.516293e-01 1.582512e-01 1.503464e-01 251
0.991606 2.547118e-01 2.493191e-01 2.371620e-01 422
0.992174 3.763123e-01 3.695174e-01 3.510596e-01 624
0.992742 4.049119e-01 4.297267e-01 4.082614e-01 672
0.993284 3.925242e-01 3.783638e-01 3.594641e-01 652
0.993900 3.897818e-01 3.746646e-01 3.567077e-01 648
0.994446 2.638390e-01 2.537569e-01 2.410815e-01 439
0.995057 4.401558e-01 4.299923e-01 4.085137e-01 733
0.995699 4.505787e-01 4.403912e-01 4.188529e-01 751
0.996211 4.406019e-01 4.529829e-01 4.324955e-01 735
0.996774 4.030906e-01 3.907706e-01 3.712512e-01 673
0.997377 3.800056e-01 4.050337e-01 3.852251e-01 635
0.997961 3.934332e-01 4.092919e-01 3.888473e-01 658
0.998625 4.659816e-01 4.529661e-01 4.303399e-01 780
0.999097 4.064905e-01 4.157314e-01 3.952226e-01 681
0.999749 3.369621e-01 3.706449e-01 3.527347e-01 565
