#Interval: 1.000000 Mpc/h, Area= 1.000000 deg^2
# z <nobs> <wc nobs> <wc wfkp nobs> N_objects
0.600231 1.544273e+00 1.643930e+00 4.686644e-01 1139
0.600680 1.509790e+00 1.601957e+00 4.638231e-01 1115
0.601137 1.530841e+00 1.602781e+00 4.624180e-01 1132
0.601592 1.360051e+00 1.455538e+00 4.215667e-01 1007
0.602048 1.441936e+00 1.540566e+00 4.446906e-01 1069
0.602508 1.441435e+00 1.526185e+00 4.421070e-01 1070
0.602958 1.497441e+00 1.579079e+00 4.577524e-01 1113
0.603415 1.382655e+00 1.462948e+00 4.269967e-01 1029
0.603873 1.423829e+00 1.492331e+00 4.334923e-01 1061
0.604330 1.541291e+00 1.646368e+00 4.774595e-01 1150
0.604785 1.507196e+00 1.614725e+00 4.726439e-01 1126
0.605241 1.442441e+00 1.517377e+00 4.456426e-01 1079
0.605700 1.510027e+00 1.586887e+00 4.627944e-01 1131
0.606142 1.516101e+00 1.612040e+00 4.750887e-01 1137
0.606604 1.383660e+00 1.456725e+00 4.283708e-01 1039
0.607067 1.369928e+00 1.485816e+00 4.421902e-01 1030
0.607518 1.459839e+00 1.558141e+00 4.605669e-01 1099
0.607975 1.341237e+00 1.399916e+00 4.204806e-01 1011
0.608438 1.314358e+00 1.386395e+00 4.127426e-01 992
0.608890 1.400024e+00 1.489135e+00 4.452253e-01 1058
0.609352 1.313665e+00 1.378237e+00 4.124735e-01 994
0.609806 1.300119e+00 1.373239e+00 4.120093e-01 985
0.610278 1.385474e+00 1.479804e+00 4.557783e-01 1051
0.610721 1.392935e+00 1.452740e+00 4.480214e-01 1058
0.611179 1.413524e+00 1.523400e+00 4.670085e-01 1075
0.611639 1.356579e+00 1.429246e+00 4.401663e-01 1033
0.612090 1.320762e+00 1.402947e+00 4.330488e-01 1007
0.612554 1.302063e+00 1.408615e+00 4.310230e-01 994
0.613014 1.284719e+00 1.378117e+00 4.239748e-01 982
0.613477 1.263498e+00 1.327715e+00 4.094312e-01 967
0.613928 1.325848e+00 1.423136e+00 4.388437e-01 1016
0.614386 1.372399e+00 1.470768e+00 4.552700e-01 1053
0.614847 1.304284e+00 1.387720e+00 4.326049e-01 1002
0.615301 1.227239e+00 1.320759e+00 4.122043e-01 944
0.615765 1.268542e+00 1.326650e+00 4.101760e-01 977
0.616225 1.360314e+00 1.459249e+00 4.530456e-01 1049
0.616681 1.319750e+00 1.406875e+00 4.443354e-01 1019
0.617141 1.257297e+00 1.337280e+00 4.154034e-01 972
0.617604 1.271222e+00 1.372142e+00 4.348084e-01 984
0.618058 1.318657e+00 1.406048e+00 4.469893e-01 1022
0.618513 1.248705e+00 1.288748e+00 4.064504e-01 969
0.618988 1.231696e+00 1.306354e+00 4.137935e-01 957
0.619439 1.271288e+00 1.355034e+00 4.304520e-01 989
0.619897 1.247872e+00 1.315764e+00 4.230036e-01 972
0.620357 1.212974e+00 1.287486e+00 4.264717e-01 946
0.620819 1.226825e+00 1.301424e+00 4.337679e-01 958
0.621280 1.238083e+00 1.289826e+00 4.274694e-01 968
0.621739 1.233983e+00 1.310146e+00 4.399528e-01 966
0.622200 1.210755e+00 1.286175e+00 4.338892e-01 949
0.622665 1.279328e+00 1.373412e+00 4.633113e-01 1004
0.623120 1.151742e+00 1.252290e+00 4.240486e-01 905
0.623583 1.152850e+00 1.208885e+00 4.097899e-01 907
0.624043 1.062552e+00 1.105442e+00 3.780023e-01 837
0.624499 1.111947e+00 1.201598e+00 4.080109e-01 877
0.624962 1.110565e+00 1.164989e+00 3.971440e-01 877
0.625429 1.134481e+00 1.201031e+00 4.145061e-01 897
0.625889 1.078756e+00 1.135301e+00 3.915223e-01 854
0.626345 1.059755e+00 1.104876e+00 3.827369e-01 840
0.626812 1.110103e+00 1.187192e+00 4.095016e-01 881
0.627284 1.026926e+00 1.100405e+00 3.824341e-01 816
0.627737 1.054564e+00 1.114782e+00 3.860457e-01 839
0.628193 1.133603e+00 1.198372e+00 4.171333e-01 903
0.628655 1.055718e+00 1.117267e+00 3.921953e-01 842
0.629118 1.083215e+00 1.155618e+00 4.047123e-01 865
0.629583 1.090632e+00 1.148700e+00 4.021695e-01 872
0.630043 1.166735e+00 1.231170e+00 4.317986e-01 934
0.630506 1.106657e+00 1.157775e+00 4.082605e-01 887
0.630976 1.051710e+00 1.125020e+00 4.032225e-01 844
0.631446 1.103931e+00 1.177398e+00 4.183263e-01 887
0.631902 1.057822e+00 1.105048e+00 3.984151e-01 851
0.632358 1.104939e+00 1.162902e+00 4.137998e-01 890
0.632829 1.065141e+00 1.125279e+00 4.031148e-01 859
0.633287 1.063832e+00 1.152514e+00 4.062111e-01 859
0.633748 1.066236e+00 1.119222e+00 4.003945e-01 862
0.634212 1.087165e+00 1.140937e+00 4.083329e-01 880
0.634689 1.063621e+00 1.124300e+00 4.025586e-01 862
0.635139 1.022880e+00 1.063356e+00 3.868972e-01 830
0.635601 1.046245e+00 1.126154e+00 4.074283e-01 850
0.636074 9.921006e-01 1.082846e+00 3.968768e-01 807
0.636543 1.025267e+00 1.075199e+00 3.906673e-01 835
0.636994 1.041182e+00 1.097868e+00 4.006901e-01 849
0.637469 1.009288e+00 1.058547e+00 3.881972e-01 824
0.637924 9.811405e-01 1.033997e+00 3.796441e-01 802
0.638400 9.457303e-01 1.015494e+00 3.745734e-01 774
0.638859 9.982733e-01 1.054216e+00 3.903450e-01 818
0.639329 9.568325e-01 1.002074e+00 3.709561e-01 785
0.639791 9.861018e-01 1.051048e+00 3.908476e-01 810
0.640247 1.065152e+00 1.139910e+00 4.362714e-01 876
0.640721 9.970611e-01 1.072312e+00 4.060780e-01 821
0.641171 9.412647e-01 9.991786e-01 3.791393e-01 776
0.641647 9.643504e-01 1.028934e+00 3.896269e-01 796
0.642119 9.268781e-01 1.007669e+00 3.823722e-01 766
0.642570 8.943303e-01 9.673454e-01 3.673924e-01 740
0.643043 9.535995e-01 1.023265e+00 3.892295e-01 790
0.643507 9.452094e-01 1.006989e+00 3.881645e-01 784
0.643976 9.332264e-01 9.924133e-01 3.742567e-01 775
0.644446 8.984203e-01 9.602532e-01 3.632323e-01 747
0.644909 9.033391e-01 9.577970e-01 3.640653e-01 752
0.645384 9.790332e-01 1.043038e+00 3.982137e-01 816
0.645840 9.658661e-01 1.037923e+00 3.997677e-01 806
0.646310 9.168232e-01 9.579083e-01 3.691636e-01 766
0.646775 9.157161e-01 9.653336e-01 3.707368e-01 766
0.647241 9.110290e-01 9.674614e-01 3.746226e-01 763
0.647702 9.445147e-01 9.899398e-01 3.872281e-01 792
0.648187 9.052600e-01 9.724554e-01 3.727513e-01 760
0.648654 9.267737e-01 9.764875e-01 3.777375e-01 779
0.649104 8.258438e-01 8.708002e-01 3.404186e-01 695
0.649579 8.236633e-01 8.684347e-01 3.408249e-01 694
0.650047 8.451956e-01 8.954290e-01 3.554585e-01 713
0.650511 8.453639e-01 8.888817e-01 3.592599e-01 714
0.650990 8.573568e-01 9.196461e-01 3.754816e-01 725
0.651455 8.539654e-01 9.030257e-01 3.682353e-01 723
0.651920 8.553005e-01 9.125827e-01 3.709434e-01 725
0.652385 8.165691e-01 8.591015e-01 3.493578e-01 693
0.652861 8.085294e-01 8.635409e-01 3.539622e-01 687
0.653329 8.122632e-01 8.660213e-01 3.616271e-01 691
0.653788 8.382951e-01 9.039348e-01 3.729437e-01 714
0.654264 8.759909e-01 9.307048e-01 3.874188e-01 747
0.654723 8.011534e-01 8.489249e-01 3.477167e-01 684
0.655197 7.440422e-01 7.845681e-01 3.208275e-01 636
0.655664 8.214422e-01 8.499305e-01 3.529044e-01 703
0.656142 8.519734e-01 8.971451e-01 3.741414e-01 730
0.656606 7.670275e-01 8.041522e-01 3.381094e-01 658
0.657080 7.928924e-01 8.469586e-01 3.527894e-01 681
0.657545 7.919481e-01 8.505490e-01 3.560320e-01 681
0.658005 8.026208e-01 8.478168e-01 3.558616e-01 691
0.658480 7.599005e-01 8.020166e-01 3.350197e-01 655
0.658955 7.578383e-01 8.343335e-01 3.454215e-01 654
0.659423 7.847154e-01 8.434503e-01 3.517571e-01 678
0.659890 7.860956e-01 8.294942e-01 3.413044e-01 680
0.660371 8.267301e-01 8.685035e-01 3.659982e-01 716
0.660837 7.184944e-01 7.598770e-01 3.227791e-01 623
0.661312 7.786942e-01 8.282110e-01 3.512918e-01 676
0.661776 7.582124e-01 8.074933e-01 3.455961e-01 659
0.662246 7.665082e-01 8.158617e-01 3.484509e-01 667
0.662712 7.610099e-01 8.272276e-01 3.523370e-01 663
0.663196 8.105547e-01 8.571679e-01 3.662952e-01 707
0.663669 7.878395e-01 8.380271e-01 3.573342e-01 688
0.664136 7.228582e-01 7.872646e-01 3.422486e-01 632
0.664608 7.391411e-01 7.834749e-01 3.418006e-01 647
0.665074 7.028961e-01 7.473343e-01 3.217091e-01 616
0.665544 6.792729e-01 7.211953e-01 3.151064e-01 596
0.666017 7.296994e-01 7.737761e-01 3.423480e-01 641
0.666492 6.788105e-01 7.231630e-01 3.138356e-01 597
0.666973 7.427463e-01 7.833432e-01 3.371378e-01 654
0.667429 7.089761e-01 7.498421e-01 3.214706e-01 625
0.667918 7.421335e-01 7.845561e-01 3.447795e-01 655
0.668381 7.208910e-01 7.618253e-01 3.369951e-01 637
0.668848 6.431795e-01 6.816516e-01 3.028548e-01 569
0.669322 6.706508e-01 7.121001e-01 3.117373e-01 594
0.669794 7.217392e-01 7.756098e-01 3.417059e-01 640
0.670267 6.656998e-01 6.932115e-01 3.166379e-01 591
0.670739 6.694203e-01 7.022954e-01 3.202019e-01 595
0.671220 7.034730e-01 7.480285e-01 3.438595e-01 626
0.671677 6.487726e-01 6.860188e-01 3.156552e-01 578
0.672172 6.536196e-01 6.834510e-01 3.140248e-01 583
0.672644 6.438971e-01 6.849585e-01 3.138053e-01 575
0.673116 5.939304e-01 6.212802e-01 2.856074e-01 531
0.673585 6.312221e-01 6.575647e-01 2.966103e-01 565
0.674055 6.304857e-01 6.503074e-01 3.000266e-01 565
0.674529 6.665324e-01 7.068014e-01 3.210319e-01 598
0.675011 6.579626e-01 7.008712e-01 3.230472e-01 591
0.675484 6.293961e-01 6.661373e-01 3.015668e-01 566
0.675958 6.064493e-01 6.403928e-01 2.906491e-01 546
0.676432 6.135097e-01 6.421198e-01 2.987028e-01 553
0.676904 6.416079e-01 6.767828e-01 3.089808e-01 579
0.677376 6.740676e-01 7.194321e-01 3.320806e-01 609
0.677861 6.412237e-01 6.817859e-01 3.082896e-01 580
0.678326 6.901719e-01 7.388818e-01 3.418076e-01 625
0.678814 6.132647e-01 6.455076e-01 2.950518e-01 556
0.679282 6.400967e-01 6.754764e-01 3.104184e-01 581
0.679750 6.294511e-01 6.595771e-01 3.045565e-01 572
0.680225 5.561774e-01 5.847402e-01 2.716592e-01 506
0.680712 6.719104e-01 7.004307e-01 3.281945e-01 612
0.681174 5.801136e-01 6.307851e-01 3.020377e-01 529
0.681665 6.144944e-01 6.462963e-01 3.052717e-01 561
0.682145 5.776796e-01 6.206438e-01 2.916333e-01 528
0.682611 5.682700e-01 6.226844e-01 3.037535e-01 520
0.683103 6.014528e-01 6.339574e-01 2.938648e-01 551
0.683561 6.040301e-01 6.535626e-01 3.101738e-01 554
0.684032 5.695734e-01 6.031605e-01 2.786511e-01 523
0.684516 5.547759e-01 5.824634e-01 2.806086e-01 510
0.685000 5.769547e-01 6.126381e-01 2.916410e-01 531
0.685471 6.414084e-01 6.813388e-01 3.231533e-01 591
0.685954 5.604515e-01 5.813146e-01 2.745987e-01 517
0.686425 5.814634e-01 6.205901e-01 2.968201e-01 537
0.686894 5.375333e-01 5.747216e-01 2.696521e-01 497
0.687384 5.412375e-01 5.823094e-01 2.755833e-01 501
0.687844 5.600399e-01 6.187713e-01 3.025165e-01 519
0.688333 5.626313e-01 6.056792e-01 2.871849e-01 522
0.688813 5.619865e-01 6.099743e-01 2.922119e-01 522
0.689287 5.473631e-01 5.805347e-01 2.788681e-01 509
0.689775 5.080675e-01 5.464339e-01 2.646081e-01 473
0.690237 5.525485e-01 5.743591e-01 2.835753e-01 515
0.690712 4.908308e-01 5.139769e-01 2.570023e-01 458
0.691203 5.373701e-01 5.661855e-01 2.801686e-01 502
0.691678 5.089563e-01 5.325321e-01 2.619013e-01 476
0.692156 5.532320e-01 5.739643e-01 2.860897e-01 518
0.692644 5.526009e-01 5.839340e-01 2.973308e-01 518
0.693117 5.594300e-01 5.941355e-01 2.974846e-01 525
0.693595 5.332478e-01 5.720242e-01 2.900074e-01 501
0.694074 5.251984e-01 5.452155e-01 2.770781e-01 494
0.694552 5.171671e-01 5.563860e-01 2.791676e-01 487
0.695036 4.943033e-01 5.136024e-01 2.642846e-01 466
0.695502 4.852651e-01 5.130549e-01 2.566556e-01 458
0.695996 5.249302e-01 5.616048e-01 2.842488e-01 496
0.696477 4.788777e-01 5.203642e-01 2.734334e-01 453
0.696962 4.751665e-01 5.070777e-01 2.554547e-01 450
0.697441 4.693539e-01 4.887244e-01 2.479817e-01 445
0.697928 5.025348e-01 5.403618e-01 2.757073e-01 477
0.698388 4.682906e-01 4.982971e-01 2.538791e-01 445
0.698882 4.845787e-01 5.122603e-01 2.531321e-01 461
0.699348 4.787805e-01 5.054402e-01 2.505445e-01 456
0.699829 4.352394e-01 4.549720e-01 2.326734e-01 415
0.700324 5.112211e-01 5.399646e-01 2.760822e-01 488
0.700818 4.823907e-01 5.126296e-01 2.655523e-01 461
0.701283 4.358564e-01 4.657355e-01 2.434525e-01 417
0.701758 4.583334e-01 4.894368e-01 2.534204e-01 439
0.702242 4.818023e-01 5.116644e-01 2.667715e-01 462
0.702714 4.562587e-01 4.814566e-01 2.489444e-01 438
0.703213 4.484611e-01 4.773648e-01 2.411991e-01 431
0.703684 4.780970e-01 5.070479e-01 2.568346e-01 460
0.704160 4.692536e-01 5.000909e-01 2.532408e-01 452
0.704653 4.355417e-01 4.569672e-01 2.350088e-01 420
0.705129 4.505897e-01 4.775453e-01 2.394568e-01 435
0.705623 4.718117e-01 5.004264e-01 2.612699e-01 456
0.706085 4.392430e-01 4.679382e-01 2.401500e-01 425
0.706580 4.645590e-01 4.884840e-01 2.532609e-01 450
0.707055 4.578508e-01 4.935589e-01 2.613349e-01 444
0.707543 4.367368e-01 4.606640e-01 2.330711e-01 424
0.708027 4.362475e-01 4.605094e-01 2.398147e-01 424
0.708503 4.162321e-01 4.505220e-01 2.338494e-01 405
0.708997 4.414309e-01 4.874864e-01 2.539851e-01 430
0.709478 4.522170e-01 4.832841e-01 2.452063e-01 441
0.709962 3.994728e-01 4.179059e-01 2.194853e-01 390
0.710447 4.174431e-01 4.482307e-01 2.407926e-01 408
0.710938 4.445711e-01 4.686804e-01 2.524531e-01 435
0.711413 4.277412e-01 4.466093e-01 2.353813e-01 419
0.711898 4.252247e-01 4.509665e-01 2.417326e-01 417
0.712374 4.369738e-01 4.544391e-01 2.441935e-01 429
0.712872 3.968063e-01 4.361668e-01 2.313922e-01 390
0.713344 4.583600e-01 4.686396e-01 2.503062e-01 451
0.713834 3.898323e-01 4.097144e-01 2.159563e-01 384
0.714312 3.873706e-01 4.053932e-01 2.133338e-01 382
0.714807 3.757978e-01 4.017632e-01 2.189209e-01 371
0.715292 3.986518e-01 4.182698e-01 2.237246e-01 394
0.715777 4.356045e-01 4.516996e-01 2.384101e-01 431
0.716252 3.957482e-01 4.221644e-01 2.232642e-01 392
0.716752 3.791742e-01 3.995233e-01 2.112121e-01 376
0.717222 4.311347e-01 4.526183e-01 2.407991e-01 428
0.717724 3.793405e-01 4.055760e-01 2.181177e-01 377
0.718203 4.030427e-01 4.330486e-01 2.286741e-01 401
0.718672 4.015927e-01 4.233499e-01 2.310517e-01 400
0.719169 3.580250e-01 3.786200e-01 2.058531e-01 357
0.719654 3.786663e-01 3.994058e-01 2.072799e-01 378
0.720148 4.032643e-01 4.297596e-01 2.346977e-01 403
0.720634 3.588388e-01 3.826336e-01 2.094293e-01 359
0.721116 3.604397e-01 3.883437e-01 2.161164e-01 361
0.721621 3.759997e-01 3.902006e-01 2.157321e-01 377
0.722092 3.656227e-01 3.859149e-01 2.076448e-01 367
0.722575 3.333751e-01 3.525896e-01 1.954472e-01 335
0.723063 3.538831e-01 3.730522e-01 2.040164e-01 356
0.723548 4.051275e-01 4.372691e-01 2.451657e-01 408
0.724035 3.372349e-01 3.635230e-01 1.984462e-01 340
0.724513 3.646060e-01 3.804891e-01 2.081133e-01 368
0.725002 3.414425e-01 3.655669e-01 2.006805e-01 345
0.725500 3.460106e-01 3.655703e-01 2.013172e-01 350
0.725981 3.614311e-01 3.763719e-01 2.068589e-01 366
0.726473 3.580753e-01 3.919953e-01 2.164482e-01 363
0.726960 3.231954e-01 3.441309e-01 1.915243e-01 328
0.727455 3.444953e-01 3.549696e-01 1.940602e-01 350
0.727944 3.303533e-01 3.650956e-01 2.001046e-01 336
0.728426 3.437413e-01 3.619801e-01 2.016541e-01 350
0.728925 3.492516e-01 3.645698e-01 2.038071e-01 356
0.729408 3.537696e-01 3.823662e-01 2.044339e-01 361
0.729902 3.328261e-01 3.553547e-01 1.943751e-01 340
0.730378 3.666867e-01 3.969221e-01 2.250917e-01 375
0.730872 3.233088e-01 3.408777e-01 1.875961e-01 331
0.731356 3.541785e-01 3.766336e-01 2.093799e-01 363
0.731846 3.274772e-01 3.411989e-01 1.883234e-01 336
0.732351 3.280938e-01 3.575294e-01 2.021160e-01 337
0.732831 3.306540e-01 3.391171e-01 1.832625e-01 340
0.733316 3.069792e-01 3.298802e-01 1.827472e-01 316
0.733817 3.677802e-01 3.870580e-01 2.115288e-01 379
0.734299 3.315146e-01 3.469429e-01 1.915440e-01 342
0.734802 3.543933e-01 3.809605e-01 2.089061e-01 366
0.735274 3.124172e-01 3.251211e-01 1.823493e-01 323
0.735773 3.256046e-01 3.358625e-01 1.898952e-01 337
0.736258 3.262164e-01 3.387245e-01 1.834414e-01 338
0.736750 2.969400e-01 3.192131e-01 1.764711e-01 308
0.737247 2.898768e-01 3.119676e-01 1.751670e-01 301
0.737739 3.145749e-01 3.413293e-01 1.882288e-01 327
0.738234 3.421021e-01 3.676085e-01 2.070033e-01 356
0.738723 3.042950e-01 3.200276e-01 1.746470e-01 317
0.739211 2.953360e-01 3.065714e-01 1.729488e-01 308
0.739700 2.796912e-01 2.940724e-01 1.643086e-01 292
0.740191 3.434954e-01 3.681539e-01 2.105497e-01 359
0.740687 3.163627e-01 3.275872e-01 1.823222e-01 331
0.741166 3.198403e-01 3.364510e-01 1.896758e-01 335
0.741673 2.927912e-01 3.039594e-01 1.714014e-01 307
0.742157 3.067659e-01 3.222086e-01 1.858660e-01 322
0.742655 2.902571e-01 3.059084e-01 1.738422e-01 305
0.743151 2.785369e-01 2.943799e-01 1.682409e-01 293
0.743633 2.962798e-01 3.189849e-01 1.785255e-01 312
0.744129 2.722463e-01 2.896656e-01 1.622061e-01 287
0.744614 2.937478e-01 3.145298e-01 1.719018e-01 310
0.745110 2.981649e-01 3.149652e-01 1.776890e-01 315
0.745605 2.997358e-01 3.188722e-01 1.810476e-01 317
0.746107 2.918578e-01 3.071308e-01 1.721490e-01 309
0.746593 2.585219e-01 2.774427e-01 1.554350e-01 274
0.747093 2.648422e-01 2.811215e-01 1.599710e-01 281
0.747584 2.843296e-01 2.963555e-01 1.668008e-01 302
0.748063 3.000132e-01 3.245401e-01 1.801002e-01 319
0.748567 2.912368e-01 3.134524e-01 1.760892e-01 310
0.749056 2.608942e-01 2.771954e-01 1.599229e-01 278
0.749549 2.831144e-01 3.037231e-01 1.730179e-01 302
0.750069 2.462897e-01 2.651091e-01 1.533507e-01 263
0.750543 2.460266e-01 2.631312e-01 1.553870e-01 263
0.751036 2.616498e-01 2.779806e-01 1.615776e-01 280
0.751528 2.819069e-01 2.954557e-01 1.681891e-01 302
0.752034 2.937284e-01 3.222608e-01 1.846446e-01 315
0.752516 2.626765e-01 2.796567e-01 1.589526e-01 282
0.753008 2.670491e-01 2.783758e-01 1.641450e-01 287
0.753533 2.528223e-01 2.767810e-01 1.626356e-01 272
0.754004 2.748374e-01 2.869597e-01 1.626495e-01 296
0.754505 2.355893e-01 2.463489e-01 1.433462e-01 254
0.755005 2.724001e-01 2.873592e-01 1.639041e-01 294
0.755505 2.508231e-01 2.691829e-01 1.557235e-01 271
0.755986 2.699726e-01 2.860864e-01 1.600597e-01 292
0.756488 2.539851e-01 2.692219e-01 1.518678e-01 275
0.756991 2.518704e-01 2.667682e-01 1.511624e-01 273
0.757482 2.516034e-01 2.673467e-01 1.509112e-01 273
0.757990 2.642258e-01 2.796448e-01 1.618111e-01 287
0.758471 2.519902e-01 2.689313e-01 1.514301e-01 274
0.758981 2.563170e-01 2.693426e-01 1.533958e-01 279
0.759464 2.587989e-01 2.720708e-01 1.534917e-01 282
0.759955 2.246053e-01 2.392463e-01 1.410707e-01 245
0.760460 2.426836e-01 2.570219e-01 1.495539e-01 265
0.760959 2.451717e-01 2.613897e-01 1.496647e-01 268
0.761467 2.522237e-01 2.700170e-01 1.629767e-01 276
0.761978 2.263966e-01 2.416686e-01 1.364021e-01 248
0.762469 2.398367e-01 2.645525e-01 1.559893e-01 263
0.762950 2.414058e-01 2.598700e-01 1.544691e-01 265
0.763469 2.475215e-01 2.578545e-01 1.507738e-01 272
0.763938 2.390795e-01 2.582476e-01 1.479048e-01 263
0.764439 2.542654e-01 2.693746e-01 1.519357e-01 280
0.764962 2.449266e-01 2.613657e-01 1.535158e-01 270
0.765459 2.192960e-01 2.313351e-01 1.341059e-01 242
0.765932 2.226864e-01 2.327504e-01 1.381543e-01 246
0.766452 2.531980e-01 2.663868e-01 1.540646e-01 280
0.766938 2.357690e-01 2.466844e-01 1.404409e-01 261
0.767435 2.165716e-01 2.268461e-01 1.336530e-01 240
0.767929 2.154431e-01 2.271207e-01 1.300760e-01 239
0.768426 2.728487e-01 2.889960e-01 1.672748e-01 303
0.768947 2.482751e-01 2.687819e-01 1.588667e-01 276
0.769452 2.282458e-01 2.406393e-01 1.435639e-01 254
0.769948 2.226210e-01 2.337150e-01 1.350203e-01 248
0.770441 2.223881e-01 2.334254e-01 1.370646e-01 248
0.770931 2.373841e-01 2.557200e-01 1.492980e-01 265
0.771429 2.201338e-01 2.305373e-01 1.325073e-01 246
0.771937 2.252675e-01 2.376824e-01 1.362680e-01 252
0.772432 2.321763e-01 2.446913e-01 1.447659e-01 260
0.772939 2.042804e-01 2.223539e-01 1.321203e-01 229
0.773433 2.218899e-01 2.363344e-01 1.377081e-01 249
0.773940 2.412430e-01 2.592860e-01 1.539058e-01 271
0.774453 2.134244e-01 2.300587e-01 1.341890e-01 240
0.774935 2.123139e-01 2.214588e-01 1.242959e-01 239
0.775452 2.218546e-01 2.383174e-01 1.409777e-01 250
0.775941 1.914830e-01 2.028216e-01 1.169992e-01 216
0.776442 2.267070e-01 2.405745e-01 1.409482e-01 256
0.776957 2.078937e-01 2.174250e-01 1.262976e-01 235
0.777444 2.262363e-01 2.369963e-01 1.356188e-01 256
0.777931 1.951029e-01 2.139120e-01 1.243778e-01 221
0.778434 1.957824e-01 2.040344e-01 1.175345e-01 222
0.778951 1.946985e-01 2.049479e-01 1.175292e-01 221
0.779451 2.050577e-01 2.138791e-01 1.241459e-01 233
0.779956 2.153953e-01 2.304642e-01 1.364476e-01 245
0.780460 2.090245e-01 2.224014e-01 1.310609e-01 238
0.780952 2.289873e-01 2.430593e-01 1.444075e-01 261
0.781479 1.647705e-01 1.758606e-01 1.054033e-01 188
0.781972 1.882396e-01 1.930111e-01 1.136430e-01 215
0.782475 1.941675e-01 2.028844e-01 1.211530e-01 222
0.782999 1.729977e-01 1.897601e-01 1.142943e-01 198
0.783481 1.972582e-01 2.060403e-01 1.236667e-01 226
0.783964 1.935671e-01 2.067077e-01 1.202758e-01 222
0.784487 1.454612e-01 1.525856e-01 8.992762e-02 167
0.784974 1.766359e-01 1.901660e-01 1.166397e-01 203
0.785491 2.181772e-01 2.273586e-01 1.357528e-01 251
0.786015 1.945075e-01 2.061244e-01 1.224627e-01 224
0.786484 1.960423e-01 2.099692e-01 1.219933e-01 226
0.787030 2.010401e-01 2.150428e-01 1.255002e-01 232
0.787517 1.826546e-01 1.977553e-01 1.197403e-01 211
0.788002 1.859261e-01 1.969411e-01 1.196648e-01 215
0.788516 1.883269e-01 1.964938e-01 1.183476e-01 218
0.789019 1.959006e-01 2.089627e-01 1.248168e-01 227
0.789535 2.138041e-01 2.228518e-01 1.315996e-01 248
0.790031 1.739684e-01 1.946235e-01 1.188254e-01 202
0.790553 1.720695e-01 1.857919e-01 1.141817e-01 200
0.791076 1.650175e-01 1.747844e-01 1.049513e-01 192
0.791566 1.665658e-01 1.761232e-01 1.063354e-01 194
0.792058 1.689686e-01 1.784686e-01 1.092849e-01 197
0.792563 1.825052e-01 1.956452e-01 1.203637e-01 213
0.793088 1.771829e-01 1.847213e-01 1.105070e-01 207
0.793579 2.120603e-01 2.246252e-01 1.374326e-01 248
0.794095 1.597371e-01 1.688330e-01 1.028662e-01 187
0.794593 1.740809e-01 1.866277e-01 1.127808e-01 204
0.795119 1.696410e-01 1.792564e-01 1.094596e-01 199
0.795599 1.686165e-01 1.772101e-01 1.083894e-01 198
0.796091 1.633403e-01 1.698180e-01 1.067524e-01 192
0.796618 1.580748e-01 1.663837e-01 1.000906e-01 186
0.797125 1.519710e-01 1.615915e-01 9.814618e-02 179
0.797638 1.781086e-01 1.963005e-01 1.187810e-01 210
0.798153 1.855530e-01 1.942164e-01 1.167326e-01 219
0.798671 1.811324e-01 1.915995e-01 1.151779e-01 214
0.799144 1.894040e-01 2.041176e-01 1.240951e-01 224
0.799665 1.579580e-01 1.669275e-01 1.020503e-01 187
0.800152 1.932389e-01 2.106232e-01 1.280025e-01 229
0.800677 1.449930e-01 1.524816e-01 9.492114e-02 172
0.801200 1.490567e-01 1.555076e-01 9.562322e-02 177
0.801708 1.707788e-01 1.777492e-01 1.110313e-01 203
0.802214 1.689250e-01 1.816451e-01 1.136563e-01 201
0.802694 1.561605e-01 1.647435e-01 1.018736e-01 186
0.803226 1.635511e-01 1.712590e-01 1.040675e-01 195
0.803733 1.441146e-01 1.532318e-01 9.374249e-02 172
0.804240 1.565244e-01 1.623754e-01 1.019468e-01 187
0.804755 1.772709e-01 1.850054e-01 1.117913e-01 212
0.805240 1.553731e-01 1.604298e-01 9.732295e-02 186
0.805742 1.502094e-01 1.598047e-01 9.750604e-02 180
0.806277 1.934079e-01 2.025594e-01 1.221076e-01 232
0.806784 1.698942e-01 1.786754e-01 1.074390e-01 204
0.807294 1.547475e-01 1.676139e-01 1.039791e-01 186
0.807806 1.795258e-01 1.870170e-01 1.150100e-01 216
0.808331 1.511149e-01 1.632313e-01 1.015872e-01 182
0.808849 1.501334e-01 1.565903e-01 9.563522e-02 181
0.809355 1.516397e-01 1.597907e-01 9.686982e-02 183
0.809858 1.589375e-01 1.657171e-01 1.013057e-01 192
0.810365 1.505082e-01 1.609074e-01 1.026997e-01 182
0.810883 1.363128e-01 1.460104e-01 9.098651e-02 165
0.811390 1.716643e-01 1.814802e-01 1.131125e-01 208
0.811906 1.566515e-01 1.665991e-01 1.046894e-01 190
0.812413 1.737912e-01 1.849133e-01 1.156101e-01 211
0.812929 1.538692e-01 1.628818e-01 1.016476e-01 187
0.813437 1.520711e-01 1.586719e-01 9.850723e-02 185
0.813940 1.584883e-01 1.672865e-01 1.043650e-01 193
0.814435 1.427429e-01 1.611767e-01 1.033088e-01 174
0.814960 1.352243e-01 1.390627e-01 8.810944e-02 165
0.815472 1.383641e-01 1.505238e-01 9.470311e-02 169
0.815993 1.480407e-01 1.525090e-01 9.444219e-02 181
0.816524 1.282828e-01 1.363265e-01 8.567448e-02 157
0.817026 1.665196e-01 1.756127e-01 1.106266e-01 204
0.817542 1.435207e-01 1.523993e-01 9.764969e-02 176
0.818043 1.433776e-01 1.491264e-01 9.378441e-02 176
0.818571 1.318411e-01 1.421871e-01 8.985533e-02 162
0.819074 1.593526e-01 1.671123e-01 1.062848e-01 196
0.819583 1.218321e-01 1.285104e-01 8.022627e-02 150
0.820105 1.411846e-01 1.490722e-01 9.784173e-02 174
0.820605 1.434760e-01 1.497066e-01 9.854972e-02 177
0.821129 1.303767e-01 1.387163e-01 9.293913e-02 161
0.821631 1.334832e-01 1.403903e-01 9.266056e-02 165
0.822142 1.244606e-01 1.325430e-01 8.823678e-02 154
0.822656 1.299888e-01 1.409150e-01 9.267988e-02 161
0.823215 1.363125e-01 1.428460e-01 9.255625e-02 169
0.823709 1.377889e-01 1.450297e-01 9.471701e-02 171
0.824185 1.320175e-01 1.391201e-01 9.069607e-02 164
0.824727 1.351035e-01 1.420117e-01 9.257557e-02 168
0.825262 1.373799e-01 1.430752e-01 9.353351e-02 171
0.825747 1.364414e-01 1.446617e-01 9.569158e-02 170
0.826288 1.330992e-01 1.435693e-01 9.527798e-02 166
0.826788 1.281616e-01 1.353987e-01 8.752710e-02 160
0.827310 1.296354e-01 1.383432e-01 9.075906e-02 162
0.827834 1.247108e-01 1.326426e-01 8.577158e-02 156
0.828348 1.166013e-01 1.213194e-01 7.963567e-02 146
0.828847 1.140927e-01 1.173281e-01 7.728212e-02 143
0.829362 1.107920e-01 1.205492e-01 7.941567e-02 139
0.829909 1.043125e-01 1.096874e-01 7.234952e-02 131
0.830404 1.185287e-01 1.246800e-01 8.494556e-02 149
0.830921 1.088755e-01 1.153998e-01 7.926272e-02 137
0.831443 1.167076e-01 1.248998e-01 8.480636e-02 147
0.831973 1.189722e-01 1.247124e-01 8.423291e-02 150
0.832491 1.244019e-01 1.322180e-01 8.994692e-02 157
0.832967 1.179469e-01 1.274049e-01 8.690658e-02 149
0.833524 1.194127e-01 1.258683e-01 8.547054e-02 151
0.834016 1.090250e-01 1.160869e-01 7.844015e-02 138
0.834567 1.231247e-01 1.285355e-01 8.726848e-02 156
0.835063 1.103881e-01 1.126728e-01 7.615251e-02 140
0.835584 1.094922e-01 1.159377e-01 7.879370e-02 139
0.836092 9.049833e-02 9.763785e-02 6.634983e-02 115
0.836606 1.202842e-01 1.273590e-01 8.576188e-02 153
0.837147 1.123125e-01 1.178007e-01 8.005721e-02 143
0.837638 1.169104e-01 1.249458e-01 8.505001e-02 149
0.838167 1.167961e-01 1.211893e-01 8.183097e-02 149
0.838714 9.945370e-02 1.057957e-01 7.235709e-02 127
0.839236 1.001389e-01 1.043744e-01 6.987901e-02 128
0.839734 1.055121e-01 1.118490e-01 7.563564e-02 135
0.840267 9.369699e-02 1.007946e-01 7.189563e-02 120
0.840781 9.906592e-02 1.039358e-01 7.364507e-02 127
0.841304 1.020865e-01 1.076761e-01 7.597815e-02 131
0.841839 9.731583e-02 1.003446e-01 7.109339e-02 125
0.842347 9.022112e-02 9.582353e-02 6.749908e-02 116
0.842847 9.168731e-02 9.909307e-02 6.932944e-02 118
0.843360 9.470310e-02 1.042624e-01 7.360848e-02 122
0.843891 1.085700e-01 1.126813e-01 7.991626e-02 140
0.844419 1.107887e-01 1.178376e-01 8.309814e-02 143
0.844928 9.829714e-02 1.039199e-01 7.383911e-02 127
0.845456 1.098003e-01 1.137186e-01 8.067508e-02 142
0.845971 1.066037e-01 1.086539e-01 7.734073e-02 138
0.846495 1.057286e-01 1.139545e-01 8.080247e-02 137
0.847009 8.480922e-02 9.247270e-02 6.544355e-02 110
0.847519 9.551044e-02 9.851214e-02 7.010029e-02 124
0.848052 1.038824e-01 1.104773e-01 7.751705e-02 135
0.848576 9.455675e-02 1.023494e-01 7.295746e-02 123
0.849106 9.292921e-02 9.860396e-02 6.943802e-02 121
0.849632 8.516663e-02 8.688589e-02 6.087848e-02 111
0.850122 8.125165e-02 8.381092e-02 6.066639e-02 106
0.850635 9.419145e-02 9.851248e-02 7.103039e-02 123
0.851208 1.086363e-01 1.152904e-01 8.365837e-02 142
0.851699 9.553820e-02 9.898629e-02 7.187561e-02 125
0.852212 9.086459e-02 9.254143e-02 6.739347e-02 119
0.852772 9.535392e-02 1.042691e-01 7.534876e-02 125
0.853282 7.849587e-02 8.200184e-02 5.950585e-02 103
0.853811 1.004997e-01 1.045356e-01 7.534277e-02 132
0.854355 1.004029e-01 1.070693e-01 7.693604e-02 132
0.854844 8.966769e-02 9.351739e-02 6.744840e-02 118
0.855364 9.337722e-02 1.003952e-01 7.218649e-02 123
0.855903 8.191089e-02 8.582226e-02 6.219576e-02 108
0.856387 9.471312e-02 1.021274e-01 7.380207e-02 125
0.856957 8.023954e-02 8.652203e-02 6.291356e-02 106
0.857483 7.789373e-02 8.232491e-02 5.904497e-02 103
0.858002 8.537418e-02 8.748092e-02 6.251890e-02 113
0.858530 8.831145e-02 9.151443e-02 6.603820e-02 117
0.859037 9.048898e-02 9.783900e-02 7.013535e-02 120
0.859565 8.437542e-02 9.046826e-02 6.550293e-02 112
0.860123 7.676827e-02 7.819480e-02 5.733011e-02 102
0.860620 1.000039e-01 1.050958e-01 7.726453e-02 133
0.861147 9.164511e-02 9.887455e-02 7.230032e-02 122
0.861699 9.530978e-02 9.772879e-02 7.165243e-02 127
0.862219 6.972703e-02 7.317382e-02 5.374208e-02 93
0.862752 8.239399e-02 8.291588e-02 6.046036e-02 110
0.863258 7.857367e-02 8.605232e-02 6.431122e-02 105
0.863781 9.195554e-02 9.864331e-02 7.212374e-02 123
0.864299 8.365194e-02 8.602979e-02 6.273094e-02 112
0.864838 9.028775e-02 9.464001e-02 6.939331e-02 121
0.865372 8.274697e-02 8.891370e-02 6.502879e-02 111
0.865851 8.639189e-02 9.003464e-02 6.605095e-02 116
0.866410 8.482148e-02 8.688564e-02 6.431142e-02 114
0.866936 9.217411e-02 9.557460e-02 7.008038e-02 124
0.867484 8.540268e-02 8.838634e-02 6.502842e-02 115
0.867978 7.641833e-02 8.150558e-02 5.982100e-02 103
0.868537 6.819224e-02 7.288381e-02 5.334160e-02 92
0.869076 6.516537e-02 6.810988e-02 5.004740e-02 88
0.869588 7.472102e-02 7.920707e-02 5.813981e-02 101
0.870100 7.760650e-02 8.248353e-02 6.335586e-02 105
0.870629 8.048648e-02 8.322166e-02 6.362636e-02 109
0.871157 9.147574e-02 9.666193e-02 7.402331e-02 124
0.871644 6.264569e-02 6.592221e-02 5.030987e-02 85
0.872222 8.025774e-02 8.545725e-02 6.520165e-02 109
0.872738 7.723927e-02 8.093112e-02 6.211646e-02 105
0.873290 5.952816e-02 6.219952e-02 4.748102e-02 81
0.873831 7.121934e-02 7.324302e-02 5.621881e-02 97
0.874357 7.188550e-02 7.740346e-02 5.887052e-02 98
0.874863 7.474886e-02 8.011816e-02 6.110714e-02 102
0.875377 7.248180e-02 7.363754e-02 5.685428e-02 99
0.875940 6.290451e-02 6.533130e-02 4.985404e-02 86
0.876472 5.992209e-02 6.315963e-02 4.852956e-02 82
0.876955 6.278581e-02 6.636178e-02 5.081545e-02 86
0.877517 7.585540e-02 7.853783e-02 5.973328e-02 104
0.878058 6.849697e-02 7.091791e-02 5.428267e-02 94
0.878561 5.824036e-02 6.027686e-02 4.601021e-02 80
0.879107 6.182209e-02 6.629487e-02 5.075671e-02 85
0.879621 6.975686e-02 7.121719e-02 5.466119e-02 96
0.880165 6.097981e-02 6.460002e-02 4.999779e-02 84
0.880704 7.470253e-02 8.214022e-02 6.415058e-02 103
0.881205 5.941600e-02 6.206851e-02 4.855565e-02 82
0.881780 5.646455e-02 6.109131e-02 4.763032e-02 78
0.882291 6.653666e-02 6.984096e-02 5.459191e-02 92
0.882809 5.924873e-02 6.128412e-02 4.808243e-02 82
0.883396 8.012729e-02 8.218389e-02 6.402095e-02 111
0.883925 5.481047e-02 5.702060e-02 4.447058e-02 76
0.884432 7.565400e-02 7.990856e-02 6.225074e-02 105
0.884956 5.758712e-02 6.070514e-02 4.766656e-02 80
0.885465 6.760149e-02 7.022492e-02 5.503510e-02 94
0.886043 7.256764e-02 7.778531e-02 6.062471e-02 101
0.886542 6.101463e-02 6.251032e-02 4.858033e-02 85
0.887089 6.024041e-02 6.243262e-02 4.881688e-02 84
0.887603 6.663239e-02 7.195347e-02 5.623139e-02 93
0.888173 6.227528e-02 6.821386e-02 5.325213e-02 87
0.888648 6.722308e-02 6.946121e-02 5.413436e-02 94
0.889219 5.072748e-02 5.359229e-02 4.164962e-02 71
0.889717 5.210775e-02 5.531878e-02 4.300842e-02 73
0.890306 6.489565e-02 6.899938e-02 5.559936e-02 91
0.890805 6.127278e-02 6.621802e-02 5.309225e-02 86
0.891324 5.338577e-02 5.546615e-02 4.474252e-02 75
0.891901 7.324817e-02 7.562242e-02 6.063249e-02 103
0.892405 6.962755e-02 7.110336e-02 5.783044e-02 98
0.892969 4.826804e-02 5.327034e-02 4.284572e-02 68
0.893448 5.673311e-02 5.887703e-02 4.720639e-02 80
0.894022 5.526335e-02 5.612204e-02 4.526718e-02 78
0.894576 5.875123e-02 6.185128e-02 4.959108e-02 83
0.895141 5.445353e-02 5.559435e-02 4.484352e-02 77
0.895600 4.733765e-02 4.880268e-02 3.926118e-02 67
0.896143 5.152898e-02 5.471787e-02 4.414413e-02 73
0.896722 5.007075e-02 5.316767e-02 4.262874e-02 71
0.897248 5.495630e-02 5.743072e-02 4.633421e-02 78
0.897793 5.068188e-02 5.356518e-02 4.294746e-02 72
0.898295 4.922841e-02 5.010804e-02 4.030768e-02 70
0.898857 4.707500e-02 4.872585e-02 3.906738e-02 67
0.899419 4.913732e-02 5.198137e-02 4.167759e-02 70
0.899930 5.049450e-02 5.324740e-02 4.282528e-02 72
0.900468 4.624383e-02 4.834996e-02 3.912591e-02 66
0.900996 4.200100e-02 4.393002e-02 3.554919e-02 60
0.901513 6.224393e-02 6.558535e-02 5.347412e-02 89
0.902045 5.589795e-02 5.813825e-02 4.704682e-02 80
0.902598 4.397901e-02 4.685690e-02 3.791769e-02 63
0.903137 4.324101e-02 4.695175e-02 3.799445e-02 62
0.903694 5.086586e-02 5.210539e-02 4.216489e-02 73
0.904241 5.708434e-02 5.851192e-02 4.734921e-02 82
0.904738 5.216319e-02 5.595686e-02 4.541532e-02 75
0.905285 5.350490e-02 5.568010e-02 4.544545e-02 77
0.905812 6.664602e-02 7.160928e-02 5.807756e-02 96
0.906368 5.964881e-02 6.263211e-02 5.131591e-02 86
0.906917 4.919967e-02 5.391013e-02 4.389760e-02 71
0.907450 6.577005e-02 7.105939e-02 5.776633e-02 95
0.908003 5.118434e-02 5.301284e-02 4.302624e-02 74
0.908530 4.699108e-02 4.950071e-02 4.044121e-02 68
0.909059 5.799453e-02 6.047048e-02 4.906122e-02 84
0.909581 3.793777e-02 3.898033e-02 3.167632e-02 55
0.910157 5.168590e-02 5.345183e-02 4.455968e-02 75
0.910705 4.613042e-02 4.744266e-02 3.981092e-02 67
0.911235 4.883969e-02 5.024041e-02 4.204809e-02 71
0.911736 4.054793e-02 4.233945e-02 3.555439e-02 59
0.912310 4.051082e-02 4.287793e-02 3.588616e-02 59
0.912842 4.801972e-02 5.160873e-02 4.329935e-02 70
0.913386 4.112212e-02 4.447196e-02 3.749751e-02 60
0.913945 4.519299e-02 4.848137e-02 4.057589e-02 66
0.914505 4.515171e-02 4.744787e-02 3.992927e-02 66
0.915010 4.511048e-02 4.564318e-02 3.830773e-02 66
0.915536 4.848364e-02 5.201476e-02 4.363416e-02 71
0.916079 4.434594e-02 4.703801e-02 3.936788e-02 65
0.916651 3.817090e-02 4.107626e-02 3.470123e-02 56
0.917160 4.290312e-02 4.407271e-02 3.688612e-02 63
0.917728 4.354441e-02 4.667177e-02 3.928337e-02 64
0.918288 3.670714e-02 4.092796e-02 3.447920e-02 54
0.918821 3.803201e-02 3.951158e-02 3.316909e-02 56
0.919336 3.121216e-02 3.415371e-02 2.869188e-02 46
0.919846 3.728495e-02 3.879594e-02 3.258443e-02 55
0.920407 3.251001e-02 3.439757e-02 2.988610e-02 48
0.920975 4.804404e-02 5.217031e-02 4.474156e-02 71
0.921528 4.191585e-02 4.398842e-02 3.780943e-02 62
0.922042 3.714966e-02 4.032553e-02 3.448965e-02 55
0.922649 3.171727e-02 3.330168e-02 2.857990e-02 47
0.923176 3.775651e-02 3.929019e-02 3.360414e-02 56
0.923685 2.829172e-02 3.016578e-02 2.580021e-02 42
0.924215 3.701511e-02 3.968583e-02 3.403775e-02 55
0.924793 4.236072e-02 4.548446e-02 3.909343e-02 63
0.925327 3.627632e-02 3.702678e-02 3.185048e-02 54
0.925855 4.899583e-02 5.195181e-02 4.443338e-02 73
0.926419 4.291640e-02 4.508450e-02 3.865514e-02 64
0.926943 3.684794e-02 3.748166e-02 3.215236e-02 55
0.927494 3.012107e-02 3.118338e-02 2.667055e-02 45
0.928037 3.276887e-02 3.562795e-02 3.047190e-02 49
0.928563 3.474374e-02 3.640568e-02 3.122827e-02 52
0.929146 4.005275e-02 4.122109e-02 3.545452e-02 60
0.929693 3.134635e-02 3.284165e-02 2.808883e-02 47
0.930179 4.397859e-02 4.560032e-02 3.979882e-02 66
0.930784 3.861303e-02 4.048124e-02 3.541445e-02 58
0.931320 4.190395e-02 4.491741e-02 3.920333e-02 63
0.931844 2.990445e-02 3.238843e-02 2.835815e-02 45
0.932407 3.186937e-02 3.240936e-02 2.828647e-02 48
0.932975 3.913753e-02 3.937245e-02 3.436376e-02 59
0.933504 2.916106e-02 3.207378e-02 2.807313e-02 44
0.934058 2.714839e-02 2.824126e-02 2.464861e-02 41
0.934596 2.712400e-02 2.903060e-02 2.533753e-02 41
0.935182 3.172641e-02 3.313337e-02 2.908034e-02 48
0.935632 3.235831e-02 3.477009e-02 3.058806e-02 49
0.936246 3.232928e-02 3.360799e-02 2.933262e-02 49
0.936761 2.966353e-02 3.056715e-02 2.676794e-02 45
0.937325 2.766114e-02 2.931719e-02 2.558766e-02 42
0.937883 3.290043e-02 3.352543e-02 2.926056e-02 50
0.938472 2.563935e-02 2.693103e-02 2.366607e-02 39
0.938976 3.481203e-02 3.697595e-02 3.236368e-02 53
0.939544 2.821845e-02 3.146836e-02 2.754517e-02 43
0.940070 2.884887e-02 2.920143e-02 2.600794e-02 44
0.940588 1.965210e-02 1.993163e-02 1.780619e-02 30
0.941172 3.010630e-02 3.118056e-02 2.785557e-02 46
0.941716 2.811771e-02 3.129955e-02 2.823357e-02 43
0.942290 2.874592e-02 2.923634e-02 2.611868e-02 44
0.942828 2.349840e-02 2.613389e-02 2.334706e-02 36
0.943354 2.608605e-02 2.800138e-02 2.501541e-02 40
0.943914 2.541122e-02 2.828948e-02 2.534011e-02 39
0.944483 2.018066e-02 2.060948e-02 1.841176e-02 31
0.944966 2.796759e-02 2.895374e-02 2.593648e-02 43
0.945571 2.729286e-02 2.910465e-02 2.600103e-02 42
0.946098 3.051483e-02 3.226654e-02 2.889229e-02 47
0.946641 2.854166e-02 3.009376e-02 2.695296e-02 44
0.947225 3.046058e-02 3.148824e-02 2.813044e-02 47
0.947746 1.877812e-02 1.863826e-02 1.665074e-02 29
0.948334 2.781868e-02 2.986932e-02 2.668416e-02 43
0.948875 2.779398e-02 2.912602e-02 2.602012e-02 43
0.949456 2.454032e-02 2.642049e-02 2.366782e-02 38
0.949982 2.451855e-02 2.554415e-02 2.309083e-02 38
0.950525 2.514146e-02 2.573509e-02 2.333211e-02 39
0.951062 2.705142e-02 2.795430e-02 2.540232e-02 42
0.951596 2.187936e-02 2.237772e-02 2.034746e-02 34
0.952208 2.443175e-02 2.767777e-02 2.521255e-02 38
0.952755 2.376775e-02 2.404606e-02 2.180080e-02 37
0.953254 2.438852e-02 2.721298e-02 2.467201e-02 38
0.953826 1.923707e-02 2.191179e-02 1.986580e-02 30
0.954369 2.050140e-02 2.194347e-02 1.989453e-02 32
0.954962 2.368379e-02 2.425005e-02 2.204442e-02 37
0.955486 2.110472e-02 2.273382e-02 2.072572e-02 33
0.956033 2.428095e-02 2.554001e-02 2.327181e-02 38
0.956570 1.340658e-02 1.413472e-02 1.281491e-02 21
0.957150 2.168674e-02 2.229741e-02 2.021542e-02 34
0.957695 2.103034e-02 2.248722e-02 2.038750e-02 33
0.958226 2.164852e-02 2.312803e-02 2.096848e-02 34
0.958860 2.608257e-02 2.636727e-02 2.396148e-02 41
0.959381 2.288161e-02 2.310723e-02 2.094963e-02 36
0.959932 2.413155e-02 2.473129e-02 2.259581e-02 38
0.960452 1.776550e-02 1.815187e-02 1.678523e-02 28
0.961041 1.901772e-02 1.904539e-02 1.761147e-02 30
0.961563 1.330070e-02 1.355240e-02 1.253204e-02 21
0.962103 2.341398e-02 2.536346e-02 2.350575e-02 37
0.962705 2.592244e-02 2.751877e-02 2.544689e-02 41
0.963316 1.326569e-02 1.421048e-02 1.314058e-02 21
0.963751 1.640978e-02 1.657686e-02 1.532879e-02 26
0.964374 2.207071e-02 2.229800e-02 2.061919e-02 35
0.964918 1.764109e-02 1.844614e-02 1.705734e-02 28
0.965423 1.699614e-02 1.723243e-02 1.593501e-02 27
0.966054 1.572338e-02 1.633985e-02 1.510963e-02 25
0.966601 1.885154e-02 2.067785e-02 1.916596e-02 30
0.967111 1.946288e-02 2.197751e-02 2.041384e-02 31
0.967683 1.693671e-02 1.720583e-02 1.591041e-02 27
0.968273 1.253474e-02 1.281662e-02 1.185166e-02 20
0.968867 1.502854e-02 1.531567e-02 1.416257e-02 24
0.969389 2.189747e-02 2.340920e-02 2.173955e-02 35
0.970000 1.937797e-02 2.057300e-02 1.909456e-02 31
0.970471 1.748740e-02 1.801650e-02 1.675900e-02 28
0.971073 1.248010e-02 1.282150e-02 1.196840e-02 20
0.971615 1.371614e-02 1.425815e-02 1.326297e-02 22
0.972199 1.931044e-02 2.102176e-02 1.955450e-02 31
0.972707 1.804887e-02 2.002773e-02 1.871223e-02 29
0.973313 1.678948e-02 1.698961e-02 1.580379e-02 27
0.973822 1.863874e-02 1.885050e-02 1.753479e-02 30
0.974372 1.613952e-02 1.656825e-02 1.550020e-02 26
0.974858 1.240421e-02 1.239243e-02 1.152748e-02 20
0.975534 2.044916e-02 2.165950e-02 2.014774e-02 33
0.976046 2.290791e-02 2.484136e-02 2.319735e-02 37
0.976687 1.793925e-02 1.803744e-02 1.677849e-02 29
0.977196 1.545145e-02 1.778567e-02 1.654429e-02 25
0.977687 1.111538e-02 1.176765e-02 1.094631e-02 18
0.978315 1.048876e-02 1.052598e-02 9.791302e-03 17
0.978883 1.417836e-02 1.451473e-02 1.350164e-02 23
0.979450 1.847749e-02 1.921102e-02 1.787015e-02 30
0.980030 1.784609e-02 1.996399e-02 1.869112e-02 29
0.980496 8.607894e-03 8.659211e-03 8.146017e-03 14
0.981066 1.290066e-02 1.519637e-02 1.429575e-02 21
0.981702 1.534464e-02 1.607435e-02 1.512170e-02 25
0.982246 1.655788e-02 1.658555e-02 1.560259e-02 27
0.982796 1.102904e-02 1.115862e-02 1.049730e-02 18
0.983372 8.570731e-03 8.650221e-03 8.137559e-03 14
0.983893 1.712666e-02 1.755111e-02 1.654531e-02 28
0.984493 1.100049e-02 1.093272e-02 1.028478e-02 18
0.985106 1.587588e-02 1.754633e-02 1.650644e-02 26
0.985557 1.647226e-02 1.856182e-02 1.746174e-02 27
0.986160 1.158160e-02 1.204604e-02 1.133213e-02 19
0.986704 1.827097e-02 1.952856e-02 1.840555e-02 30
0.987294 9.127614e-03 9.029066e-03 8.493953e-03 15
0.987841 1.276765e-02 1.334626e-02 1.255528e-02 21
0.988402 1.700888e-02 1.732227e-02 1.629565e-02 28
0.989017 8.497124e-03 8.828441e-03 8.305217e-03 14
0.989573 1.637322e-02 1.782242e-02 1.676616e-02 27
0.990089 9.694304e-03 1.047873e-02 9.901145e-03 16
0.990671 1.210747e-02 1.206590e-02 1.144312e-02 20
0.991220 1.391163e-02 1.488354e-02 1.414425e-02 23
0.991811 1.450401e-02 1.479740e-02 1.406318e-02 24
0.992329 1.086867e-02 1.075615e-02 1.023001e-02 18
0.992921 1.206594e-02 1.323915e-02 1.258511e-02 20
0.993522 1.085004e-02 1.102913e-02 1.051794e-02 18
0.994062 1.023847e-02 1.029364e-02 9.792749e-03 17
0.994634 1.384019e-02 1.502342e-02 1.427638e-02 23
0.995210 1.082217e-02 1.097775e-02 1.041113e-02 18
0.995731 1.321578e-02 1.353378e-02 1.289232e-02 22
0.996309 1.140386e-02 1.205336e-02 1.148780e-02 19
0.996915 1.439255e-02 1.640015e-02 1.563595e-02 24
0.997468 1.497943e-02 1.624664e-02 1.557708e-02 25
0.997941 7.183979e-03 7.228725e-03 6.855616e-03 12
0.998602 1.495384e-02 1.697712e-02 1.615753e-02 25
0.999118 1.972221e-02 2.065469e-02 1.975763e-02 33
0.999703 1.313692e-02 1.367609e-02 1.297021e-02 22
