#Interval: 1.000000 Mpc/h, Area= 1.000000 deg^2
# z <nobs> <wc nobs> <wc wfkp nobs> N_obj
0.600228 3.193638e+01 3.223302e+01 8.429277e+00 23471
0.600676 3.119130e+01 3.157718e+01 8.266108e+00 22953
0.601157 3.324388e+01 3.370378e+01 8.826567e+00 24495
0.601623 3.216013e+01 3.242040e+01 8.506648e+00 23727
0.602079 3.139860e+01 3.190888e+01 8.387314e+00 23195
0.602546 3.133390e+01 3.144112e+01 8.282627e+00 23177
0.603009 3.294494e+01 3.309784e+01 8.702361e+00 24400
0.603452 3.254800e+01 3.263644e+01 8.610265e+00 24137
0.603925 2.987067e+01 3.034598e+01 8.002182e+00 22180
0.604392 3.258157e+01 3.276172e+01 8.669417e+00 24224
0.604852 3.249818e+01 3.294360e+01 8.715811e+00 24193
0.605314 2.939242e+01 2.942984e+01 7.806646e+00 21909
0.605765 3.017211e+01 3.080004e+01 8.185216e+00 22519
0.606243 2.989534e+01 3.017147e+01 8.040647e+00 22341
0.606707 3.125102e+01 3.175218e+01 8.472935e+00 23384
0.607164 2.822667e+01 2.863936e+01 7.644596e+00 21148
0.607622 3.001687e+01 3.003412e+01 8.024223e+00 22518
0.608097 2.757289e+01 2.785030e+01 7.494250e+00 20711
0.608555 2.777574e+01 2.822747e+01 7.550742e+00 20890
0.609013 3.213976e+01 3.214682e+01 8.612849e+00 24203
0.609473 2.791324e+01 2.802376e+01 7.500535e+00 21047
0.609943 2.705783e+01 2.717298e+01 7.402758e+00 20428
0.610412 2.838200e+01 2.865500e+01 7.955464e+00 21455
0.610877 3.111381e+01 3.175413e+01 8.811493e+00 23550
0.611342 2.748656e+01 2.765302e+01 7.702512e+00 20831
0.611797 2.774687e+01 2.792943e+01 7.807116e+00 21055
0.612262 2.955693e+01 2.970584e+01 8.271759e+00 22457
0.612737 3.092859e+01 3.132850e+01 8.725153e+00 23529
0.613204 2.792374e+01 2.819136e+01 7.818937e+00 21270
0.613666 2.842466e+01 2.866159e+01 7.996764e+00 21679
0.614125 2.910630e+01 2.967931e+01 8.273143e+00 22227
0.614598 2.808861e+01 2.830968e+01 7.896726e+00 21477
0.615064 3.019267e+01 3.031569e+01 8.476834e+00 23115
0.615523 2.943965e+01 2.967267e+01 8.297936e+00 22567
0.615995 2.833412e+01 2.858011e+01 7.998919e+00 21747
0.616447 2.777788e+01 2.820387e+01 7.890063e+00 21347
0.616932 2.760121e+01 2.781642e+01 7.795777e+00 21238
0.617390 2.969642e+01 3.018748e+01 8.443685e+00 22879
0.617861 2.817732e+01 2.839563e+01 7.977311e+00 21736
0.618322 2.698181e+01 2.758806e+01 7.714848e+00 20840
0.618787 2.773925e+01 2.814762e+01 7.873570e+00 21452
0.619258 2.859422e+01 2.889151e+01 8.116302e+00 22141
0.619732 2.661066e+01 2.696745e+01 7.577501e+00 20631
0.620191 2.897850e+01 2.905491e+01 8.483015e+00 22495
0.620639 2.879678e+01 2.922545e+01 8.573277e+00 22382
0.621120 2.880823e+01 2.948813e+01 8.642496e+00 22419
0.621592 2.703958e+01 2.725027e+01 7.987181e+00 21069
0.622058 2.396792e+01 2.434801e+01 7.145876e+00 18699
0.622519 3.037465e+01 3.067151e+01 9.041951e+00 23727
0.622995 2.619921e+01 2.664970e+01 7.866884e+00 20491
0.623460 2.807045e+01 2.823999e+01 8.374501e+00 21982
0.623925 2.669880e+01 2.681395e+01 7.924241e+00 20934
0.624391 2.511656e+01 2.556180e+01 7.546862e+00 19718
0.624877 2.380668e+01 2.412191e+01 7.168945e+00 18713
0.625325 2.427128e+01 2.466141e+01 7.288613e+00 19102
0.625799 2.620551e+01 2.626955e+01 7.851761e+00 20650
0.626281 2.647708e+01 2.669065e+01 7.953987e+00 20890
0.626751 2.582386e+01 2.587653e+01 7.734718e+00 20400
0.627205 2.489916e+01 2.511588e+01 7.498592e+00 19694
0.627682 2.427348e+01 2.430415e+01 7.279141e+00 19223
0.628150 2.391922e+01 2.418625e+01 7.240812e+00 18966
0.628606 2.517307e+01 2.563359e+01 7.685095e+00 19985
0.629097 2.361711e+01 2.377123e+01 7.182258e+00 18773
0.629549 2.277867e+01 2.276960e+01 6.845217e+00 18129
0.630024 2.406813e+01 2.416943e+01 7.586566e+00 19179
0.630489 2.398945e+01 2.416628e+01 7.809712e+00 19140
0.630969 2.338770e+01 2.363320e+01 7.667561e+00 18683
0.631434 2.206975e+01 2.230307e+01 7.230010e+00 17652
0.631896 1.992965e+01 2.011819e+01 6.544736e+00 15960
0.632377 2.361790e+01 2.370254e+01 7.713672e+00 18937
0.632848 2.101650e+01 2.118207e+01 6.916779e+00 16872
0.633319 2.397520e+01 2.403903e+01 7.850006e+00 19271
0.633798 2.257633e+01 2.278662e+01 7.444276e+00 18169
0.634253 2.340857e+01 2.366458e+01 7.738454e+00 18862
0.634737 2.087469e+01 2.107536e+01 6.873830e+00 16841
0.635210 2.320243e+01 2.379485e+01 7.743628e+00 18742
0.635655 2.514113e+01 2.548545e+01 8.311286e+00 20333
0.636156 1.991727e+01 2.006351e+01 6.590096e+00 16128
0.636615 2.040223e+01 2.062031e+01 6.738626e+00 16541
0.637107 2.421955e+01 2.453476e+01 8.013587e+00 19660
0.637551 2.328303e+01 2.325721e+01 7.628118e+00 18923
0.638040 2.065168e+01 2.097602e+01 6.889820e+00 16805
0.638515 2.133582e+01 2.141945e+01 7.033371e+00 17383
0.638982 2.015123e+01 2.040851e+01 6.699134e+00 16438
0.639441 2.315573e+01 2.367305e+01 7.811802e+00 18912
0.639930 2.219190e+01 2.254557e+01 7.530950e+00 18147
0.640383 2.290862e+01 2.313420e+01 7.968651e+00 18756
0.640862 2.131062e+01 2.158824e+01 7.512938e+00 17469
0.641340 2.045974e+01 2.086637e+01 7.244310e+00 16792
0.641816 2.181966e+01 2.223165e+01 7.697187e+00 17930
0.642295 2.093981e+01 2.152834e+01 7.461142e+00 17228
0.642759 1.996376e+01 2.007099e+01 6.962394e+00 16445
0.643245 1.974667e+01 2.005402e+01 6.944814e+00 16286
0.643693 2.060306e+01 2.121279e+01 7.346195e+00 17013
0.644187 2.011475e+01 2.039932e+01 7.096761e+00 16630
0.644667 1.806194e+01 1.831503e+01 6.360755e+00 14951
0.645138 1.943847e+01 1.991026e+01 6.938753e+00 16110
0.645608 1.967157e+01 1.984431e+01 6.948054e+00 16323
0.646073 1.962122e+01 1.974257e+01 6.899773e+00 16301
0.646551 1.876550e+01 1.896465e+01 6.648531e+00 15609
0.647004 1.926750e+01 1.949631e+01 6.789620e+00 16046
0.647519 1.771864e+01 1.805714e+01 6.300021e+00 14774
0.647970 1.918375e+01 1.954755e+01 6.837926e+00 16015
0.648445 1.806703e+01 1.831973e+01 6.453731e+00 15101
0.648926 1.978984e+01 1.998846e+01 6.988530e+00 16561
0.649413 2.138197e+01 2.171557e+01 7.602486e+00 17915
0.649882 2.117734e+01 2.126971e+01 7.535367e+00 17765
0.650357 1.672974e+01 1.680176e+01 6.041122e+00 14051
0.650819 1.976108e+01 1.986579e+01 7.153983e+00 16617
0.651311 1.910062e+01 1.944574e+01 7.021446e+00 16081
0.651782 1.857935e+01 1.888788e+01 6.811141e+00 15661
0.652241 1.740170e+01 1.783720e+01 6.404537e+00 14686
0.652738 1.846840e+01 1.877172e+01 6.777831e+00 15605
0.653217 2.007745e+01 2.042254e+01 7.394102e+00 16985
0.653680 1.926584e+01 1.938929e+01 6.990685e+00 16318
0.654157 1.907172e+01 1.928257e+01 6.977247e+00 16173
0.654651 1.951525e+01 2.012425e+01 7.259968e+00 16569
0.655113 1.812839e+01 1.831158e+01 6.636567e+00 15410
0.655586 1.776239e+01 1.793348e+01 6.448473e+00 15117
0.656074 1.866004e+01 1.879173e+01 6.796329e+00 15900
0.656548 1.998805e+01 2.015695e+01 7.293426e+00 17052
0.657010 1.734276e+01 1.784435e+01 6.444950e+00 14813
0.657500 1.745885e+01 1.750563e+01 6.386719e+00 14930
0.657969 1.850202e+01 1.861580e+01 6.722631e+00 15841
0.658449 1.851142e+01 1.885183e+01 6.842502e+00 15868
0.658933 1.854292e+01 1.880850e+01 6.845603e+00 15914
0.659413 1.888857e+01 1.949394e+01 7.051409e+00 16230
0.659880 1.797448e+01 1.791388e+01 6.611320e+00 15463
0.660378 1.839426e+01 1.888866e+01 7.168421e+00 15843
0.660837 1.576662e+01 1.599208e+01 6.085752e+00 13596
0.661338 1.639649e+01 1.678522e+01 6.347227e+00 14156
0.661805 1.841197e+01 1.866009e+01 7.070845e+00 15915
0.662292 1.771064e+01 1.826020e+01 6.928522e+00 15327
0.662756 1.742299e+01 1.774016e+01 6.773220e+00 15096
0.663241 1.601783e+01 1.613914e+01 6.135712e+00 13895
0.663729 1.716175e+01 1.746209e+01 6.662465e+00 14905
0.664198 1.713795e+01 1.724438e+01 6.547031e+00 14902
0.664675 1.792401e+01 1.835203e+01 6.907352e+00 15604
0.665178 1.792688e+01 1.815574e+01 6.906501e+00 15625
0.665639 1.962804e+01 2.006591e+01 7.668937e+00 17128
0.666134 1.663457e+01 1.692088e+01 6.476022e+00 14533
0.666615 1.545679e+01 1.614596e+01 6.130689e+00 13520
0.667099 1.732952e+01 1.753548e+01 6.667035e+00 15176
0.667569 1.809604e+01 1.846053e+01 7.048783e+00 15866
0.668044 1.642397e+01 1.684156e+01 6.415451e+00 14417
0.668536 1.630560e+01 1.657974e+01 6.359635e+00 14330
0.669014 1.777068e+01 1.804754e+01 6.857879e+00 15636
0.669501 1.530910e+01 1.554868e+01 5.924523e+00 13486
0.669966 1.473096e+01 1.505956e+01 5.832531e+00 12992
0.670458 1.753019e+01 1.784938e+01 7.124813e+00 15479
0.670936 1.558317e+01 1.603496e+01 6.431215e+00 13776
0.671407 1.680430e+01 1.708460e+01 6.846655e+00 14873
0.671905 1.534795e+01 1.554793e+01 6.226217e+00 13600
0.672385 1.626326e+01 1.632988e+01 6.532839e+00 14428
0.672872 1.558104e+01 1.592912e+01 6.382623e+00 13839
0.673344 1.628811e+01 1.651983e+01 6.655134e+00 14484
0.673827 1.586802e+01 1.613212e+01 6.465284e+00 14127
0.674309 1.625221e+01 1.666962e+01 6.704988e+00 14486
0.674795 1.687978e+01 1.690883e+01 6.853517e+00 15063
0.675292 1.369801e+01 1.396108e+01 5.641799e+00 12238
0.675746 1.264115e+01 1.290855e+01 5.199078e+00 11307
0.676228 1.443318e+01 1.466452e+01 5.982699e+00 12925
0.676734 1.462713e+01 1.511438e+01 6.082623e+00 13114
0.677202 1.598929e+01 1.652923e+01 6.735389e+00 14352
0.677701 1.428923e+01 1.456550e+01 5.935602e+00 12841
0.678169 1.550187e+01 1.561771e+01 6.353575e+00 13947
0.678675 1.299144e+01 1.324367e+01 5.377740e+00 11702
0.679150 1.397876e+01 1.418606e+01 5.691997e+00 12606
0.679623 1.402009e+01 1.421964e+01 5.755408e+00 12658
0.680128 1.340748e+01 1.408097e+01 5.783569e+00 12119
0.680599 1.439305e+01 1.436401e+01 5.922746e+00 13025
0.681084 1.447677e+01 1.494633e+01 6.180108e+00 13116
0.681574 1.322741e+01 1.328284e+01 5.460276e+00 11998
0.682046 1.340477e+01 1.393118e+01 5.756433e+00 12173
0.682530 1.424606e+01 1.446818e+01 5.993646e+00 12952
0.683021 1.540729e+01 1.551600e+01 6.445023e+00 14024
0.683494 1.478479e+01 1.509508e+01 6.267835e+00 13473
0.683980 1.602709e+01 1.652306e+01 6.793506e+00 14622
0.684492 1.363059e+01 1.418684e+01 5.898655e+00 12450
0.684965 1.504520e+01 1.502820e+01 6.270057e+00 13758
0.685458 1.443361e+01 1.482610e+01 6.157445e+00 13214
0.685958 1.432093e+01 1.436905e+01 5.929725e+00 13126
0.686416 1.567316e+01 1.569220e+01 6.515663e+00 14382
0.686906 1.425960e+01 1.455817e+01 6.110101e+00 13100
0.687422 1.378759e+01 1.422622e+01 5.827787e+00 12681
0.687877 1.270850e+01 1.314964e+01 5.495636e+00 11702
0.688376 1.432752e+01 1.441093e+01 5.999201e+00 13208
0.688853 1.343988e+01 1.375244e+01 5.677750e+00 12404
0.689339 1.296662e+01 1.346157e+01 5.555982e+00 11981
0.689836 1.329116e+01 1.350479e+01 5.646328e+00 12295
0.690312 1.238831e+01 1.257859e+01 5.425943e+00 11473
0.690815 1.347312e+01 1.360037e+01 5.926719e+00 12492
0.691274 1.279727e+01 1.297691e+01 5.603860e+00 11879
0.691782 1.180229e+01 1.225244e+01 5.326329e+00 10968
0.692260 1.318282e+01 1.330094e+01 5.757731e+00 12265
0.692762 1.492735e+01 1.523632e+01 6.563918e+00 13904
0.693248 1.396229e+01 1.414083e+01 6.130869e+00 13020
0.693738 1.483964e+01 1.531865e+01 6.653164e+00 13854
0.694212 1.216499e+01 1.263635e+01 5.451321e+00 11370
0.694727 1.327322e+01 1.367401e+01 5.960604e+00 12420
0.695187 1.386545e+01 1.419672e+01 6.178069e+00 12989
0.695689 1.285160e+01 1.305156e+01 5.625988e+00 12053
0.696174 1.186669e+01 1.216314e+01 5.329006e+00 11142
0.696648 1.463080e+01 1.498095e+01 6.457330e+00 13753
0.697164 1.266529e+01 1.287671e+01 5.590608e+00 11919
0.697661 1.192487e+01 1.209804e+01 5.248636e+00 11235
0.698144 1.032524e+01 1.050887e+01 4.584301e+00 9739
0.698620 1.123587e+01 1.151217e+01 5.051572e+00 10610
0.699109 1.261514e+01 1.285536e+01 5.607325e+00 11926
0.699600 1.154633e+01 1.161795e+01 5.058957e+00 10928
0.700090 1.098336e+01 1.116464e+01 5.059916e+00 10407
0.700579 1.185852e+01 1.199153e+01 5.499632e+00 11249
0.701069 1.244842e+01 1.265541e+01 5.778823e+00 11822
0.701586 1.281506e+01 1.307587e+01 5.979720e+00 12184
0.702061 1.031901e+01 1.052858e+01 4.819811e+00 9822
0.702543 1.170094e+01 1.208903e+01 5.571262e+00 11150
0.703028 1.154304e+01 1.194197e+01 5.503331e+00 11012
0.703529 1.230689e+01 1.263186e+01 5.814216e+00 11754
0.704029 1.208798e+01 1.228647e+01 5.706845e+00 11558
0.704525 1.104323e+01 1.098142e+01 5.110518e+00 10571
0.705026 1.005300e+01 1.023232e+01 4.779409e+00 9634
0.705492 1.145295e+01 1.159062e+01 5.327748e+00 10988
0.705995 1.204701e+01 1.221395e+01 5.615967e+00 11571
0.706490 1.142713e+01 1.151097e+01 5.311475e+00 10988
0.706973 1.167603e+01 1.185627e+01 5.451721e+00 11240
0.707483 1.158713e+01 1.217172e+01 5.536471e+00 11167
0.707943 1.102995e+01 1.114233e+01 5.139748e+00 10642
0.708456 9.908747e+00 1.022198e+01 4.707072e+00 9571
0.708951 1.140329e+01 1.166189e+01 5.398061e+00 11027
0.709448 1.051659e+01 1.073622e+01 5.006127e+00 10181
0.709922 9.400751e+00 9.621045e+00 4.500430e+00 9111
0.710450 9.875632e+00 9.948198e+00 4.752738e+00 9582
0.710912 1.114524e+01 1.138744e+01 5.428718e+00 10826
0.711416 1.257344e+01 1.300755e+01 6.190562e+00 12227
0.711902 1.184443e+01 1.221958e+01 5.823518e+00 11531
0.712414 1.051169e+01 1.075466e+01 5.107778e+00 10245
0.712895 1.151660e+01 1.203124e+01 5.722869e+00 11237
0.713402 9.887241e+00 1.002745e+01 4.770525e+00 9658
0.713877 1.110432e+01 1.122389e+01 5.329447e+00 10859
0.714381 7.949934e+00 8.077337e+00 3.884221e+00 7783
0.714870 9.396013e+00 9.830973e+00 4.642709e+00 9209
0.715376 1.064420e+01 1.074108e+01 5.124948e+00 10444
0.715856 1.032182e+01 1.061629e+01 5.063028e+00 10139
0.716359 1.061030e+01 1.108746e+01 5.257097e+00 10434
0.716861 1.026429e+01 1.043156e+01 4.990507e+00 10105
0.717371 9.433036e+00 9.887086e+00 4.690989e+00 9297
0.717844 1.045631e+01 1.077853e+01 5.129596e+00 10317
0.718343 9.927353e+00 9.974537e+00 4.780062e+00 9806
0.718827 1.070206e+01 1.088495e+01 5.191156e+00 10583
0.719339 9.976004e+00 1.016373e+01 4.828693e+00 9876
0.719833 9.984095e+00 1.027662e+01 4.934175e+00 9895
0.720342 1.000526e+01 1.014616e+01 5.013832e+00 9927
0.720832 1.085092e+01 1.129524e+01 5.536764e+00 10778
0.721304 9.298236e+00 9.388241e+00 4.559951e+00 9246
0.721833 1.033365e+01 1.068887e+01 5.300685e+00 10287
0.722306 9.556596e+00 9.553711e+00 4.755202e+00 9524
0.722808 1.003314e+01 1.046545e+01 5.215576e+00 10010
0.723307 1.109833e+01 1.121167e+01 5.586073e+00 11085
0.723808 9.220884e+00 9.433002e+00 4.690215e+00 9220
0.724332 9.310593e+00 9.449228e+00 4.705236e+00 9320
0.724796 8.758456e+00 8.729227e+00 4.372499e+00 8777
0.725315 7.473899e+00 7.832691e+00 3.903951e+00 7498
0.725815 1.058016e+01 1.083209e+01 5.429705e+00 10626
0.726302 9.045778e+00 9.381183e+00 4.625027e+00 9095
0.726817 8.457597e+00 8.718963e+00 4.311095e+00 8513
0.727315 7.432066e+00 7.613479e+00 3.787671e+00 7489
0.727813 9.121990e+00 9.174460e+00 4.544051e+00 9202
0.728333 9.003030e+00 9.124304e+00 4.553320e+00 9092
0.728816 9.024781e+00 9.120473e+00 4.507846e+00 9124
0.729272 8.696714e+00 9.159715e+00 4.496156e+00 8802
0.729785 9.339538e+00 9.424510e+00 4.697040e+00 9463
0.730277 9.111407e+00 9.349039e+00 4.654534e+00 9242
0.730810 8.608031e+00 9.339779e+00 4.684424e+00 8741
0.731265 9.897086e+00 1.007718e+01 5.038750e+00 10061
0.731794 9.405732e+00 9.756580e+00 4.875675e+00 9572
0.732313 7.766050e+00 8.117878e+00 4.089294e+00 7912
0.732794 8.576247e+00 8.839769e+00 4.502825e+00 8747
0.733281 9.820503e+00 1.008285e+01 5.025526e+00 10027
0.733808 9.243307e+00 9.379409e+00 4.756144e+00 9448
0.734301 8.996705e+00 9.320447e+00 4.720635e+00 9206
0.734779 8.222514e+00 8.542255e+00 4.294576e+00 8423
0.735283 7.832260e+00 8.027336e+00 4.011879e+00 8032
0.735799 7.037640e+00 7.217854e+00 3.597098e+00 7225
0.736315 8.077891e+00 8.450105e+00 4.259004e+00 8302
0.736814 7.976751e+00 8.130653e+00 4.089149e+00 8207
0.737305 9.911774e+00 1.023769e+01 5.119150e+00 10209
0.737796 1.034516e+01 1.037516e+01 5.203868e+00 10667
0.738307 8.749960e+00 8.818342e+00 4.439314e+00 9032
0.738803 9.157530e+00 9.273661e+00 4.691638e+00 9463
0.739296 8.036874e+00 8.083679e+00 4.068477e+00 8314
0.739842 8.647103e+00 8.694685e+00 4.388497e+00 8955
0.740308 8.760213e+00 8.722679e+00 4.516788e+00 9082
0.740834 8.458758e+00 8.480341e+00 4.413080e+00 8779
0.741320 8.772012e+00 8.935702e+00 4.596529e+00 9114
0.741816 9.606640e+00 9.852726e+00 5.101252e+00 9992
0.742357 7.589013e+00 7.758070e+00 4.022483e+00 7902
0.742812 8.185185e+00 8.483719e+00 4.344043e+00 8532
0.743322 7.468133e+00 7.563162e+00 3.910010e+00 7793
0.743850 8.527417e+00 9.073042e+00 4.692340e+00 8908
0.744348 7.829703e+00 7.879047e+00 4.028392e+00 8188
0.744858 6.900421e+00 6.891520e+00 3.627164e+00 7224
0.745338 8.013171e+00 8.072633e+00 4.148253e+00 8398
0.745859 8.951949e+00 9.280520e+00 4.755537e+00 9392
0.746378 8.852792e+00 9.098420e+00 4.707817e+00 9298
0.746878 7.448946e+00 7.603418e+00 3.916032e+00 7832
0.747359 9.056981e+00 9.386486e+00 4.874331e+00 9533
0.747851 7.960571e+00 8.380854e+00 4.308146e+00 8388
0.748383 7.461874e+00 7.583514e+00 3.916108e+00 7871
0.748873 8.096859e+00 8.190745e+00 4.182180e+00 8550
0.749373 7.011623e+00 7.045131e+00 3.605622e+00 7412
0.749907 7.482240e+00 7.652968e+00 3.994217e+00 7918
0.750404 7.462874e+00 7.638693e+00 4.122682e+00 7906
0.750904 8.444003e+00 8.635736e+00 4.645978e+00 8955
0.751421 7.429907e+00 7.547913e+00 4.089352e+00 7888
0.751918 6.978767e+00 7.018282e+00 3.750738e+00 7417
0.752426 7.284275e+00 7.555076e+00 4.022561e+00 7750
0.752926 7.891450e+00 8.404042e+00 4.433267e+00 8405
0.753434 7.426246e+00 7.558350e+00 4.037606e+00 7918
0.753961 7.094134e+00 7.182632e+00 3.876119e+00 7572
0.754451 7.225993e+00 7.264273e+00 3.876393e+00 7721
0.754966 7.382808e+00 7.577927e+00 4.050527e+00 7897
0.755474 7.374919e+00 7.745228e+00 4.144809e+00 7897
0.755980 7.660904e+00 8.060849e+00 4.291620e+00 8212
0.756478 6.978967e+00 7.221464e+00 3.876195e+00 7489
0.756988 6.288240e+00 6.331178e+00 3.381849e+00 6755
0.757502 6.559578e+00 6.733246e+00 3.555377e+00 7054
0.758014 8.709535e+00 8.935666e+00 4.749420e+00 9376
0.758504 7.683249e+00 7.900680e+00 4.207698e+00 8280
0.759010 6.578499e+00 6.884954e+00 3.671170e+00 7097
0.759543 7.205778e+00 7.471667e+00 3.991337e+00 7782
0.760055 7.221240e+00 7.561157e+00 4.146469e+00 7807
0.760539 6.494703e+00 6.754299e+00 3.768091e+00 7029
0.761059 7.147753e+00 7.479148e+00 4.179325e+00 7744
0.761547 6.799015e+00 7.262586e+00 4.063576e+00 7374
0.762081 6.083515e+00 6.265113e+00 3.533135e+00 6605
0.762576 7.191268e+00 7.339395e+00 4.138691e+00 7816
0.763086 6.236977e+00 6.360354e+00 3.561311e+00 6786
0.763618 5.260834e+00 5.540843e+00 3.104078e+00 5730
0.764112 6.363179e+00 6.445908e+00 3.598677e+00 6938
0.764623 6.123735e+00 6.299506e+00 3.537190e+00 6684
0.765142 7.276828e+00 7.593046e+00 4.300216e+00 7951
0.765638 7.177710e+00 7.323761e+00 4.108671e+00 7851
0.766163 6.737233e+00 6.763969e+00 3.777692e+00 7377
0.766692 6.481057e+00 6.731427e+00 3.844904e+00 7104
0.767168 5.988468e+00 6.324697e+00 3.543105e+00 6571
0.767723 5.790969e+00 6.009876e+00 3.384046e+00 6361
0.768196 6.509676e+00 6.750944e+00 3.767631e+00 7158
0.768714 6.513717e+00 6.685442e+00 3.756154e+00 7170
0.769225 5.753621e+00 6.058525e+00 3.389003e+00 6340
0.769723 6.122878e+00 6.289088e+00 3.508804e+00 6754
0.770230 6.109191e+00 6.255264e+00 3.657754e+00 6746
0.770761 5.879318e+00 6.010295e+00 3.536349e+00 6499
0.771263 6.456927e+00 6.611100e+00 3.914204e+00 7145
0.771781 5.801067e+00 6.093970e+00 3.565138e+00 6426
0.772313 6.759002e+00 6.845028e+00 4.035500e+00 7495
0.772816 5.804209e+00 6.072859e+00 3.598980e+00 6443
0.773336 5.652336e+00 5.742256e+00 3.399357e+00 6281
0.773863 5.702146e+00 5.910781e+00 3.474511e+00 6343
0.774362 5.025347e+00 5.281599e+00 3.097313e+00 5596
0.774899 5.147470e+00 5.173388e+00 3.026202e+00 5738
0.775385 5.143874e+00 5.275943e+00 3.075524e+00 5740
0.775898 5.582516e+00 5.794338e+00 3.391766e+00 6236
0.776408 5.493512e+00 5.514035e+00 3.210855e+00 6143
0.776915 5.385037e+00 5.395349e+00 3.200507e+00 6028
0.777446 6.283418e+00 6.573957e+00 3.875646e+00 7041
0.777935 4.368215e+00 4.510332e+00 2.619916e+00 4900
0.778462 6.000474e+00 6.289539e+00 3.674797e+00 6738
0.778974 5.499591e+00 5.487675e+00 3.240208e+00 6182
0.779494 5.404990e+00 5.655274e+00 3.300741e+00 6082
0.780013 5.918699e+00 6.275545e+00 3.708322e+00 6667
0.780556 5.063834e+00 5.106258e+00 3.039661e+00 5710
0.781026 5.870061e+00 6.042874e+00 3.605207e+00 6626
0.781536 5.286940e+00 5.587201e+00 3.322288e+00 5974
0.782079 4.872119e+00 4.982882e+00 2.954243e+00 5511
0.782563 5.489679e+00 5.580423e+00 3.376906e+00 6216
0.783103 5.317235e+00 5.368803e+00 3.201462e+00 6027
0.783645 5.070234e+00 5.250420e+00 3.116381e+00 5753
0.784121 5.724398e+00 5.843297e+00 3.474219e+00 6502
0.784660 4.854800e+00 4.883581e+00 2.886290e+00 5520
0.785196 5.675635e+00 5.837903e+00 3.498170e+00 6460
0.785683 5.703985e+00 5.838024e+00 3.487237e+00 6499
0.786213 4.747669e+00 4.718505e+00 2.848425e+00 5415
0.786709 5.096601e+00 5.297731e+00 3.159831e+00 5819
0.787234 5.709919e+00 5.742825e+00 3.430088e+00 6526
0.787721 5.338666e+00 5.486118e+00 3.294064e+00 6108
0.788290 5.499047e+00 5.573386e+00 3.311536e+00 6298
0.788771 4.664741e+00 4.783180e+00 2.829527e+00 5348
0.789305 4.910001e+00 5.101547e+00 3.033537e+00 5635
0.789821 5.327970e+00 5.587343e+00 3.335881e+00 6121
0.790329 5.148568e+00 5.353721e+00 3.261144e+00 5921
0.790864 5.241419e+00 5.282497e+00 3.180221e+00 6034
0.791396 5.237756e+00 5.272564e+00 3.207802e+00 6036
0.791897 4.765993e+00 4.751806e+00 2.864484e+00 5498
0.792421 5.595016e+00 5.803103e+00 3.514815e+00 6461
0.792946 4.622106e+00 4.786192e+00 2.925972e+00 5343
0.793426 4.529208e+00 4.718546e+00 2.852629e+00 5241
0.793943 5.367136e+00 5.449723e+00 3.320305e+00 6217
0.794486 5.236575e+00 5.205332e+00 3.160942e+00 6072
0.795018 5.276862e+00 5.337661e+00 3.212959e+00 6125
0.795523 5.354931e+00 5.527170e+00 3.321004e+00 6222
0.796054 5.952135e+00 5.911929e+00 3.562151e+00 6923
0.796567 4.528881e+00 4.511294e+00 2.755967e+00 5273
0.797079 4.491639e+00 4.558697e+00 2.752445e+00 5235
0.797627 5.114455e+00 5.400229e+00 3.261644e+00 5967
0.798125 5.208547e+00 5.526135e+00 3.348853e+00 6083
0.798643 4.471878e+00 4.601685e+00 2.773471e+00 5228
0.799168 4.409202e+00 4.535318e+00 2.726933e+00 5160
0.799702 4.782853e+00 4.941423e+00 2.991163e+00 5603
0.800210 3.854439e+00 3.926712e+00 2.482359e+00 4520
0.800737 4.567790e+00 4.704792e+00 2.952431e+00 5362
0.801254 4.732482e+00 4.784025e+00 3.018825e+00 5561
0.801779 4.707254e+00 4.783901e+00 3.033076e+00 5537
0.802321 4.333870e+00 4.405331e+00 2.779162e+00 5103
0.802836 4.508472e+00 4.573367e+00 2.878262e+00 5314
0.803359 4.043663e+00 4.242639e+00 2.660612e+00 4771
0.803883 4.239367e+00 4.255250e+00 2.693002e+00 5007
0.804396 3.520332e+00 3.800373e+00 2.384374e+00 4162
0.804912 5.074874e+00 5.135092e+00 3.229821e+00 6006
0.805441 3.649083e+00 3.683458e+00 2.314891e+00 4323
0.805989 5.388380e+00 5.468120e+00 3.433301e+00 6390
0.806507 4.892637e+00 4.982911e+00 3.156542e+00 5808
0.807031 4.083160e+00 4.197558e+00 2.648789e+00 4852
0.807532 4.971832e+00 5.121465e+00 3.244159e+00 5914
0.808057 4.249574e+00 4.295545e+00 2.707549e+00 5060
0.808592 5.059086e+00 5.139307e+00 3.245516e+00 6030
0.809125 4.705300e+00 4.724493e+00 2.978661e+00 5614
0.809618 4.295292e+00 4.376672e+00 2.791491e+00 5130
0.810137 4.945046e+00 5.074502e+00 3.282380e+00 5912
0.810664 4.364322e+00 4.427020e+00 2.869444e+00 5223
0.811216 3.670407e+00 3.691366e+00 2.394154e+00 4397
0.811749 4.217915e+00 4.267963e+00 2.769636e+00 5058
0.812261 4.615197e+00 4.739326e+00 3.076598e+00 5540
0.812809 3.830745e+00 3.980408e+00 2.577718e+00 4603
0.813317 4.514441e+00 4.534421e+00 2.933676e+00 5430
0.813823 4.288965e+00 4.384043e+00 2.859368e+00 5164
0.814360 4.258095e+00 4.381073e+00 2.844143e+00 5132
0.814907 3.701775e+00 3.800745e+00 2.471269e+00 4466
0.815416 3.822257e+00 3.938710e+00 2.560881e+00 4616
0.815942 3.894517e+00 3.865547e+00 2.505758e+00 4708
0.816479 4.040177e+00 4.066920e+00 2.621191e+00 4889
0.816999 3.995666e+00 4.011991e+00 2.603321e+00 4840
0.817516 3.640322e+00 3.697018e+00 2.408407e+00 4414
0.818056 4.542952e+00 4.706702e+00 3.051758e+00 5514
0.818566 3.382808e+00 3.634214e+00 2.356078e+00 4110
0.819108 3.703380e+00 3.819373e+00 2.475506e+00 4504
0.819626 4.240162e+00 4.369154e+00 2.856809e+00 5162
0.820168 3.674628e+00 3.660229e+00 2.479559e+00 4478
0.820682 3.736531e+00 3.849435e+00 2.638192e+00 4558
0.821197 3.005561e+00 3.015920e+00 2.083109e+00 3670
0.821709 3.398532e+00 3.428870e+00 2.369248e+00 4154
0.822273 3.230037e+00 3.391014e+00 2.334071e+00 3952
0.822810 3.459512e+00 3.568827e+00 2.462632e+00 4237
0.823326 3.075133e+00 3.203347e+00 2.198309e+00 3770
0.823858 3.195924e+00 3.228683e+00 2.217591e+00 3922
0.824375 3.481726e+00 3.604565e+00 2.469561e+00 4277
0.824926 3.252985e+00 3.470589e+00 2.374627e+00 4000
0.825452 4.021557e+00 4.171514e+00 2.864836e+00 4950
0.825997 3.278971e+00 3.336886e+00 2.288037e+00 4040
0.826513 3.053542e+00 3.174182e+00 2.167302e+00 3766
0.827033 3.612651e+00 4.014012e+00 2.748900e+00 4460
0.827598 3.402711e+00 3.561472e+00 2.436941e+00 4205
0.828094 3.437323e+00 3.656390e+00 2.515848e+00 4252
0.828634 3.454905e+00 3.656657e+00 2.512548e+00 4278
0.829136 2.941578e+00 2.986506e+00 2.054463e+00 3646
0.829690 2.918508e+00 2.975496e+00 2.045695e+00 3621
0.830231 3.366522e+00 3.397055e+00 2.354074e+00 4181
0.830755 3.508779e+00 3.703902e+00 2.575485e+00 4362
0.831332 2.667951e+00 2.804249e+00 1.951857e+00 3320
0.831812 3.169468e+00 3.259264e+00 2.267485e+00 3948
0.832359 3.621069e+00 3.710490e+00 2.592110e+00 4515
0.832894 3.216076e+00 3.186512e+00 2.212808e+00 4014
0.833438 3.507450e+00 3.675214e+00 2.562679e+00 4382
0.833912 3.452806e+00 3.499488e+00 2.433614e+00 4318
0.834506 3.440606e+00 3.462013e+00 2.410971e+00 4307
0.835017 3.146717e+00 3.154984e+00 2.187886e+00 3943
0.835597 2.870946e+00 2.816069e+00 1.955979e+00 3601
0.836086 3.052099e+00 3.187209e+00 2.217777e+00 3832
0.836643 2.946445e+00 2.982561e+00 2.067984e+00 3703
0.837152 3.011107e+00 3.026527e+00 2.105530e+00 3788
0.837693 3.227318e+00 3.330637e+00 2.315455e+00 4064
0.838208 4.007961e+00 4.078607e+00 2.838483e+00 5052
0.838739 3.602980e+00 3.673887e+00 2.555548e+00 4546
0.839307 2.905044e+00 3.053684e+00 2.128785e+00 3669
0.839815 2.774835e+00 2.784482e+00 1.953168e+00 3508
0.840338 2.376205e+00 2.469659e+00 1.753644e+00 3007
0.840911 3.028324e+00 3.135767e+00 2.228416e+00 3836
0.841417 3.213054e+00 3.337374e+00 2.369318e+00 4074
0.841942 3.092504e+00 3.188771e+00 2.256467e+00 3925
0.842538 3.228004e+00 3.429380e+00 2.441685e+00 4101
0.843031 2.841885e+00 2.831245e+00 2.004905e+00 3614
0.843555 2.923157e+00 3.070736e+00 2.179275e+00 3721
0.844112 3.484575e+00 3.557881e+00 2.520425e+00 4440
0.844624 3.292992e+00 3.303218e+00 2.346219e+00 4200
0.845174 2.629466e+00 2.694841e+00 1.913589e+00 3357
0.845680 3.289682e+00 3.435385e+00 2.447128e+00 4204
0.846224 3.177021e+00 3.274475e+00 2.322984e+00 4064
0.846767 3.089571e+00 3.099968e+00 2.195003e+00 3956
0.847330 2.850927e+00 2.909965e+00 2.061382e+00 3654
0.847855 2.870748e+00 2.848802e+00 2.028313e+00 3683
0.848360 3.316477e+00 3.421603e+00 2.422970e+00 4259
0.848915 3.434601e+00 3.532027e+00 2.507858e+00 4415
0.849474 3.184110e+00 3.129440e+00 2.222467e+00 4097
0.850013 2.005502e+00 2.002810e+00 1.452844e+00 2583
0.850595 2.873072e+00 2.944785e+00 2.174326e+00 3704
0.851096 2.056618e+00 2.088446e+00 1.544074e+00 2654
0.851605 2.684008e+00 2.751431e+00 2.034273e+00 3467
0.852137 2.996174e+00 3.194788e+00 2.362478e+00 3874
0.852736 2.934540e+00 2.956577e+00 2.185001e+00 3798
0.853190 2.361253e+00 2.423152e+00 1.790636e+00 3059
0.853792 2.396747e+00 2.573035e+00 1.902221e+00 3108
0.854304 2.328936e+00 2.356724e+00 1.736159e+00 3023
0.854854 2.465985e+00 2.654340e+00 1.961102e+00 3204
0.855378 2.821138e+00 3.020503e+00 2.230446e+00 3669
0.855948 2.104777e+00 2.193283e+00 1.630800e+00 2740
0.856506 2.366732e+00 2.365096e+00 1.748953e+00 3084
0.857005 2.736280e+00 2.729073e+00 2.015324e+00 3569
0.857564 2.999413e+00 3.138618e+00 2.315855e+00 3916
0.858120 2.717215e+00 2.779010e+00 2.059083e+00 3551
0.858604 2.396574e+00 2.483254e+00 1.833639e+00 3135
0.859163 2.862417e+00 2.881469e+00 2.135330e+00 3748
0.859661 2.172970e+00 2.280824e+00 1.685670e+00 2848
0.860264 2.721975e+00 2.743048e+00 2.059085e+00 3571
0.860801 3.026236e+00 3.026884e+00 2.267688e+00 3974
0.861357 2.820952e+00 2.913614e+00 2.180126e+00 3708
0.861919 2.488375e+00 2.502834e+00 1.871155e+00 3274
0.862439 2.340190e+00 2.373473e+00 1.775860e+00 3082
0.862954 2.552614e+00 2.542989e+00 1.913793e+00 3365
0.863496 2.716883e+00 2.729103e+00 2.039929e+00 3585
0.864063 2.260755e+00 2.282185e+00 1.710488e+00 2986
0.864560 2.523318e+00 2.617878e+00 1.958736e+00 3336
0.865127 3.093685e+00 3.116848e+00 2.337847e+00 4094
0.865686 2.622652e+00 2.635616e+00 1.975151e+00 3474
0.866213 2.501722e+00 2.626484e+00 1.961255e+00 3317
0.866749 1.975646e+00 1.969334e+00 1.479114e+00 2622
0.867305 2.276363e+00 2.314783e+00 1.737447e+00 3024
0.867848 2.287717e+00 2.296449e+00 1.714810e+00 3042
0.868396 2.048106e+00 2.105955e+00 1.572564e+00 2726
0.868918 2.092682e+00 2.193762e+00 1.643716e+00 2788
0.869491 2.524861e+00 2.476349e+00 1.851751e+00 3367
0.870017 1.867673e+00 1.819196e+00 1.382608e+00 2493
0.870552 2.458659e+00 2.536474e+00 1.962798e+00 3285
0.871130 2.048045e+00 2.112427e+00 1.634129e+00 2739
0.871670 1.998278e+00 2.072448e+00 1.600282e+00 2675
0.872186 2.671030e+00 2.834924e+00 2.186063e+00 3579
0.872773 2.242001e+00 2.301885e+00 1.776366e+00 3007
0.873270 1.929990e+00 1.982492e+00 1.533422e+00 2591
0.873863 2.293537e+00 2.339501e+00 1.808715e+00 3082
0.874424 2.636317e+00 2.751705e+00 2.123729e+00 3546
0.874952 2.059656e+00 2.251200e+00 1.740451e+00 2773
0.875506 1.990168e+00 2.062847e+00 1.590700e+00 2682
0.875983 1.547176e+00 1.589899e+00 1.228835e+00 2087
0.876531 2.261898e+00 2.266501e+00 1.755239e+00 3054
0.877119 1.359991e+00 1.362914e+00 1.050969e+00 1838
0.877612 2.216941e+00 2.273718e+00 1.753306e+00 2999
0.878230 2.801961e+00 2.864882e+00 2.211987e+00 3794
0.878731 1.747902e+00 1.693547e+00 1.313221e+00 2369
0.879312 1.971802e+00 1.979639e+00 1.529020e+00 2675
0.879840 2.171711e+00 2.338304e+00 1.809211e+00 2949
0.880441 2.366090e+00 2.351437e+00 1.846005e+00 3216
0.880942 2.098502e+00 2.042670e+00 1.599946e+00 2855
0.881484 2.350592e+00 2.478306e+00 1.947854e+00 3201
0.882025 2.328558e+00 2.464184e+00 1.932897e+00 3174
0.882591 1.622730e+00 1.744866e+00 1.372119e+00 2214
0.883154 1.807186e+00 1.784570e+00 1.402907e+00 2468
0.883715 2.036648e+00 2.087989e+00 1.637617e+00 2784
0.884238 2.228401e+00 2.319765e+00 1.818847e+00 3049
0.884784 2.274487e+00 2.280867e+00 1.793196e+00 3115
0.885302 1.912704e+00 1.940599e+00 1.521550e+00 2622
0.885892 1.941508e+00 1.954161e+00 1.534195e+00 2664
0.886429 2.075104e+00 2.199941e+00 1.724064e+00 2850
0.886994 1.977128e+00 2.045926e+00 1.603896e+00 2718
0.887553 1.776866e+00 1.948163e+00 1.525922e+00 2445
0.888113 1.656119e+00 1.776192e+00 1.391224e+00 2281
0.888635 1.734350e+00 1.691355e+00 1.326478e+00 2391
0.889229 1.841420e+00 1.870919e+00 1.466657e+00 2541
0.889687 1.603663e+00 1.656893e+00 1.302836e+00 2215
0.890300 1.871953e+00 2.016049e+00 1.642375e+00 2588
0.890918 1.676526e+00 1.687296e+00 1.373574e+00 2320
0.891423 1.287980e+00 1.320127e+00 1.079851e+00 1784
0.891949 2.142934e+00 2.290651e+00 1.871570e+00 2971
0.892479 1.559393e+00 1.689441e+00 1.373867e+00 2164
0.893043 1.771749e+00 1.820883e+00 1.482462e+00 2461
0.893583 2.057790e+00 2.164558e+00 1.760236e+00 2861
0.894156 1.734655e+00 1.730792e+00 1.407494e+00 2414
0.894656 1.331720e+00 1.374055e+00 1.122394e+00 1855
0.895270 1.418692e+00 1.483611e+00 1.206484e+00 1978
0.895842 2.055107e+00 2.085038e+00 1.697416e+00 2868
0.896378 1.368790e+00 1.348195e+00 1.096363e+00 1912
0.896901 1.451906e+00 1.464425e+00 1.190882e+00 2030
0.897491 1.787820e+00 1.811069e+00 1.472776e+00 2502
0.898047 1.651938e+00 1.646274e+00 1.341541e+00 2314
0.898555 1.698895e+00 1.656490e+00 1.348656e+00 2382
0.899116 1.571187e+00 1.554994e+00 1.264534e+00 2205
0.899639 1.378222e+00 1.364539e+00 1.109654e+00 1936
0.900230 1.753176e+00 1.776578e+00 1.482521e+00 2465
0.900784 1.467316e+00 1.435620e+00 1.197326e+00 2065
0.901303 1.306931e+00 1.276494e+00 1.066709e+00 1841
0.901935 1.324863e+00 1.326123e+00 1.106004e+00 1868
0.902465 1.660207e+00 1.750756e+00 1.461431e+00 2343
0.903025 1.194973e+00 1.259724e+00 1.050627e+00 1688
0.903563 1.384116e+00 1.368421e+00 1.144172e+00 1957
0.904104 1.229496e+00 1.217811e+00 1.019478e+00 1740
0.904690 1.570739e+00 1.534707e+00 1.279966e+00 2225
0.905270 1.629231e+00 1.651014e+00 1.376968e+00 2310
0.905803 1.343044e+00 1.455929e+00 1.214264e+00 1906
0.906379 1.467107e+00 1.464321e+00 1.222978e+00 2084
0.906918 1.739344e+00 1.744107e+00 1.458148e+00 2473
0.907496 1.603519e+00 1.654455e+00 1.383937e+00 2282
0.908028 1.306479e+00 1.367867e+00 1.140819e+00 1861
0.908537 1.418893e+00 1.490753e+00 1.245356e+00 2023
0.909173 1.171623e+00 1.165760e+00 9.731688e-01 1672
0.909708 1.501678e+00 1.469569e+00 1.231777e+00 2145
0.910257 1.329627e+00 1.462552e+00 1.264662e+00 1901
0.910822 1.226375e+00 1.219037e+00 1.056818e+00 1755
0.911380 1.078632e+00 1.156925e+00 9.999924e-01 1545
0.911960 9.646407e-01 9.836931e-01 8.533954e-01 1383
0.912487 1.418797e+00 1.394072e+00 1.204972e+00 2036
0.913008 1.194700e+00 1.251865e+00 1.082054e+00 1716
0.913600 1.127519e+00 1.143834e+00 9.924597e-01 1621
0.914123 1.170955e+00 1.183424e+00 1.024190e+00 1685
0.914688 9.796411e-01 9.702499e-01 8.386391e-01 1411
0.915309 1.177123e+00 1.201127e+00 1.039861e+00 1697
0.915838 7.872601e-01 7.857492e-01 6.791652e-01 1136
0.916409 1.077332e+00 1.043842e+00 9.036353e-01 1556
0.916963 8.266249e-01 8.702897e-01 7.539023e-01 1195
0.917532 1.089174e+00 1.099068e+00 9.499838e-01 1576
0.918103 1.329146e+00 1.335111e+00 1.155024e+00 1925
0.918696 1.512110e+00 1.556864e+00 1.346972e+00 2192
0.919245 1.144758e+00 1.150040e+00 9.940411e-01 1661
0.919763 1.054194e+00 1.088831e+00 9.429626e-01 1531
0.920334 9.892495e-01 1.041737e+00 9.103230e-01 1438
0.920859 1.072881e+00 1.089819e+00 9.561660e-01 1561
0.921444 1.235326e+00 1.275102e+00 1.115183e+00 1799
0.922031 1.105219e+00 1.139568e+00 9.958130e-01 1611
0.922549 9.575275e-01 1.007433e+00 8.822069e-01 1397
0.923135 1.223035e+00 1.220714e+00 1.066722e+00 1786
0.923710 1.269123e+00 1.268764e+00 1.110737e+00 1855
0.924256 8.154609e-01 8.641618e-01 7.566679e-01 1193
0.924860 1.278414e+00 1.266324e+00 1.106579e+00 1872
0.925392 1.248590e+00 1.257566e+00 1.099769e+00 1830
0.925896 8.684436e-01 8.830507e-01 7.716551e-01 1274
0.926520 1.106698e+00 1.076426e+00 9.406365e-01 1625
0.927106 1.077111e+00 1.201045e+00 1.051891e+00 1583
0.927634 1.083607e+00 1.092708e+00 9.559572e-01 1594
0.928227 9.746288e-01 9.976657e-01 8.757645e-01 1435
0.928766 8.549922e-01 8.394203e-01 7.335287e-01 1260
0.929384 9.416690e-01 9.096320e-01 7.948833e-01 1389
0.929900 9.733239e-01 9.546293e-01 8.408594e-01 1437
0.930488 1.081390e+00 1.088451e+00 9.711358e-01 1598
0.931078 1.066884e+00 1.071335e+00 9.558062e-01 1578
0.931568 9.976909e-01 1.019575e+00 9.097387e-01 1477
0.932157 8.138946e-01 8.292959e-01 7.392531e-01 1206
0.932762 6.344771e-01 6.544638e-01 5.834038e-01 941
0.933271 1.247593e+00 1.282202e+00 1.144640e+00 1852
0.933931 1.198003e+00 1.187229e+00 1.058323e+00 1780
0.934383 5.628198e-01 5.893007e-01 5.253160e-01 837
0.934946 7.369818e-01 7.328296e-01 6.532609e-01 1097
0.935621 6.920145e-01 7.108496e-01 6.336675e-01 1031
0.936134 8.161194e-01 7.819807e-01 6.995706e-01 1217
0.936724 1.014368e+00 9.943629e-01 8.870380e-01 1514
0.937276 1.048259e+00 1.059616e+00 9.445659e-01 1566
0.937818 1.000496e+00 1.022853e+00 9.142066e-01 1496
0.938410 7.650621e-01 7.472134e-01 6.660829e-01 1145
0.938902 6.448754e-01 6.476995e-01 5.785088e-01 966
0.939589 8.930728e-01 9.331728e-01 8.318513e-01 1339
0.940127 8.889349e-01 9.022690e-01 8.178450e-01 1334
0.940633 9.194239e-01 8.878841e-01 8.075293e-01 1381
0.941298 6.039711e-01 6.489150e-01 5.901873e-01 908
0.941776 8.925132e-01 9.154758e-01 8.326239e-01 1343
0.942355 7.980896e-01 8.659995e-01 7.896307e-01 1202
0.942972 6.945485e-01 6.851041e-01 6.237499e-01 1047
0.943489 6.236693e-01 5.955811e-01 5.422106e-01 941
0.944055 4.304148e-01 4.144785e-01 3.769676e-01 650
0.944692 7.164922e-01 6.941059e-01 6.325251e-01 1083
0.945182 5.975316e-01 5.998466e-01 5.467959e-01 904
0.945843 1.083704e+00 1.109522e+00 1.009109e+00 1641
0.946360 8.168314e-01 8.265854e-01 7.525431e-01 1238
0.946935 6.367938e-01 6.224102e-01 5.679045e-01 966
0.947480 5.031821e-01 4.866215e-01 4.425815e-01 764
0.948080 6.534184e-01 6.818416e-01 6.201340e-01 993
0.948632 6.567772e-01 6.698109e-01 6.091921e-01 999
0.949235 1.027306e+00 1.001677e+00 9.110233e-01 1564
0.949739 6.103191e-01 6.320158e-01 5.746856e-01 930
0.950373 7.232034e-01 7.379816e-01 6.682885e-01 1103
0.951032 4.723146e-01 4.838546e-01 4.381606e-01 721
0.951496 7.958680e-01 9.173561e-01 8.307233e-01 1216
0.952122 6.539115e-01 6.533404e-01 5.916406e-01 1000
0.952650 1.134829e+00 1.148725e+00 1.041102e+00 1737
0.953172 6.279391e-01 6.752799e-01 6.115081e-01 962
0.953776 1.172585e+00 1.234695e+00 1.118093e+00 1798
0.954388 7.799394e-01 7.498679e-01 6.790523e-01 1197
0.954939 6.913589e-01 6.916882e-01 6.268463e-01 1062
0.955554 6.783845e-01 6.585575e-01 5.963650e-01 1043
0.956069 7.538107e-01 7.750515e-01 7.041710e-01 1160
0.956653 9.589538e-01 9.846470e-01 8.967839e-01 1477
0.957216 6.772215e-01 6.650749e-01 6.022669e-01 1044
0.957850 6.681934e-01 6.440966e-01 5.832697e-01 1031
0.958407 9.207813e-01 9.090345e-01 8.235987e-01 1422
0.958966 6.857666e-01 7.178010e-01 6.504835e-01 1060
0.959489 6.864497e-01 7.580037e-01 6.871863e-01 1062
0.960105 5.844491e-01 5.527207e-01 5.095928e-01 905
0.960719 4.981149e-01 4.708612e-01 4.385501e-01 772
0.961194 4.989620e-01 5.181291e-01 4.835211e-01 774
0.961799 6.756417e-01 6.517618e-01 6.071301e-01 1049
0.962384 2.664133e-01 2.658507e-01 2.480765e-01 414
0.963003 7.175208e-01 7.199879e-01 6.697210e-01 1116
0.963564 5.896957e-01 6.188230e-01 5.756191e-01 918
0.964137 6.360248e-01 6.318190e-01 5.883220e-01 991
0.964777 3.539605e-01 3.336234e-01 3.103310e-01 552
0.965333 6.579631e-01 6.534487e-01 6.083554e-01 1027
0.965859 3.898199e-01 3.858913e-01 3.589498e-01 609
0.966420 8.544153e-01 8.473168e-01 7.886457e-01 1336
0.967106 4.881709e-01 4.962994e-01 4.616496e-01 764
0.967628 5.598791e-01 5.876958e-01 5.466650e-01 877
0.968203 6.225307e-01 6.411140e-01 5.963538e-01 976
0.968739 5.416844e-01 5.377352e-01 5.001926e-01 850
0.969262 5.055506e-01 4.969140e-01 4.622213e-01 794
0.969925 5.140108e-01 4.856651e-01 4.542799e-01 808
0.970501 4.436427e-01 4.515639e-01 4.262031e-01 698
0.971133 4.419817e-01 4.345302e-01 4.101260e-01 696
0.971642 3.495940e-01 3.447387e-01 3.265888e-01 551
0.972308 5.419959e-01 5.323371e-01 5.024399e-01 855
0.972813 4.078809e-01 4.182809e-01 3.947893e-01 644
0.973418 3.708198e-01 4.172609e-01 3.938267e-01 586
0.974061 3.142243e-01 3.079566e-01 2.914600e-01 497
0.974527 8.180338e-01 7.948758e-01 7.511742e-01 1295
0.975159 4.310628e-01 4.264787e-01 4.025268e-01 683
0.975692 5.517551e-01 5.981219e-01 5.645301e-01 875
0.976417 2.973713e-01 2.955157e-01 2.789189e-01 472
0.976898 4.878401e-01 5.252610e-01 4.957613e-01 775
0.977396 4.578531e-01 4.425784e-01 4.177223e-01 728
0.978082 2.475769e-01 2.347337e-01 2.215506e-01 394
0.978743 1.632325e-01 1.529913e-01 1.443990e-01 260
0.979241 6.818398e-01 7.047709e-01 6.651894e-01 1087
0.979893 3.779112e-01 3.697211e-01 3.487195e-01 603
0.980383 6.593571e-01 6.807214e-01 6.414979e-01 1053
0.980905 3.478461e-01 3.382650e-01 3.185952e-01 556
0.981480 4.813081e-01 4.665261e-01 4.400056e-01 770
0.982109 4.740177e-01 5.479985e-01 5.167037e-01 759
0.982728 5.384980e-01 5.556821e-01 5.233696e-01 863
0.983246 4.195745e-01 3.956214e-01 3.726163e-01 673
0.983857 4.241915e-01 4.335107e-01 4.083024e-01 681
0.984514 2.364936e-01 2.347833e-01 2.216292e-01 380
0.985009 6.274052e-01 6.424357e-01 6.050785e-01 1009
0.985688 3.764878e-01 3.576984e-01 3.368985e-01 606
0.986187 5.332034e-01 5.393853e-01 5.084127e-01 859
0.986782 4.062213e-01 3.889353e-01 3.666758e-01 655
0.987366 5.483862e-01 5.423171e-01 5.107817e-01 885
0.987998 4.513285e-01 4.324239e-01 4.072788e-01 729
0.988534 3.259853e-01 3.439502e-01 3.239497e-01 527
0.989170 4.140802e-01 4.199518e-01 3.955320e-01 670
0.989650 2.723145e-01 2.591214e-01 2.440536e-01 441
0.990320 3.818963e-01 3.738824e-01 3.552066e-01 619
0.990830 2.404043e-01 2.444515e-01 2.322409e-01 390
0.991579 2.334209e-01 2.304649e-01 2.192556e-01 379
0.992053 2.916769e-01 2.878431e-01 2.734651e-01 474
0.992624 4.678770e-01 4.734172e-01 4.497695e-01 761
0.993222 4.416715e-01 4.430232e-01 4.208937e-01 719
0.993857 3.854373e-01 3.700460e-01 3.523352e-01 628
0.994374 2.722707e-01 2.645481e-01 2.513336e-01 444
0.995021 4.570679e-01 4.441071e-01 4.219235e-01 746
0.995649 4.174941e-01 4.072619e-01 3.873878e-01 682
0.996170 5.156058e-01 5.264067e-01 5.022952e-01 843
0.996774 4.112726e-01 3.987025e-01 3.787869e-01 673
0.997355 3.584077e-01 3.854389e-01 3.666176e-01 587
0.997940 4.306939e-01 4.453802e-01 4.231330e-01 706
0.998625 4.754267e-01 4.621474e-01 4.390626e-01 780
0.999097 4.147259e-01 4.241540e-01 4.032297e-01 681
0.999749 3.437856e-01 3.781505e-01 3.598776e-01 565
