#Interval: 1.000000 Mpc/h, Area= 1.000000 deg^2
# z <nobs> <wc nobs> <wc wfkp nobs> N_objects
0.600233 1.563415e+00 1.667591e+00 4.752637e-01 1149
0.600688 1.538298e+00 1.628591e+00 4.720444e-01 1132
0.601151 1.559389e+00 1.638299e+00 4.721452e-01 1149
0.601616 1.389309e+00 1.475942e+00 4.272078e-01 1025
0.602077 1.459267e+00 1.563280e+00 4.519574e-01 1078
0.602543 1.483078e+00 1.575529e+00 4.566583e-01 1097
0.603000 1.508176e+00 1.580270e+00 4.579567e-01 1117
0.603460 1.388923e+00 1.476445e+00 4.307134e-01 1030
0.603925 1.485453e+00 1.556404e+00 4.516332e-01 1103
0.604389 1.557524e+00 1.664768e+00 4.835756e-01 1158
0.604848 1.516573e+00 1.619236e+00 4.751650e-01 1129
0.605312 1.478408e+00 1.565519e+00 4.572939e-01 1102
0.605781 1.579685e+00 1.652128e+00 4.844522e-01 1179
0.606231 1.496038e+00 1.599761e+00 4.704227e-01 1118
0.606696 1.389884e+00 1.461539e+00 4.312300e-01 1040
0.607169 1.445502e+00 1.565299e+00 4.641098e-01 1083
0.607627 1.458320e+00 1.541611e+00 4.584335e-01 1094
0.608091 1.344629e+00 1.412820e+00 4.232477e-01 1010
0.608563 1.386792e+00 1.476800e+00 4.407914e-01 1043
0.609019 1.353155e+00 1.430701e+00 4.264043e-01 1019
0.609482 1.358063e+00 1.420842e+00 4.257144e-01 1024
0.609943 1.286134e+00 1.360695e+00 4.117730e-01 971
0.610411 1.474991e+00 1.562831e+00 4.821970e-01 1115
0.610875 1.421591e+00 1.502262e+00 4.624704e-01 1076
0.611337 1.422424e+00 1.519522e+00 4.660746e-01 1078
0.611806 1.387673e+00 1.466986e+00 4.522234e-01 1053
0.612271 1.331950e+00 1.432755e+00 4.405515e-01 1012
0.612731 1.277682e+00 1.361523e+00 4.179329e-01 972
0.613192 1.299695e+00 1.389405e+00 4.267104e-01 990
0.613666 1.354429e+00 1.442757e+00 4.470305e-01 1033
0.614131 1.361882e+00 1.458329e+00 4.501443e-01 1040
0.614596 1.373239e+00 1.464976e+00 4.527705e-01 1050
0.615057 1.273539e+00 1.377800e+00 4.319405e-01 975
0.615524 1.288890e+00 1.347631e+00 4.163251e-01 988
0.615994 1.297686e+00 1.380296e+00 4.297617e-01 996
0.616451 1.407957e+00 1.521808e+00 4.758665e-01 1082
0.616923 1.293116e+00 1.366863e+00 4.274007e-01 995
0.617389 1.290190e+00 1.369624e+00 4.293444e-01 994
0.617859 1.340419e+00 1.453307e+00 4.624787e-01 1034
0.618322 1.329670e+00 1.391658e+00 4.403260e-01 1027
0.618794 1.202569e+00 1.262727e+00 3.999058e-01 930
0.619257 1.309540e+00 1.383924e+00 4.370700e-01 1014
0.619722 1.278230e+00 1.357418e+00 4.323269e-01 991
0.620190 1.253438e+00 1.323335e+00 4.369459e-01 973
0.620657 1.237713e+00 1.318665e+00 4.384943e-01 962
0.621119 1.236162e+00 1.285617e+00 4.276167e-01 962
0.621588 1.288516e+00 1.357579e+00 4.533042e-01 1004
0.622053 1.215123e+00 1.299159e+00 4.379480e-01 948
0.622522 1.273771e+00 1.366422e+00 4.620312e-01 995
0.622985 1.241493e+00 1.335357e+00 4.499395e-01 971
0.623463 1.178647e+00 1.249877e+00 4.245835e-01 923
0.623924 1.090450e+00 1.137668e+00 3.877164e-01 855
0.624390 1.128577e+00 1.213475e+00 4.128402e-01 886
0.624869 1.165335e+00 1.221140e+00 4.147461e-01 916
0.625341 1.124494e+00 1.191204e+00 4.121437e-01 885
0.625800 1.102789e+00 1.165848e+00 3.999655e-01 869
0.626269 1.112823e+00 1.162378e+00 4.019681e-01 878
0.626741 1.084855e+00 1.163120e+00 4.030831e-01 857
0.627208 1.059485e+00 1.125899e+00 3.921799e-01 838
0.627679 1.102364e+00 1.164232e+00 4.026056e-01 873
0.628149 1.147658e+00 1.217811e+00 4.234743e-01 910
0.628614 1.080735e+00 1.145609e+00 4.023125e-01 858
0.629087 1.108330e+00 1.180408e+00 4.119953e-01 881
0.629559 1.105700e+00 1.164091e+00 4.069689e-01 880
0.630023 1.177116e+00 1.241311e+00 4.363831e-01 938
0.630492 1.140564e+00 1.196394e+00 4.218257e-01 910
0.630972 1.074059e+00 1.147458e+00 4.112204e-01 858
0.631448 1.120241e+00 1.194676e+00 4.245128e-01 896
0.631913 1.090137e+00 1.137783e+00 4.102073e-01 873
0.632374 1.111240e+00 1.168459e+00 4.160037e-01 891
0.632850 1.092430e+00 1.157848e+00 4.145000e-01 877
0.633317 1.086106e+00 1.173124e+00 4.141524e-01 873
0.633786 1.089738e+00 1.143373e+00 4.079900e-01 877
0.634258 1.111975e+00 1.168977e+00 4.196093e-01 896
0.634742 1.082098e+00 1.141771e+00 4.091323e-01 873
0.635204 1.059721e+00 1.111195e+00 4.033471e-01 856
0.635669 1.027506e+00 1.106148e+00 4.024091e-01 831
0.636143 1.015129e+00 1.095101e+00 4.008841e-01 822
0.636619 1.054586e+00 1.110698e+00 4.027839e-01 855
0.637077 1.052060e+00 1.113383e+00 4.069738e-01 854
0.637567 1.083990e+00 1.133758e+00 4.138430e-01 881
0.638033 9.192180e-01 9.711046e-01 3.590503e-01 748
0.638503 9.966454e-01 1.069010e+00 3.910469e-01 812
0.638975 1.026073e+00 1.080649e+00 4.026279e-01 837
0.639456 9.721684e-01 1.023890e+00 3.815731e-01 794
0.639931 1.065143e+00 1.132978e+00 4.220817e-01 871
0.640389 1.023535e+00 1.094542e+00 4.184866e-01 838
0.640869 1.045463e+00 1.121603e+00 4.245543e-01 857
0.641337 9.260005e-01 9.879515e-01 3.751179e-01 760
0.641806 9.857179e-01 1.052775e+00 4.001401e-01 810
0.642291 9.529146e-01 1.041076e+00 3.958093e-01 784
0.642763 9.165486e-01 9.872768e-01 3.730954e-01 755
0.643227 9.578700e-01 1.022792e+00 3.899649e-01 790
0.643700 9.833469e-01 1.055500e+00 4.059856e-01 812
0.644180 9.216739e-01 9.696851e-01 3.662508e-01 762
0.644654 9.314265e-01 9.999060e-01 3.785316e-01 771
0.645136 9.363283e-01 9.974322e-01 3.788044e-01 776
0.645600 1.012321e+00 1.081395e+00 4.170893e-01 840
0.646071 9.533164e-01 1.006799e+00 3.846873e-01 792
0.646549 9.401384e-01 9.842339e-01 3.810288e-01 782
0.647023 9.474048e-01 9.953447e-01 3.841278e-01 789
0.647508 9.678452e-01 1.030118e+00 4.005656e-01 807
0.647972 8.744387e-01 9.275163e-01 3.554363e-01 730
0.648443 9.391839e-01 1.004071e+00 3.890929e-01 785
0.648916 9.511934e-01 1.000233e+00 3.892086e-01 796
0.649413 8.378533e-01 8.840217e-01 3.475084e-01 702
0.649877 8.213448e-01 8.637324e-01 3.401982e-01 689
0.650349 8.846487e-01 9.391001e-01 3.770633e-01 743
0.650831 8.372029e-01 8.840550e-01 3.595897e-01 704
0.651300 8.967706e-01 9.643062e-01 3.934932e-01 755
0.651781 8.826409e-01 9.371519e-01 3.825348e-01 744
0.652255 8.436612e-01 8.908036e-01 3.592210e-01 712
0.652728 7.988572e-01 8.436179e-01 3.472712e-01 675
0.653204 8.487259e-01 8.973737e-01 3.749964e-01 718
0.653681 8.595128e-01 9.244249e-01 3.798911e-01 728
0.654165 8.820654e-01 9.432018e-01 3.944245e-01 748
0.654639 8.739401e-01 9.352992e-01 3.828109e-01 742
0.655125 7.528988e-01 7.942721e-01 3.244958e-01 640
0.655598 8.154462e-01 8.418782e-01 3.501068e-01 694
0.656076 8.602394e-01 9.066978e-01 3.772509e-01 733
0.656549 8.146667e-01 8.528233e-01 3.599346e-01 695
0.657033 7.891057e-01 8.397397e-01 3.489108e-01 674
0.657501 8.115498e-01 8.740178e-01 3.651372e-01 694
0.657973 8.280998e-01 8.773924e-01 3.688187e-01 709
0.658455 7.722813e-01 8.103158e-01 3.367264e-01 662
0.658937 7.795159e-01 8.587113e-01 3.571873e-01 669
0.659415 8.018623e-01 8.614800e-01 3.584491e-01 689
0.659889 7.997440e-01 8.454035e-01 3.482309e-01 688
0.660379 8.533598e-01 8.966954e-01 3.774357e-01 735
0.660853 7.236224e-01 7.639354e-01 3.250157e-01 624
0.661334 8.073152e-01 8.613410e-01 3.659747e-01 697
0.661808 7.670207e-01 8.191659e-01 3.506927e-01 663
0.662284 7.880639e-01 8.344872e-01 3.560196e-01 682
0.662759 7.755864e-01 8.395743e-01 3.563842e-01 672
0.663244 8.161656e-01 8.624295e-01 3.684037e-01 708
0.663727 8.209544e-01 8.773672e-01 3.742144e-01 713
0.664210 7.360278e-01 8.039425e-01 3.541362e-01 640
0.664686 7.454937e-01 7.844031e-01 3.385141e-01 649
0.665164 7.251064e-01 7.824002e-01 3.387392e-01 632
0.665649 7.116426e-01 7.406881e-01 3.275358e-01 621
0.666124 7.245361e-01 7.761056e-01 3.370001e-01 633
0.666607 6.939549e-01 7.317654e-01 3.176474e-01 607
0.667089 7.753520e-01 8.255501e-01 3.552047e-01 679
0.667561 7.037221e-01 7.383547e-01 3.172063e-01 617
0.668046 7.723834e-01 8.203923e-01 3.622679e-01 678
0.668522 7.214063e-01 7.633392e-01 3.420584e-01 634
0.669010 6.716855e-01 7.160485e-01 3.144760e-01 591
0.669501 7.140313e-01 7.629417e-01 3.299603e-01 629
0.669967 6.995844e-01 7.415507e-01 3.327607e-01 617
0.670451 6.897012e-01 7.175208e-01 3.297703e-01 609
0.670931 6.787095e-01 7.171682e-01 3.292280e-01 600
0.671408 7.242358e-01 7.678855e-01 3.516517e-01 641
0.671890 6.387457e-01 6.735381e-01 3.096878e-01 566
0.672382 6.718119e-01 7.014509e-01 3.221859e-01 596
0.672856 6.406250e-01 6.801544e-01 3.110946e-01 569
0.673354 6.342511e-01 6.656883e-01 3.034466e-01 564
0.673830 6.436170e-01 6.594864e-01 2.981222e-01 573
0.674312 6.787649e-01 7.144001e-01 3.280169e-01 605
0.674793 6.555582e-01 6.971314e-01 3.218881e-01 585
0.675278 6.715809e-01 7.182884e-01 3.251870e-01 600
0.675759 6.238401e-01 6.536645e-01 3.004879e-01 558
0.676241 6.275779e-01 6.623449e-01 3.018992e-01 562
0.676729 6.391143e-01 6.734651e-01 3.103818e-01 573
0.677208 6.896162e-01 7.219213e-01 3.338064e-01 619
0.677690 6.576540e-01 7.125991e-01 3.239090e-01 591
0.678175 6.969008e-01 7.397558e-01 3.397363e-01 627
0.678660 6.505711e-01 6.878087e-01 3.164420e-01 586
0.679145 6.442692e-01 6.778238e-01 3.076791e-01 581
0.679623 6.645640e-01 6.982048e-01 3.235722e-01 600
0.680115 5.996247e-01 6.282534e-01 2.905033e-01 542
0.680609 6.254485e-01 6.570590e-01 3.087839e-01 566
0.681070 6.412783e-01 6.941701e-01 3.317735e-01 581
0.681572 6.008449e-01 6.303038e-01 2.992547e-01 545
0.682051 6.012490e-01 6.408789e-01 2.993241e-01 546
0.682534 5.939523e-01 6.466552e-01 3.129672e-01 540
0.683030 5.888695e-01 6.298922e-01 2.942962e-01 536
0.683500 6.463477e-01 6.976246e-01 3.303128e-01 589
0.683993 5.973714e-01 6.308330e-01 2.918907e-01 545
0.684488 5.649303e-01 5.929435e-01 2.848378e-01 516
0.684976 5.828677e-01 6.212491e-01 2.960105e-01 533
0.685451 6.477319e-01 6.872001e-01 3.257457e-01 593
0.685937 5.749755e-01 5.970909e-01 2.819785e-01 527
0.686420 6.026461e-01 6.422916e-01 3.076877e-01 553
0.686903 5.540560e-01 5.934115e-01 2.782519e-01 509
0.687405 5.599409e-01 6.054324e-01 2.887327e-01 515
0.687873 5.668978e-01 6.253012e-01 3.036374e-01 522
0.688370 5.846859e-01 6.282572e-01 2.990243e-01 539
0.688859 5.655932e-01 6.093938e-01 2.919053e-01 522
0.689331 5.465442e-01 5.837781e-01 2.801911e-01 505
0.689836 5.491589e-01 5.857872e-01 2.828768e-01 508
0.690313 5.582460e-01 5.821838e-01 2.887781e-01 517
0.690804 5.036780e-01 5.246914e-01 2.638832e-01 467
0.691292 5.461921e-01 5.776138e-01 2.854537e-01 507
0.691784 5.380331e-01 5.587160e-01 2.715392e-01 500
0.692268 5.535389e-01 5.821293e-01 2.967626e-01 515
0.692759 5.722296e-01 6.013123e-01 3.036531e-01 533
0.693246 5.822981e-01 6.122859e-01 3.050599e-01 543
0.693737 5.355725e-01 5.773505e-01 2.942733e-01 500
0.694223 5.403096e-01 5.651048e-01 2.870494e-01 505
0.694709 5.129746e-01 5.474054e-01 2.777538e-01 480
0.695205 5.251983e-01 5.522278e-01 2.773363e-01 492
0.695691 4.862134e-01 5.107601e-01 2.589045e-01 456
0.696164 5.186749e-01 5.637182e-01 2.880823e-01 487
0.696664 4.946792e-01 5.335536e-01 2.772137e-01 465
0.697158 4.824266e-01 5.102946e-01 2.568252e-01 454
0.697644 4.808157e-01 5.060051e-01 2.568646e-01 453
0.698124 5.311577e-01 5.666346e-01 2.900184e-01 501
0.698634 4.807809e-01 5.138141e-01 2.606385e-01 454
0.699118 5.066787e-01 5.314453e-01 2.607255e-01 479
0.699605 4.765186e-01 5.044301e-01 2.541866e-01 451
0.700118 4.622574e-01 4.800410e-01 2.457778e-01 438
0.700586 5.007374e-01 5.390604e-01 2.761580e-01 475
0.701076 4.917454e-01 5.253120e-01 2.730745e-01 467
0.701578 4.575303e-01 4.868744e-01 2.512872e-01 435
0.702063 4.822263e-01 5.158566e-01 2.702744e-01 459
0.702544 4.858777e-01 5.048537e-01 2.629640e-01 463
0.703046 4.465434e-01 4.748598e-01 2.412088e-01 426
0.703534 4.942020e-01 5.220459e-01 2.649018e-01 472
0.704021 4.884139e-01 5.243499e-01 2.638785e-01 467
0.704517 4.512984e-01 4.743122e-01 2.447879e-01 432
0.705013 4.633106e-01 4.882149e-01 2.418815e-01 444
0.705513 4.763377e-01 5.118571e-01 2.708556e-01 457
0.705989 4.695535e-01 4.994919e-01 2.540826e-01 451
0.706491 4.565444e-01 4.743122e-01 2.444251e-01 439
0.706968 4.716118e-01 5.095647e-01 2.735220e-01 454
0.707466 4.544787e-01 4.815817e-01 2.423112e-01 438
0.707961 4.477484e-01 4.709914e-01 2.468589e-01 432
0.708456 4.472447e-01 4.831066e-01 2.496356e-01 432
0.708964 4.405371e-01 4.835769e-01 2.504873e-01 426
0.709445 4.576024e-01 4.916072e-01 2.521889e-01 443
0.709935 4.158163e-01 4.367035e-01 2.283511e-01 403
0.710432 4.277173e-01 4.585853e-01 2.453591e-01 415
0.710932 4.550337e-01 4.800559e-01 2.583908e-01 442
0.711416 4.390985e-01 4.581751e-01 2.410707e-01 427
0.711910 4.365520e-01 4.623436e-01 2.480973e-01 425
0.712397 4.524796e-01 4.752427e-01 2.549588e-01 441
0.712910 4.099530e-01 4.450745e-01 2.355410e-01 400
0.713382 4.596574e-01 4.693149e-01 2.504609e-01 449
0.713887 4.100591e-01 4.320653e-01 2.258380e-01 401
0.714376 3.881504e-01 4.045993e-01 2.168413e-01 380
0.714875 3.846560e-01 4.130729e-01 2.223473e-01 377
0.715372 4.239742e-01 4.427207e-01 2.404331e-01 416
0.715869 4.489520e-01 4.680026e-01 2.464017e-01 441
0.716358 3.955728e-01 4.237505e-01 2.237700e-01 389
0.716879 4.184946e-01 4.354451e-01 2.302442e-01 412
0.717345 4.007797e-01 4.235420e-01 2.251960e-01 395
0.717849 4.084417e-01 4.388253e-01 2.338493e-01 403
0.718355 4.363338e-01 4.717034e-01 2.504605e-01 431
0.718841 3.913536e-01 4.076504e-01 2.257209e-01 387
0.719350 3.656656e-01 3.924628e-01 2.088933e-01 362
0.719834 3.904846e-01 4.045621e-01 2.133358e-01 387
0.720318 3.920669e-01 4.274890e-01 2.328905e-01 389
0.720821 3.825710e-01 4.036511e-01 2.231306e-01 380
0.721329 3.650508e-01 3.906006e-01 2.182307e-01 363
0.721817 3.867460e-01 4.040468e-01 2.193312e-01 385
0.722315 3.772869e-01 3.949686e-01 2.146325e-01 376
0.722825 3.467999e-01 3.631061e-01 1.978451e-01 346
0.723327 3.954752e-01 4.235802e-01 2.367401e-01 395
0.723799 3.710356e-01 4.004547e-01 2.208159e-01 371
0.724314 3.826134e-01 4.095595e-01 2.254617e-01 383
0.724800 3.452690e-01 3.605749e-01 1.974653e-01 346
0.725308 3.558525e-01 3.816087e-01 2.097678e-01 357
0.725804 3.684038e-01 3.845004e-01 2.118187e-01 370
0.726308 3.749597e-01 4.093278e-01 2.247522e-01 377
0.726800 3.397742e-01 3.574263e-01 2.007358e-01 342
0.727313 3.503164e-01 3.647870e-01 1.995031e-01 353
0.727794 3.281220e-01 3.630919e-01 2.002353e-01 331
0.728292 3.584576e-01 3.789686e-01 2.077255e-01 362
0.728800 3.600417e-01 3.762556e-01 2.095732e-01 364
0.729296 3.576699e-01 3.794113e-01 2.067500e-01 362
0.729796 3.543162e-01 3.833435e-01 2.073174e-01 359
0.730300 3.775881e-01 4.049143e-01 2.263037e-01 383
0.730795 3.328583e-01 3.549330e-01 1.983795e-01 338
0.731289 3.561023e-01 3.754853e-01 2.084288e-01 362
0.731785 3.458857e-01 3.646244e-01 2.021416e-01 352
0.732302 3.307835e-01 3.579142e-01 2.031364e-01 337
0.732789 3.421871e-01 3.516532e-01 1.898026e-01 349
0.733281 3.153687e-01 3.379615e-01 1.877095e-01 322
0.733800 3.815505e-01 4.020801e-01 2.195496e-01 390
0.734292 3.400884e-01 3.561925e-01 1.961787e-01 348
0.734806 3.670504e-01 3.945166e-01 2.161864e-01 376
0.735294 3.247189e-01 3.371488e-01 1.893295e-01 333
0.735796 3.233905e-01 3.336017e-01 1.887629e-01 332
0.736288 3.444439e-01 3.584700e-01 1.946187e-01 354
0.736791 2.925554e-01 3.151318e-01 1.723553e-01 301
0.737295 3.067999e-01 3.290368e-01 1.849910e-01 316
0.737806 3.326513e-01 3.653150e-01 2.048867e-01 343
0.738307 3.448833e-01 3.643141e-01 2.015063e-01 356
0.738806 3.087025e-01 3.248560e-01 1.787332e-01 319
0.739299 2.967669e-01 3.081506e-01 1.728031e-01 307
0.739809 3.032038e-01 3.230641e-01 1.854637e-01 314
0.740302 3.578550e-01 3.788912e-01 2.128647e-01 371
0.740825 3.343421e-01 3.454378e-01 1.927202e-01 347
0.741312 3.079925e-01 3.225521e-01 1.806341e-01 320
0.741824 3.028515e-01 3.199947e-01 1.822037e-01 315
0.742309 3.121272e-01 3.264758e-01 1.861982e-01 325
0.742821 2.973989e-01 3.168967e-01 1.839309e-01 310
0.743339 2.961187e-01 3.128264e-01 1.787002e-01 309
0.743819 2.890974e-01 3.113222e-01 1.692396e-01 302
0.744349 3.155596e-01 3.359154e-01 1.889667e-01 330
0.744853 2.903832e-01 3.059677e-01 1.674549e-01 304
0.745350 3.091531e-01 3.286661e-01 1.864301e-01 324
0.745855 3.040536e-01 3.214756e-01 1.825208e-01 319
0.746355 2.827790e-01 3.021148e-01 1.690783e-01 297
0.746861 2.615501e-01 2.778805e-01 1.566695e-01 275
0.747371 2.907202e-01 3.039174e-01 1.723079e-01 306
0.747880 3.236236e-01 3.485309e-01 1.966866e-01 341
0.748389 2.891464e-01 3.107488e-01 1.709485e-01 305
0.748873 2.746303e-01 2.950186e-01 1.695035e-01 290
0.749388 2.894707e-01 3.074432e-01 1.731936e-01 306
0.749890 2.523059e-01 2.691964e-01 1.573662e-01 267
0.750389 2.633622e-01 2.869003e-01 1.705261e-01 279
0.750902 2.668512e-01 2.837019e-01 1.635885e-01 283
0.751415 2.938807e-01 3.073487e-01 1.747257e-01 312
0.751933 2.945064e-01 3.208458e-01 1.836685e-01 313
0.752417 2.791522e-01 2.985383e-01 1.708192e-01 297
0.752938 2.844866e-01 2.967932e-01 1.750055e-01 303
0.753446 2.335356e-01 2.540084e-01 1.492493e-01 249
0.753933 3.016787e-01 3.181807e-01 1.799776e-01 322
0.754447 2.405233e-01 2.513481e-01 1.463146e-01 257
0.754968 2.860756e-01 3.022645e-01 1.727610e-01 306
0.755472 2.493483e-01 2.676971e-01 1.554826e-01 267
0.755965 2.863977e-01 3.022537e-01 1.690696e-01 307
0.756484 2.609308e-01 2.768346e-01 1.558565e-01 280
0.756992 2.550670e-01 2.700891e-01 1.529875e-01 274
0.757493 2.631642e-01 2.797242e-01 1.583521e-01 283
0.758019 2.777465e-01 2.932357e-01 1.689055e-01 299
0.758515 2.551804e-01 2.727218e-01 1.542332e-01 275
0.759037 2.753014e-01 2.879034e-01 1.635920e-01 297
0.759538 2.592673e-01 2.741211e-01 1.560649e-01 280
0.760046 2.349424e-01 2.505239e-01 1.471071e-01 254
0.760549 2.411606e-01 2.540483e-01 1.458982e-01 261
0.761053 2.602875e-01 2.802618e-01 1.632486e-01 282
0.761570 2.461808e-01 2.614075e-01 1.543948e-01 267
0.762083 2.330249e-01 2.549053e-01 1.480223e-01 253
0.762586 2.576196e-01 2.823966e-01 1.660058e-01 280
0.763080 2.352883e-01 2.483180e-01 1.473558e-01 256
0.763601 2.736001e-01 2.941510e-01 1.697438e-01 298
0.764117 2.503816e-01 2.636072e-01 1.510116e-01 273
0.764610 2.427872e-01 2.594474e-01 1.482797e-01 265
0.765121 2.461912e-01 2.573626e-01 1.520705e-01 269
0.765640 2.459310e-01 2.617973e-01 1.506774e-01 269
0.766169 2.328852e-01 2.391784e-01 1.391691e-01 255
0.766673 2.636579e-01 2.819738e-01 1.635986e-01 289
0.767179 2.333051e-01 2.402108e-01 1.393653e-01 256
0.767698 2.221343e-01 2.360077e-01 1.390831e-01 244
0.768214 2.582772e-01 2.722504e-01 1.546214e-01 284
0.768704 2.525542e-01 2.752622e-01 1.624207e-01 278
0.769225 2.468431e-01 2.579658e-01 1.522728e-01 272
0.769728 2.311717e-01 2.425251e-01 1.420752e-01 255
0.770252 2.363621e-01 2.501209e-01 1.466604e-01 261
0.770763 2.460647e-01 2.631485e-01 1.555840e-01 272
0.771266 2.268284e-01 2.403484e-01 1.371947e-01 251
0.771783 2.302011e-01 2.375310e-01 1.358338e-01 255
0.772298 2.470936e-01 2.648910e-01 1.542839e-01 274
0.772806 2.071967e-01 2.205249e-01 1.333904e-01 230
0.773321 2.339766e-01 2.498600e-01 1.435811e-01 260
0.773854 2.499128e-01 2.716248e-01 1.623819e-01 278
0.774355 2.101378e-01 2.270449e-01 1.331237e-01 234
0.774853 2.296536e-01 2.388383e-01 1.330482e-01 256
0.775392 2.276209e-01 2.437828e-01 1.442409e-01 254
0.775889 2.032122e-01 2.172523e-01 1.258542e-01 227
0.776409 2.289336e-01 2.432011e-01 1.431739e-01 256
0.776933 2.206543e-01 2.299768e-01 1.323449e-01 247
0.777434 2.284555e-01 2.394278e-01 1.370371e-01 256
0.777928 2.032557e-01 2.223210e-01 1.300390e-01 228
0.778447 2.039342e-01 2.122280e-01 1.216330e-01 229
0.778981 2.046111e-01 2.152944e-01 1.231287e-01 230
0.779493 2.097300e-01 2.199746e-01 1.286209e-01 236
0.780010 2.281544e-01 2.426957e-01 1.443800e-01 257
0.780538 2.190485e-01 2.319207e-01 1.353998e-01 247
0.781024 2.205924e-01 2.368994e-01 1.418112e-01 249
0.781574 1.778833e-01 1.890429e-01 1.120745e-01 201
0.782080 1.962639e-01 2.011923e-01 1.199945e-01 222
0.782574 1.836958e-01 1.972021e-01 1.180563e-01 208
0.783119 1.985030e-01 2.110426e-01 1.262980e-01 225
0.783634 2.115168e-01 2.208510e-01 1.326439e-01 240
0.784116 1.716791e-01 1.847838e-01 1.070482e-01 195
0.784663 1.732601e-01 1.802419e-01 1.046980e-01 197
0.785193 1.897735e-01 2.048367e-01 1.293601e-01 216
0.785658 1.992313e-01 2.056947e-01 1.200590e-01 227
0.786199 2.305885e-01 2.480104e-01 1.469064e-01 263
0.786711 1.760469e-01 1.895161e-01 1.089290e-01 201
0.787216 2.064880e-01 2.193281e-01 1.294659e-01 236
0.787753 2.167631e-01 2.343443e-01 1.434182e-01 248
0.788289 1.798672e-01 1.880003e-01 1.143019e-01 206
0.788802 2.067209e-01 2.197113e-01 1.301935e-01 237
0.789322 2.030222e-01 2.114833e-01 1.270852e-01 233
0.789816 2.028128e-01 2.257178e-01 1.342653e-01 233
0.790356 1.747783e-01 1.843954e-01 1.138912e-01 201
0.790863 1.624371e-01 1.746351e-01 1.056691e-01 187
0.791375 1.787571e-01 1.899546e-01 1.150513e-01 206
0.791882 1.707713e-01 1.778352e-01 1.070402e-01 197
0.792411 1.931108e-01 2.082327e-01 1.287049e-01 223
0.792945 1.799360e-01 1.897703e-01 1.154244e-01 208
0.793442 2.030841e-01 2.138605e-01 1.309591e-01 235
0.793951 1.873361e-01 1.971214e-01 1.185877e-01 217
0.794501 1.819693e-01 1.952107e-01 1.181636e-01 211
0.795027 1.697211e-01 1.795723e-01 1.083600e-01 197
0.795535 1.867599e-01 1.966934e-01 1.213719e-01 217
0.796050 1.676537e-01 1.749049e-01 1.094827e-01 195
0.796578 1.588930e-01 1.667756e-01 1.006664e-01 185
0.797093 1.604463e-01 1.696943e-01 1.028808e-01 187
0.797623 1.817102e-01 1.996356e-01 1.210786e-01 212
0.798149 1.926554e-01 2.029095e-01 1.218034e-01 225
0.798686 1.933138e-01 2.050767e-01 1.233424e-01 226
0.799173 1.905527e-01 2.052044e-01 1.244586e-01 223
0.799719 1.741392e-01 1.867952e-01 1.135894e-01 204
0.800206 1.867527e-01 2.010550e-01 1.234672e-01 219
0.800731 1.439680e-01 1.509792e-01 9.369184e-02 169
0.801260 1.599904e-01 1.656091e-01 1.022829e-01 188
0.801782 1.776803e-01 1.866715e-01 1.173692e-01 209
0.802323 1.919370e-01 2.049986e-01 1.265001e-01 226
0.802851 1.527145e-01 1.614005e-01 1.000032e-01 180
0.803348 1.534066e-01 1.603916e-01 9.763519e-02 181
0.803871 1.634108e-01 1.729741e-01 1.074059e-01 193
0.804426 1.750862e-01 1.828039e-01 1.124536e-01 207
0.804940 1.774431e-01 1.841949e-01 1.110159e-01 210
0.805454 1.612248e-01 1.685085e-01 1.023151e-01 191
0.805995 1.652774e-01 1.734016e-01 1.047206e-01 196
0.806487 1.886967e-01 1.958166e-01 1.184560e-01 224
0.807012 1.691499e-01 1.844421e-01 1.136397e-01 201
0.807548 1.740225e-01 1.834181e-01 1.125423e-01 207
0.808057 1.646080e-01 1.750897e-01 1.084406e-01 196
0.808597 1.610853e-01 1.713449e-01 1.050665e-01 192
0.809128 1.575697e-01 1.636286e-01 9.946273e-02 188
0.809641 1.523866e-01 1.602111e-01 9.747773e-02 182
0.810150 1.689613e-01 1.777871e-01 1.109191e-01 202
0.810679 1.420514e-01 1.542759e-01 9.827800e-02 170
0.811209 1.619420e-01 1.703607e-01 1.063598e-01 194
0.811728 1.717854e-01 1.802105e-01 1.119909e-01 206
0.812282 1.891065e-01 2.038463e-01 1.274661e-01 227
0.812798 1.514655e-01 1.608628e-01 1.012046e-01 182
0.813316 1.629522e-01 1.711794e-01 1.064479e-01 196
0.813847 1.652796e-01 1.727480e-01 1.074202e-01 199
0.814360 1.551566e-01 1.704773e-01 1.087432e-01 187
0.814906 1.417384e-01 1.504775e-01 9.506245e-02 171
0.815418 1.349714e-01 1.436081e-01 9.085084e-02 163
0.815938 1.505527e-01 1.570715e-01 9.754614e-02 182
0.816468 1.330474e-01 1.415420e-01 8.888301e-02 161
0.816997 1.741912e-01 1.848317e-01 1.162871e-01 211
0.817530 1.517488e-01 1.607868e-01 1.028166e-01 184
0.818052 1.499487e-01 1.566219e-01 9.838627e-02 182
0.818591 1.333370e-01 1.429603e-01 9.036274e-02 162
0.819096 1.652707e-01 1.730969e-01 1.099830e-01 201
0.819624 1.248556e-01 1.316489e-01 8.281129e-02 152
0.820167 1.575544e-01 1.673504e-01 1.095167e-01 192
0.820695 1.434605e-01 1.493585e-01 9.865033e-02 175
0.821239 1.416790e-01 1.498859e-01 1.009993e-01 173
0.821750 1.292653e-01 1.363226e-01 8.894268e-02 158
0.822281 1.413959e-01 1.498171e-01 9.965728e-02 173
0.822812 1.183926e-01 1.284259e-01 8.438274e-02 145
0.823340 1.451919e-01 1.532372e-01 9.947808e-02 178
0.823867 1.556403e-01 1.653536e-01 1.080635e-01 191
0.824386 1.261790e-01 1.314451e-01 8.551524e-02 155
0.824901 1.358121e-01 1.432129e-01 9.337484e-02 167
0.825456 1.576125e-01 1.677637e-01 1.107855e-01 194
0.825991 1.306719e-01 1.357421e-01 8.971246e-02 161
0.826501 1.386499e-01 1.486753e-01 9.746262e-02 171
0.827047 1.377020e-01 1.440709e-01 9.392529e-02 170
0.827568 1.197625e-01 1.295177e-01 8.400900e-02 148
0.828085 1.317694e-01 1.389184e-01 9.099771e-02 163
0.828632 1.267929e-01 1.322303e-01 8.656496e-02 157
0.829173 1.153718e-01 1.235068e-01 8.124002e-02 143
0.829697 1.039734e-01 1.092138e-01 7.162995e-02 129
0.830224 1.215845e-01 1.285400e-01 8.745106e-02 151
0.830752 1.142244e-01 1.190048e-01 8.041609e-02 142
0.831274 1.173255e-01 1.265732e-01 8.747137e-02 146
0.831819 1.228289e-01 1.284513e-01 8.621822e-02 153
0.832367 1.323314e-01 1.415298e-01 9.645122e-02 165
0.832871 1.297968e-01 1.385835e-01 9.438114e-02 162
0.833435 1.168616e-01 1.248956e-01 8.484407e-02 146
0.833936 1.175457e-01 1.243746e-01 8.398730e-02 147
0.834502 1.222226e-01 1.280108e-01 8.690874e-02 153
0.835011 1.221019e-01 1.247988e-01 8.428462e-02 153
0.835554 1.108196e-01 1.173053e-01 7.971328e-02 139
0.836070 9.637369e-02 1.026711e-01 6.997351e-02 121
0.836607 1.249235e-01 1.330317e-01 8.955583e-02 157
0.837156 1.144666e-01 1.199112e-01 8.171897e-02 144
0.837676 1.310304e-01 1.397353e-01 9.493851e-02 165
0.838209 1.063078e-01 1.102446e-01 7.455730e-02 134
0.838755 1.117510e-01 1.183604e-01 8.050784e-02 141
0.839317 1.045151e-01 1.101280e-01 7.372024e-02 132
0.839813 1.036213e-01 1.089425e-01 7.463416e-02 131
0.840365 1.043097e-01 1.117756e-01 7.959039e-02 132
0.840910 1.010494e-01 1.057402e-01 7.464096e-02 128
0.841413 9.621812e-02 1.025244e-01 7.239019e-02 122
0.841937 1.016390e-01 1.060263e-01 7.529789e-02 129
0.842493 1.031135e-01 1.091858e-01 7.638445e-02 131
0.843036 9.829429e-02 1.052513e-01 7.409102e-02 125
0.843571 9.898354e-02 1.079803e-01 7.641556e-02 126
0.844101 1.145829e-01 1.204850e-01 8.517250e-02 146
0.844629 1.105505e-01 1.185049e-01 8.334583e-02 141
0.845169 1.080924e-01 1.116415e-01 7.946124e-02 138
0.845717 1.142468e-01 1.174837e-01 8.375530e-02 146
0.846224 1.031907e-01 1.090786e-01 7.767039e-02 132
0.846757 1.085567e-01 1.143874e-01 8.069847e-02 139
0.847341 9.752759e-02 1.052355e-01 7.528436e-02 125
0.847871 9.899130e-02 1.037581e-01 7.261318e-02 127
0.848385 1.027882e-01 1.091908e-01 7.770387e-02 132
0.848946 1.011321e-01 1.103874e-01 7.771184e-02 130
0.849471 8.238116e-02 8.312823e-02 5.848280e-02 106
0.849998 9.782937e-02 1.016568e-01 7.270468e-02 126
0.850568 9.695844e-02 1.014610e-01 7.313883e-02 125
0.851120 9.763897e-02 1.031249e-01 7.476680e-02 126
0.851596 1.052856e-01 1.089880e-01 7.923995e-02 136
0.852151 9.976935e-02 1.016580e-01 7.414979e-02 129
0.852727 9.580911e-02 1.031368e-01 7.455028e-02 124
0.853232 8.104987e-02 8.703433e-02 6.311397e-02 105
0.853774 1.017923e-01 1.055914e-01 7.610552e-02 132
0.854330 1.063160e-01 1.135665e-01 8.136911e-02 138
0.854838 9.312865e-02 9.695430e-02 7.012784e-02 121
0.855369 9.611400e-02 1.034175e-01 7.435200e-02 125
0.855948 9.525269e-02 1.018566e-01 7.366590e-02 124
0.856440 8.748620e-02 9.262367e-02 6.702066e-02 114
0.857001 8.433478e-02 9.040297e-02 6.570094e-02 110
0.857562 8.731692e-02 9.173448e-02 6.577229e-02 114
0.858101 8.493687e-02 8.692451e-02 6.232503e-02 111
0.858648 1.016728e-01 1.062027e-01 7.633988e-02 133
0.859180 8.324533e-02 8.973005e-02 6.434297e-02 109
0.859681 8.469089e-02 9.098159e-02 6.610222e-02 111
0.860285 9.451831e-02 9.718910e-02 7.144295e-02 124
0.860804 1.005192e-01 1.070997e-01 7.873141e-02 132
0.861339 8.824984e-02 9.275792e-02 6.783291e-02 116
0.861840 8.968486e-02 9.301434e-02 6.802397e-02 118
0.862411 7.744950e-02 7.973499e-02 5.853125e-02 102
0.862946 8.875358e-02 9.122141e-02 6.689784e-02 117
0.863519 9.245738e-02 1.018464e-01 7.566490e-02 122
0.864049 9.085419e-02 9.454857e-02 6.894264e-02 120
0.864603 9.001043e-02 9.442989e-02 6.885611e-02 119
0.865107 8.463428e-02 8.852305e-02 6.513547e-02 112
0.865682 1.041813e-01 1.118640e-01 8.197390e-02 138
0.866236 7.768386e-02 7.970811e-02 5.812132e-02 103
0.866772 9.946046e-02 1.024162e-01 7.604301e-02 132
0.867326 8.656803e-02 8.878113e-02 6.513668e-02 115
0.867847 8.798911e-02 9.409296e-02 6.919208e-02 117
0.868398 6.386245e-02 6.616968e-02 4.844849e-02 85
0.868907 6.605308e-02 6.990653e-02 5.136269e-02 88
0.869492 8.698660e-02 9.252098e-02 6.785324e-02 116
0.870049 8.165918e-02 8.774667e-02 6.704736e-02 109
0.870593 8.232952e-02 8.514193e-02 6.509136e-02 110
0.871123 9.122361e-02 9.585267e-02 7.323680e-02 122
0.871613 6.872583e-02 7.269733e-02 5.564285e-02 92
0.872214 8.209370e-02 8.730982e-02 6.661344e-02 110
0.872739 7.977854e-02 8.358626e-02 6.414351e-02 107
0.873303 6.182523e-02 6.446763e-02 4.920843e-02 83
0.873850 7.292884e-02 7.501868e-02 5.757627e-02 98
0.874392 7.657662e-02 8.237688e-02 6.265313e-02 103
0.874923 7.947466e-02 8.514180e-02 6.528560e-02 107
0.875445 7.123645e-02 7.228084e-02 5.547891e-02 96
0.876002 6.227255e-02 6.451992e-02 4.923917e-02 84
0.876567 7.036027e-02 7.385050e-02 5.684721e-02 95
0.877105 6.733363e-02 7.148597e-02 5.453767e-02 91
0.877646 7.318343e-02 7.554715e-02 5.745867e-02 99
0.878203 7.532946e-02 7.802175e-02 5.969027e-02 102
0.878760 5.828799e-02 6.054082e-02 4.638213e-02 79
0.879322 7.297511e-02 7.797083e-02 5.964662e-02 99
0.879843 6.627806e-02 6.768474e-02 5.207125e-02 90
0.880424 6.842237e-02 7.447534e-02 5.803279e-02 93
0.880930 7.497275e-02 8.083674e-02 6.331146e-02 102
0.881515 5.507479e-02 5.716132e-02 4.457830e-02 75
0.882068 6.969533e-02 7.605519e-02 5.926438e-02 95
0.882588 6.376583e-02 6.580672e-02 5.160975e-02 87
0.883162 6.516999e-02 6.623363e-02 5.178246e-02 89
0.883652 6.949768e-02 7.168977e-02 5.571420e-02 95
0.884253 7.674062e-02 8.059464e-02 6.279341e-02 105
0.884796 7.155690e-02 7.546638e-02 5.929664e-02 98
0.885351 6.492398e-02 6.716029e-02 5.265999e-02 89
0.885919 7.215064e-02 7.461482e-02 5.816323e-02 99
0.886430 6.917014e-02 7.471094e-02 5.806212e-02 95
0.887007 6.328554e-02 6.593367e-02 5.139552e-02 87
0.887534 6.613283e-02 7.059348e-02 5.516633e-02 91
0.888099 6.534447e-02 6.997827e-02 5.454290e-02 90
0.888619 7.398732e-02 7.852999e-02 6.142684e-02 102
0.889204 5.145250e-02 5.434906e-02 4.223775e-02 71
0.889715 5.502410e-02 5.826088e-02 4.531329e-02 76
0.890315 6.654549e-02 7.063626e-02 5.691573e-02 92
0.890838 6.720558e-02 7.230660e-02 5.797394e-02 93
0.891374 5.125928e-02 5.337687e-02 4.307124e-02 71
0.891949 8.078377e-02 8.320791e-02 6.685895e-02 112
0.892471 6.773703e-02 7.082601e-02 5.761204e-02 94
0.893080 5.615459e-02 6.003464e-02 4.813454e-02 78
0.893577 5.538267e-02 5.737476e-02 4.600190e-02 77
0.894151 5.892367e-02 5.995239e-02 4.834211e-02 82
0.894709 5.671474e-02 5.979022e-02 4.793857e-02 79
0.895273 6.168228e-02 6.291283e-02 5.084936e-02 86
0.895825 5.087608e-02 5.327050e-02 4.298779e-02 71
0.896355 4.868080e-02 5.161310e-02 4.138232e-02 68
0.896936 5.721797e-02 5.976139e-02 4.791545e-02 80
0.897480 5.287716e-02 5.691290e-02 4.592310e-02 74
0.898037 5.782498e-02 5.877908e-02 4.726193e-02 81
0.898586 4.707265e-02 4.815823e-02 3.861228e-02 66
0.899145 4.631616e-02 4.945755e-02 3.965405e-02 65
0.899687 5.552754e-02 5.854140e-02 4.693729e-02 78
0.900227 4.907471e-02 5.200300e-02 4.204483e-02 69
0.900786 4.760784e-02 4.951371e-02 4.006764e-02 67
0.901360 5.750212e-02 6.088832e-02 4.940169e-02 81
0.901894 6.525023e-02 6.758278e-02 5.496682e-02 92
0.902469 4.676638e-02 4.975757e-02 4.026498e-02 66
0.903044 4.813872e-02 5.066173e-02 4.099665e-02 68
0.903601 4.667943e-02 4.878043e-02 3.947426e-02 66
0.904160 6.147478e-02 6.338615e-02 5.129355e-02 87
0.904682 5.577006e-02 5.946137e-02 4.825326e-02 79
0.905238 5.360239e-02 5.604816e-02 4.574911e-02 76
0.905782 6.975936e-02 7.488052e-02 6.072667e-02 99
0.906353 6.265478e-02 6.563398e-02 5.375457e-02 89
0.906931 5.415667e-02 5.896145e-02 4.798933e-02 77
0.907476 6.605206e-02 7.136974e-02 5.802141e-02 94
0.908032 5.195026e-02 5.382839e-02 4.368810e-02 74
0.908598 5.470767e-02 5.741501e-02 4.685139e-02 78
0.909143 5.745996e-02 6.033516e-02 4.908826e-02 82
0.909697 3.780448e-02 3.848553e-02 3.114338e-02 54
0.910247 5.455597e-02 5.698737e-02 4.783980e-02 78
0.910818 4.612008e-02 4.700768e-02 3.934250e-02 66
0.911359 5.515333e-02 5.616199e-02 4.700409e-02 79
0.911927 3.975743e-02 4.260064e-02 3.577476e-02 57
0.912497 4.390186e-02 4.563633e-02 3.819476e-02 63
0.913024 4.943105e-02 5.336314e-02 4.476927e-02 71
0.913616 4.382091e-02 4.893799e-02 4.123943e-02 63
0.914165 4.308559e-02 4.576854e-02 3.830542e-02 62
0.914704 5.068306e-02 5.166476e-02 4.346180e-02 73
0.915287 5.549193e-02 5.774443e-02 4.853996e-02 80
0.915868 4.435268e-02 4.729600e-02 3.958381e-02 64
0.916379 3.946526e-02 4.342110e-02 3.645052e-02 57
0.916970 4.911328e-02 5.039066e-02 4.239193e-02 71
0.917563 4.423043e-02 4.690160e-02 3.936985e-02 64
0.918110 3.935653e-02 4.198457e-02 3.524774e-02 57
0.918661 3.794073e-02 4.159494e-02 3.514269e-02 55
0.919210 3.928429e-02 4.215740e-02 3.539215e-02 57
0.919789 3.787112e-02 3.977505e-02 3.332941e-02 55
0.920331 3.233291e-02 3.346669e-02 2.909726e-02 47
0.920895 4.467474e-02 4.944550e-02 4.241299e-02 65
0.921446 4.738050e-02 4.976620e-02 4.275399e-02 69
0.922014 4.184875e-02 4.502304e-02 3.850734e-02 61
0.922644 3.152918e-02 3.245711e-02 2.785909e-02 46
0.923175 3.971781e-02 4.195952e-02 3.588717e-02 58
0.923710 3.010319e-02 3.197367e-02 2.734646e-02 44
0.924251 3.827813e-02 4.171003e-02 3.577051e-02 56
0.924838 4.507229e-02 4.800835e-02 4.125506e-02 66
0.925428 4.230196e-02 4.424787e-02 3.802939e-02 62
0.925956 4.635335e-02 4.767685e-02 4.077709e-02 68
0.926515 4.631105e-02 4.867564e-02 4.172806e-02 68
0.927077 3.538203e-02 3.590924e-02 3.080898e-02 52
0.927642 3.331036e-02 3.489766e-02 2.984730e-02 49
0.928211 3.531756e-02 3.851852e-02 3.303686e-02 52
0.928778 3.664252e-02 3.745067e-02 3.203084e-02 54
0.929325 3.932095e-02 4.084108e-02 3.513261e-02 58
0.929953 4.605847e-02 4.747167e-02 4.097341e-02 68
0.930479 3.518915e-02 3.746598e-02 3.287684e-02 52
0.931049 4.529864e-02 4.849447e-02 4.232534e-02 67
0.931599 3.850263e-02 4.182141e-02 3.659262e-02 57
0.932190 3.104407e-02 3.144521e-02 2.744497e-02 46
0.932756 3.371292e-02 3.445935e-02 3.007567e-02 50
0.933266 3.907149e-02 3.968220e-02 3.471497e-02 58
0.933887 2.894052e-02 3.159198e-02 2.757307e-02 43
0.934450 2.891428e-02 3.159329e-02 2.757421e-02 43
0.935035 2.888808e-02 3.005563e-02 2.631606e-02 43
0.935537 3.960122e-02 4.205103e-02 3.702738e-02 59
0.936166 3.017697e-02 3.105323e-02 2.710286e-02 45
0.936679 3.282963e-02 3.409587e-02 2.984923e-02 49
0.937266 2.878361e-02 3.049780e-02 2.661808e-02 43
0.937855 3.544539e-02 3.629566e-02 3.167838e-02 53
0.938457 2.605888e-02 2.737962e-02 2.406022e-02 39
0.938971 3.604893e-02 3.822442e-02 3.345482e-02 54
0.939550 2.934668e-02 3.262332e-02 2.855451e-02 44
0.940089 2.998656e-02 3.034893e-02 2.704494e-02 45
0.940651 2.197030e-02 2.227365e-02 1.989847e-02 33
0.941248 3.259315e-02 3.372136e-02 3.012543e-02 49
0.941806 2.658267e-02 2.991050e-02 2.699707e-02 40
0.942358 2.987856e-02 3.059251e-02 2.733023e-02 45
0.942936 2.587143e-02 2.925737e-02 2.613747e-02 39
0.943519 2.982478e-02 3.304260e-02 2.958754e-02 45
0.944101 2.383836e-02 2.451658e-02 2.190222e-02 36
0.944715 2.778640e-02 2.865747e-02 2.567301e-02 42
0.945233 2.511748e-02 2.607366e-02 2.329326e-02 38
0.945812 3.169883e-02 3.456288e-02 3.087722e-02 48
0.946390 3.298996e-02 3.358790e-02 3.014328e-02 50
0.946968 2.702748e-02 2.888294e-02 2.580296e-02 41
0.947467 2.700323e-02 2.744220e-02 2.451586e-02 41
0.948089 2.237283e-02 2.417089e-02 2.159339e-02 34
0.948629 3.089943e-02 3.214687e-02 2.871884e-02 47
0.949215 2.430328e-02 2.507488e-02 2.240098e-02 37
0.949771 2.887531e-02 3.121917e-02 2.812504e-02 44
0.950378 2.753812e-02 2.790858e-02 2.530265e-02 42
0.950952 2.816856e-02 2.940037e-02 2.671435e-02 43
0.951456 2.159839e-02 2.204687e-02 2.004851e-02 33
0.952081 2.550255e-02 2.825654e-02 2.573932e-02 39
0.952679 2.809306e-02 2.902431e-02 2.631420e-02 43
0.953233 2.545699e-02 2.827091e-02 2.563115e-02 39
0.953796 1.891265e-02 2.163254e-02 1.961263e-02 29
0.954344 2.150209e-02 2.303429e-02 2.088349e-02 33
0.954955 2.473789e-02 2.530380e-02 2.300078e-02 38
0.955519 2.406541e-02 2.660166e-02 2.423436e-02 37
0.956086 2.404396e-02 2.500338e-02 2.278726e-02 37
0.956695 1.623145e-02 1.655733e-02 1.501131e-02 25
0.957271 2.270379e-02 2.389726e-02 2.166589e-02 35
0.957843 2.268358e-02 2.396735e-02 2.172943e-02 35
0.958374 2.007329e-02 2.096687e-02 1.900912e-02 31
0.958973 2.846578e-02 2.895967e-02 2.631277e-02 44
0.959567 2.650136e-02 2.714802e-02 2.461311e-02 41
0.960134 2.260301e-02 2.293940e-02 2.111889e-02 35
0.960676 1.677589e-02 1.694546e-02 1.566965e-02 26
0.961256 2.062892e-02 2.074701e-02 1.918498e-02 32
0.961922 1.996653e-02 2.104764e-02 1.951579e-02 31
0.962422 2.252286e-02 2.423614e-02 2.241142e-02 35
0.962921 1.864525e-02 2.056335e-02 1.901515e-02 29
0.963571 2.055584e-02 2.056560e-02 1.901722e-02 32
0.964203 1.925403e-02 1.950756e-02 1.803884e-02 30
0.964738 2.051945e-02 2.081830e-02 1.925090e-02 32
0.965288 1.857929e-02 1.943247e-02 1.796941e-02 29
0.965850 1.344207e-02 1.366388e-02 1.263513e-02 21
0.966413 1.918597e-02 2.085980e-02 1.933501e-02 30
0.967001 2.364178e-02 2.656424e-02 2.465685e-02 37
0.967583 1.659847e-02 1.711098e-02 1.582271e-02 26
0.968196 1.530813e-02 1.564630e-02 1.446830e-02 24
0.968834 1.465734e-02 1.477669e-02 1.366416e-02 23
0.969372 2.355840e-02 2.524443e-02 2.343826e-02 37
0.970000 1.972071e-02 2.093688e-02 1.943229e-02 31
0.970471 1.779655e-02 1.833500e-02 1.705528e-02 28
0.971100 1.397069e-02 1.453609e-02 1.356406e-02 22
0.971652 1.332391e-02 1.365052e-02 1.269776e-02 21
0.972265 2.345479e-02 2.583528e-02 2.403206e-02 37
0.972818 1.646724e-02 1.801673e-02 1.684303e-02 26
0.973439 2.151514e-02 2.168648e-02 2.017283e-02 34
0.974026 1.833502e-02 1.835299e-02 1.707201e-02 29
0.974613 1.768722e-02 1.822513e-02 1.704298e-02 28
0.975180 1.072923e-02 1.094846e-02 1.018429e-02 17
0.975723 2.648425e-02 2.839034e-02 2.645331e-02 42
0.976282 1.764067e-02 1.871602e-02 1.745664e-02 28
0.976886 2.014308e-02 2.151587e-02 2.001413e-02 32
0.977446 1.509406e-02 1.671420e-02 1.554760e-02 24
0.978033 9.425518e-03 9.512552e-03 8.848606e-03 15
0.978657 1.443980e-02 1.459383e-02 1.357523e-02 23
0.979228 1.693622e-02 1.770206e-02 1.646652e-02 27
0.979810 1.880155e-02 2.030512e-02 1.892889e-02 30
0.980323 1.440191e-02 1.527412e-02 1.436889e-02 23
0.980956 1.126120e-02 1.356561e-02 1.276164e-02 18
0.981593 1.562689e-02 1.645322e-02 1.547811e-02 25
0.982146 1.748682e-02 1.744638e-02 1.641241e-02 28
0.982673 1.123171e-02 1.149869e-02 1.081721e-02 18
0.983208 8.728146e-03 8.570087e-03 8.062175e-03 14
0.983847 1.930974e-02 1.991350e-02 1.876833e-02 31
0.984445 1.057998e-02 1.053833e-02 9.913773e-03 17
0.985081 1.741065e-02 1.908506e-02 1.795397e-02 28
0.985557 1.677421e-02 1.890207e-02 1.778183e-02 27
0.986245 1.613887e-02 1.720450e-02 1.618486e-02 26
0.986808 1.612482e-02 1.679696e-02 1.583647e-02 26
0.987408 9.914327e-03 9.755945e-03 9.177752e-03 16
0.987999 1.547766e-02 1.631264e-02 1.534586e-02 25
0.988535 1.484563e-02 1.527067e-02 1.436564e-02 24
0.989181 9.888483e-03 9.948024e-03 9.358448e-03 16
0.989727 1.790730e-02 1.933570e-02 1.818976e-02 29
0.990376 9.871310e-03 1.080863e-02 1.025075e-02 16
0.990912 1.356127e-02 1.433891e-02 1.362828e-02 22
0.991449 1.293361e-02 1.311364e-02 1.246688e-02 21
0.992001 1.538380e-02 1.559867e-02 1.479355e-02 25
0.992629 1.168155e-02 1.273933e-02 1.211136e-02 19
0.993189 1.105714e-02 1.115440e-02 1.063807e-02 18
0.993825 1.288883e-02 1.294370e-02 1.230520e-02 21
0.994450 1.287767e-02 1.392979e-02 1.324177e-02 21
0.994986 1.164114e-02 1.183325e-02 1.125139e-02 19
0.995584 1.469187e-02 1.538047e-02 1.464477e-02 24
0.996154 1.162101e-02 1.219382e-02 1.159417e-02 19
0.996749 1.283317e-02 1.482434e-02 1.414346e-02 21
0.997350 1.831726e-02 1.934439e-02 1.851704e-02 30
0.997888 9.150720e-03 9.452972e-03 8.993598e-03 15
0.998579 1.401899e-02 1.610647e-02 1.533290e-02 23
0.999093 2.070584e-02 2.163149e-02 2.065757e-02 34
0.999691 1.399481e-02 1.454305e-02 1.382203e-02 23
