#Interval: 1.000000 Mpc/h, Area= 1.000000 deg^2
# z <nobs> <wc nobs> <wc wfkp nobs> N_objects
0.600260 7.974951e-01 8.658521e-01 2.268794e-01 529
0.600778 7.632934e-01 8.315645e-01 2.155012e-01 507
0.601289 7.953364e-01 8.515918e-01 2.244810e-01 529
0.601802 7.912575e-01 8.618355e-01 2.251181e-01 527
0.602313 7.736942e-01 8.435790e-01 2.214194e-01 516
0.602840 7.921148e-01 8.550190e-01 2.251454e-01 529
0.603335 7.955313e-01 8.564089e-01 2.263915e-01 532
0.603856 7.466710e-01 8.139595e-01 2.132656e-01 500
0.604385 7.829474e-01 8.653655e-01 2.284562e-01 525
0.604904 8.012535e-01 8.573632e-01 2.256685e-01 538
0.605426 7.466313e-01 8.012813e-01 2.119116e-01 502
0.605938 7.352294e-01 8.011658e-01 2.118104e-01 495
0.606456 7.075410e-01 7.662257e-01 2.036165e-01 477
0.606954 7.406605e-01 8.182387e-01 2.174578e-01 500
0.607496 7.263519e-01 7.992182e-01 2.148727e-01 491
0.608008 6.707152e-01 7.210891e-01 1.937124e-01 454
0.608523 6.639142e-01 7.550350e-01 2.020801e-01 450
0.609044 7.823688e-01 8.429049e-01 2.249496e-01 531
0.609563 6.783219e-01 7.323330e-01 1.957203e-01 461
0.610091 6.818223e-01 7.237278e-01 1.994551e-01 464
0.610620 7.249347e-01 7.862067e-01 2.183916e-01 494
0.611124 7.019830e-01 7.654680e-01 2.147183e-01 479
0.611646 6.790919e-01 7.395758e-01 2.073617e-01 464
0.612167 7.030327e-01 7.740318e-01 2.167563e-01 481
0.612685 7.429652e-01 8.072521e-01 2.215086e-01 509
0.613205 6.865817e-01 7.340701e-01 2.048883e-01 471
0.613722 7.307959e-01 7.809173e-01 2.196402e-01 502
0.614243 7.327306e-01 7.901753e-01 2.181780e-01 504
0.614776 7.056216e-01 7.527539e-01 2.119284e-01 486
0.615290 7.394826e-01 8.136746e-01 2.267406e-01 510
0.615800 6.704422e-01 7.293362e-01 2.027250e-01 463
0.616318 7.100432e-01 7.663324e-01 2.153635e-01 491
0.616852 6.672193e-01 7.321923e-01 2.060232e-01 462
0.617368 7.283527e-01 8.108306e-01 2.258778e-01 505
0.617892 6.841764e-01 7.224681e-01 2.054250e-01 475
0.618410 6.760780e-01 7.548316e-01 2.118038e-01 470
0.618944 7.067876e-01 7.708619e-01 2.150030e-01 492
0.619457 6.441625e-01 7.068015e-01 2.002276e-01 449
0.619992 7.178148e-01 7.780934e-01 2.241125e-01 501
0.620506 7.082815e-01 7.863026e-01 2.296512e-01 495
0.621036 6.973438e-01 7.646670e-01 2.257716e-01 488
0.621558 6.964239e-01 7.326277e-01 2.141252e-01 488
0.622088 5.985912e-01 6.500302e-01 1.907612e-01 420
0.622592 7.159398e-01 8.034118e-01 2.360548e-01 503
0.623130 6.624031e-01 7.066664e-01 2.094588e-01 466
0.623647 6.629512e-01 7.490815e-01 2.217158e-01 467
0.624176 6.464846e-01 6.873712e-01 2.008474e-01 456
0.624701 5.861688e-01 6.181710e-01 1.803367e-01 414
0.625221 6.546856e-01 6.986487e-01 2.055409e-01 463
0.625762 6.340564e-01 6.879233e-01 2.046159e-01 449
0.626286 6.346353e-01 6.915710e-01 2.057095e-01 450
0.626811 6.422544e-01 6.861576e-01 2.047236e-01 456
0.627331 5.837424e-01 6.345600e-01 1.915542e-01 415
0.627863 6.054547e-01 6.530908e-01 1.962646e-01 431
0.628397 6.327215e-01 6.830025e-01 2.042170e-01 451
0.628919 5.590375e-01 6.014362e-01 1.845643e-01 399
0.629433 5.946883e-01 6.402789e-01 1.930579e-01 425
0.629970 5.701555e-01 6.184747e-01 1.943024e-01 408
0.630488 6.056979e-01 6.523400e-01 2.138798e-01 434
0.631020 5.700633e-01 6.118487e-01 1.976733e-01 409
0.631545 5.623608e-01 6.017460e-01 1.966827e-01 404
0.632094 5.199236e-01 5.573375e-01 1.820362e-01 374
0.632610 5.678398e-01 6.037647e-01 1.955032e-01 409
0.633141 5.504628e-01 5.962578e-01 1.935682e-01 397
0.633662 5.469781e-01 5.965011e-01 1.960307e-01 395
0.634188 5.766929e-01 6.497906e-01 2.112403e-01 417
0.634736 4.985994e-01 5.440856e-01 1.770313e-01 361
0.635274 6.165787e-01 6.662532e-01 2.148897e-01 447
0.635765 5.565436e-01 5.929412e-01 1.936195e-01 404
0.636318 5.117972e-01 5.494991e-01 1.763002e-01 372
0.636838 5.262490e-01 5.607789e-01 1.840557e-01 383
0.637353 6.298587e-01 6.947554e-01 2.266771e-01 459
0.637905 5.194071e-01 5.515075e-01 1.803932e-01 379
0.638432 5.173674e-01 5.548492e-01 1.797846e-01 378
0.638966 5.221673e-01 5.704766e-01 1.867121e-01 382
0.639487 5.761003e-01 6.245361e-01 2.065141e-01 422
0.640040 5.658137e-01 6.273229e-01 2.119432e-01 415
0.640559 5.419366e-01 5.871708e-01 2.021666e-01 398
0.641086 4.963622e-01 5.523072e-01 1.924521e-01 365
0.641618 5.256027e-01 5.699530e-01 1.968862e-01 387
0.642161 5.425600e-01 5.990101e-01 2.085701e-01 400
0.642691 5.079963e-01 5.346251e-01 1.874618e-01 375
0.643234 4.829914e-01 5.330026e-01 1.854709e-01 357
0.643735 4.891273e-01 5.503569e-01 1.915997e-01 362
0.644276 4.898494e-01 5.250700e-01 1.827934e-01 363
0.644827 4.757443e-01 5.170331e-01 1.762103e-01 353
0.645348 4.926327e-01 5.176104e-01 1.800209e-01 366
0.645882 5.161989e-01 5.512178e-01 1.925501e-01 384
0.646425 4.712344e-01 5.175778e-01 1.807680e-01 351
0.646950 4.692910e-01 5.193300e-01 1.810965e-01 350
0.647509 4.419090e-01 4.724610e-01 1.625994e-01 330
0.648018 4.774548e-01 5.142156e-01 1.795414e-01 357
0.648560 4.715027e-01 5.102614e-01 1.811143e-01 353
0.649099 4.962473e-01 5.401372e-01 1.898021e-01 372
0.649642 5.382484e-01 5.770682e-01 2.038629e-01 404
0.650155 4.484126e-01 4.817318e-01 1.738301e-01 337
0.650709 4.970114e-01 5.360544e-01 1.949784e-01 374
0.651245 4.738164e-01 5.155042e-01 1.850747e-01 357
0.651779 4.493546e-01 4.879798e-01 1.764545e-01 339
0.652306 4.487837e-01 4.899163e-01 1.757085e-01 339
0.652862 4.733350e-01 5.007366e-01 1.836493e-01 358
0.653389 4.859393e-01 5.322155e-01 1.937146e-01 368
0.653920 4.800479e-01 5.106593e-01 1.852391e-01 364
0.654458 4.478281e-01 4.904376e-01 1.790975e-01 340
0.654979 4.696240e-01 5.181101e-01 1.869024e-01 357
0.655524 4.519502e-01 4.841116e-01 1.790107e-01 344
0.656081 4.828700e-01 5.146876e-01 1.896923e-01 368
0.656617 5.032275e-01 5.416539e-01 1.987261e-01 384
0.657158 4.319148e-01 4.667959e-01 1.694160e-01 330
0.657714 4.562060e-01 5.146458e-01 1.897754e-01 349
0.658242 4.360475e-01 4.709823e-01 1.719854e-01 334
0.658783 4.654870e-01 5.233178e-01 1.887459e-01 357
0.659326 4.583893e-01 5.061911e-01 1.834165e-01 352
0.659839 4.422048e-01 4.788019e-01 1.774629e-01 340
0.660396 4.468442e-01 4.973278e-01 1.904903e-01 344
0.660932 3.762263e-01 4.051002e-01 1.540305e-01 290
0.661475 4.288772e-01 4.640927e-01 1.750111e-01 331
0.662007 4.438673e-01 4.831732e-01 1.808491e-01 343
0.662542 4.743289e-01 5.040769e-01 1.926621e-01 367
0.663084 4.182283e-01 4.446330e-01 1.717477e-01 324
0.663647 4.254392e-01 4.640657e-01 1.764925e-01 330
0.664176 4.403573e-01 4.602152e-01 1.765859e-01 342
0.664723 4.590956e-01 4.867865e-01 1.832263e-01 357
0.665282 4.456774e-01 4.908986e-01 1.900289e-01 347
0.665788 4.605132e-01 4.952956e-01 1.892827e-01 359
0.666342 3.920360e-01 4.463937e-01 1.707289e-01 306
0.666891 4.094602e-01 4.367330e-01 1.643601e-01 320
0.667414 4.383423e-01 4.867174e-01 1.869948e-01 343
0.667959 4.454537e-01 4.953061e-01 1.923795e-01 349
0.668526 4.092045e-01 4.447465e-01 1.712574e-01 321
0.669052 4.150607e-01 4.511763e-01 1.698837e-01 326
0.669602 3.903833e-01 4.318805e-01 1.627539e-01 307
0.670158 4.025978e-01 4.241720e-01 1.681694e-01 317
0.670691 4.198554e-01 4.626872e-01 1.873480e-01 331
0.671243 4.256679e-01 4.557631e-01 1.822573e-01 336
0.671800 4.023639e-01 4.253586e-01 1.701103e-01 318
0.672344 3.930184e-01 4.216476e-01 1.686400e-01 311
0.672889 4.026281e-01 4.300468e-01 1.732507e-01 319
0.673427 4.008683e-01 4.404860e-01 1.776563e-01 318
0.673973 4.079258e-01 4.254797e-01 1.757479e-01 324
0.674509 4.162231e-01 4.438772e-01 1.818481e-01 331
0.675054 3.554241e-01 4.026090e-01 1.624417e-01 283
0.675587 3.474583e-01 3.776148e-01 1.519186e-01 277
0.676148 3.520402e-01 3.810156e-01 1.591522e-01 281
0.676711 3.803844e-01 4.067860e-01 1.639354e-01 304
0.677246 4.024099e-01 4.421201e-01 1.825402e-01 322
0.677818 3.757017e-01 4.034802e-01 1.677337e-01 301
0.678336 3.602788e-01 3.823978e-01 1.569533e-01 289
0.678899 3.511192e-01 3.708246e-01 1.526692e-01 282
0.679445 3.730711e-01 4.020497e-01 1.632427e-01 300
0.679995 3.316247e-01 3.520878e-01 1.451533e-01 267
0.680536 3.758753e-01 3.971043e-01 1.658015e-01 303
0.681088 3.741743e-01 4.005967e-01 1.657087e-01 302
0.681647 3.551527e-01 3.660265e-01 1.497070e-01 287
0.682199 3.460651e-01 3.842526e-01 1.596845e-01 280
0.682742 3.518127e-01 3.825746e-01 1.599301e-01 285
0.683280 4.080956e-01 4.338434e-01 1.800820e-01 331
0.683849 3.989757e-01 4.312214e-01 1.814520e-01 324
0.684404 3.554407e-01 3.896777e-01 1.658318e-01 289
0.684941 3.427218e-01 3.791164e-01 1.591121e-01 279
0.685479 3.496639e-01 3.791300e-01 1.587251e-01 285
0.686044 3.933506e-01 4.149270e-01 1.719806e-01 321
0.686580 4.026613e-01 4.275488e-01 1.789564e-01 329
0.687150 3.337153e-01 3.524278e-01 1.458374e-01 273
0.687688 3.369708e-01 3.876588e-01 1.614762e-01 276
0.688258 3.389988e-01 3.618517e-01 1.477746e-01 278
0.688796 3.641623e-01 3.838940e-01 1.577481e-01 299
0.689348 3.418227e-01 3.641270e-01 1.504367e-01 281
0.689905 3.353318e-01 3.572902e-01 1.475462e-01 276
0.690454 3.252160e-01 3.471203e-01 1.528972e-01 268
0.691014 3.539091e-01 3.941012e-01 1.734048e-01 292
0.691571 2.905308e-01 3.232353e-01 1.392476e-01 240
0.692125 3.252412e-01 3.549717e-01 1.586406e-01 269
0.692674 3.659052e-01 3.880129e-01 1.690135e-01 303
0.693214 3.702861e-01 3.916400e-01 1.693214e-01 307
0.693776 3.710420e-01 4.051956e-01 1.755331e-01 308
0.694319 3.140411e-01 3.361059e-01 1.439327e-01 261
0.694886 3.725475e-01 4.084210e-01 1.776962e-01 310
0.695440 3.324865e-01 3.563424e-01 1.519652e-01 277
0.695999 3.224937e-01 3.411083e-01 1.492632e-01 269
0.696569 3.652109e-01 3.983247e-01 1.660657e-01 305
0.697123 3.049715e-01 3.277409e-01 1.419099e-01 255
0.697674 3.010199e-01 3.197431e-01 1.391171e-01 252
0.698234 2.756021e-01 2.999516e-01 1.287022e-01 231
0.698786 3.038694e-01 3.190140e-01 1.398469e-01 255
0.699321 3.094544e-01 3.284351e-01 1.447671e-01 260
0.699889 2.829287e-01 3.084342e-01 1.354318e-01 238
0.700448 3.075226e-01 3.199614e-01 1.489565e-01 259
0.701014 3.190120e-01 3.457398e-01 1.594222e-01 269
0.701599 3.091526e-01 3.312218e-01 1.490095e-01 261
0.702138 2.792046e-01 2.989211e-01 1.349064e-01 236
0.702682 3.013208e-01 3.253659e-01 1.505885e-01 255
0.703248 3.009593e-01 3.278295e-01 1.512681e-01 255
0.703792 2.994197e-01 3.224565e-01 1.484660e-01 254
0.704343 2.978836e-01 3.188691e-01 1.475564e-01 253
0.704921 2.598950e-01 2.740885e-01 1.304605e-01 221
0.705471 2.959962e-01 3.187352e-01 1.461007e-01 252
0.706031 2.979886e-01 3.129188e-01 1.471868e-01 254
0.706599 2.976324e-01 3.173632e-01 1.438670e-01 254
0.707156 2.902546e-01 3.149672e-01 1.443801e-01 248
0.707713 3.004289e-01 3.330328e-01 1.558085e-01 257
0.708279 2.627076e-01 2.790857e-01 1.288388e-01 225
0.708850 2.822197e-01 3.039745e-01 1.378348e-01 242
0.709402 2.737297e-01 3.002832e-01 1.385947e-01 235
0.709962 2.396645e-01 2.593316e-01 1.231847e-01 206
0.710557 2.637820e-01 2.802456e-01 1.334523e-01 227
0.711085 2.959665e-01 3.252794e-01 1.540900e-01 255
0.711649 3.141629e-01 3.343935e-01 1.603854e-01 271
0.712214 2.732633e-01 2.975050e-01 1.413516e-01 236
0.712781 2.902866e-01 3.146011e-01 1.470380e-01 251
0.713339 2.564428e-01 2.739736e-01 1.264781e-01 222
0.713879 2.722916e-01 2.978037e-01 1.406511e-01 236
0.714470 2.293296e-01 2.442282e-01 1.166486e-01 199
0.715036 2.474747e-01 2.646558e-01 1.258594e-01 215
0.715584 2.908696e-01 3.154752e-01 1.488652e-01 253
0.716170 2.652623e-01 2.896025e-01 1.407149e-01 231
0.716730 2.626547e-01 2.823002e-01 1.379249e-01 229
0.717291 2.497426e-01 2.723146e-01 1.296986e-01 218
0.717852 2.586017e-01 2.896878e-01 1.337934e-01 226
0.718422 2.662967e-01 2.864082e-01 1.397005e-01 233
0.718969 2.751150e-01 2.897092e-01 1.370078e-01 241
0.719550 2.645287e-01 2.854222e-01 1.341600e-01 232
0.720127 2.357454e-01 2.637195e-01 1.270511e-01 207
0.720683 2.741436e-01 2.969303e-01 1.476383e-01 241
0.721228 2.567781e-01 2.730624e-01 1.341555e-01 226
0.721827 2.530715e-01 2.821291e-01 1.395893e-01 223
0.722377 2.539075e-01 2.687303e-01 1.317757e-01 224
0.722958 2.558736e-01 2.882037e-01 1.417336e-01 226
0.723508 2.668817e-01 2.833057e-01 1.404546e-01 236
0.724085 2.225169e-01 2.496235e-01 1.227930e-01 197
0.724639 2.346661e-01 2.480149e-01 1.218228e-01 208
0.725218 1.949503e-01 2.131003e-01 1.060206e-01 173
0.725809 2.633810e-01 2.889737e-01 1.450650e-01 234
0.726350 2.304697e-01 2.490329e-01 1.254656e-01 205
0.726919 2.066185e-01 2.245420e-01 1.085490e-01 184
0.727498 2.131066e-01 2.267757e-01 1.134315e-01 190
0.728049 2.184590e-01 2.326022e-01 1.151754e-01 195
0.728631 2.417027e-01 2.673533e-01 1.342860e-01 216
0.729195 2.447736e-01 2.611399e-01 1.275550e-01 219
0.729783 2.322078e-01 2.487186e-01 1.222290e-01 208
0.730325 2.363974e-01 2.544597e-01 1.254395e-01 212
0.730949 2.572838e-01 2.888731e-01 1.470072e-01 231
0.731492 2.258345e-01 2.409870e-01 1.194982e-01 203
0.732038 2.100150e-01 2.312502e-01 1.146715e-01 189
0.732642 2.297489e-01 2.482626e-01 1.270576e-01 207
0.733210 2.505453e-01 2.690373e-01 1.347210e-01 226
0.733784 2.292151e-01 2.556971e-01 1.261070e-01 207
0.734356 2.267369e-01 2.576961e-01 1.278582e-01 205
0.734906 2.099025e-01 2.170337e-01 1.070082e-01 190
0.735476 2.041416e-01 2.161544e-01 1.094323e-01 185
0.736063 1.917809e-01 2.046847e-01 1.001039e-01 174
0.736638 2.234852e-01 2.357376e-01 1.202307e-01 203
0.737216 2.408206e-01 2.658960e-01 1.349413e-01 219
0.737773 2.701978e-01 2.872018e-01 1.451164e-01 246
0.738355 2.260015e-01 2.354142e-01 1.176668e-01 206
0.738936 2.432735e-01 2.579994e-01 1.332001e-01 222
0.739511 2.003046e-01 2.098264e-01 1.044867e-01 183
0.740090 2.438052e-01 2.540088e-01 1.310519e-01 223
0.740667 2.129468e-01 2.244077e-01 1.153126e-01 195
0.741227 2.366983e-01 2.477050e-01 1.282334e-01 217
0.741794 2.440522e-01 2.577984e-01 1.339224e-01 224
0.742401 2.078583e-01 2.224609e-01 1.154123e-01 191
0.742946 2.141411e-01 2.274629e-01 1.162041e-01 197
0.743530 2.019513e-01 2.253398e-01 1.142213e-01 186
0.744105 2.277474e-01 2.371546e-01 1.233244e-01 210
0.744683 1.852383e-01 1.918342e-01 9.859588e-02 171
0.745267 2.196502e-01 2.282569e-01 1.192123e-01 203
0.745868 2.323674e-01 2.543268e-01 1.300400e-01 215
0.746436 2.105100e-01 2.312276e-01 1.185363e-01 195
0.747021 2.167385e-01 2.345060e-01 1.217973e-01 201
0.747584 2.326461e-01 2.499493e-01 1.309631e-01 216
0.748152 1.818155e-01 1.956257e-01 1.002461e-01 169
0.748740 2.181438e-01 2.310449e-01 1.182115e-01 203
0.749316 1.921334e-01 2.003322e-01 1.015888e-01 179
0.749899 1.833365e-01 2.034041e-01 1.064736e-01 171
0.750480 2.056163e-01 2.191561e-01 1.167541e-01 192
0.751049 2.150088e-01 2.315286e-01 1.237084e-01 201
0.751652 2.019417e-01 2.100078e-01 1.127389e-01 189
0.752256 1.857025e-01 1.970630e-01 1.050929e-01 174
0.752809 2.057455e-01 2.239811e-01 1.189089e-01 193
0.753375 1.969925e-01 2.122970e-01 1.113758e-01 185
0.753983 1.914501e-01 1.983859e-01 1.048453e-01 180
0.754546 1.880450e-01 1.980190e-01 1.060962e-01 177
0.755132 1.941982e-01 2.047300e-01 1.105840e-01 183
0.755708 1.918575e-01 2.140506e-01 1.123205e-01 181
0.756281 1.979922e-01 2.106215e-01 1.115340e-01 187
0.756868 1.787309e-01 1.864123e-01 1.012665e-01 169
0.757463 1.721898e-01 1.822793e-01 9.669979e-02 163
0.758048 2.247535e-01 2.447592e-01 1.293081e-01 213
0.758618 2.002571e-01 2.209865e-01 1.189758e-01 190
0.759231 1.684465e-01 1.789484e-01 9.667823e-02 160
0.759788 1.913909e-01 2.061142e-01 1.102692e-01 182
0.760367 1.953759e-01 2.114811e-01 1.173197e-01 186
0.760981 1.804659e-01 1.949120e-01 1.099405e-01 172
0.761538 1.844540e-01 2.002962e-01 1.123225e-01 176
0.762155 1.695897e-01 1.850133e-01 1.058604e-01 162
0.762710 1.673069e-01 1.770372e-01 9.938001e-02 160
0.763261 1.545842e-01 1.664573e-01 9.328892e-02 148
0.763888 1.669296e-01 1.803965e-01 1.004950e-01 160
0.764475 1.656993e-01 1.824545e-01 1.050160e-01 159
0.765081 1.769632e-01 1.961664e-01 1.125289e-01 170
0.765636 1.850822e-01 2.022217e-01 1.132582e-01 178
0.766225 1.734491e-01 1.811396e-01 1.029888e-01 167
0.766811 1.587298e-01 1.915832e-01 1.080713e-01 153
0.767384 1.502611e-01 1.668646e-01 9.382740e-02 145
0.768000 1.739000e-01 1.833053e-01 1.042311e-01 168
0.768579 1.664670e-01 1.818460e-01 1.022293e-01 161
0.769161 1.652474e-01 1.764299e-01 9.877876e-02 160
0.769754 1.640305e-01 1.727633e-01 9.790310e-02 159
0.770327 1.607552e-01 1.699364e-01 9.998176e-02 156
0.770932 1.616044e-01 1.755208e-01 1.021081e-01 157
0.771513 1.655362e-01 1.766889e-01 1.039095e-01 161
0.772119 1.715131e-01 1.794384e-01 1.069091e-01 167
0.772700 1.764506e-01 1.868736e-01 1.110450e-01 172
0.773307 1.485857e-01 1.567009e-01 9.289178e-02 145
0.773902 1.514905e-01 1.617025e-01 9.531208e-02 148
0.774469 1.257603e-01 1.347779e-01 7.926408e-02 123
0.775074 1.521737e-01 1.584903e-01 9.249939e-02 149
0.775662 1.458831e-01 1.585224e-01 9.254146e-02 143
0.776243 1.467395e-01 1.579530e-01 9.069951e-02 144
0.776827 1.353792e-01 1.424449e-01 8.266776e-02 133
0.777441 1.708149e-01 1.850224e-01 1.098465e-01 168
0.778036 1.208593e-01 1.284406e-01 7.458157e-02 119
0.778588 1.542032e-01 1.649562e-01 9.713507e-02 152
0.779183 1.368045e-01 1.489803e-01 8.710939e-02 135
0.779800 1.700565e-01 1.850633e-01 1.081068e-01 168
0.780401 1.314452e-01 1.383985e-01 8.270187e-02 130
0.780967 1.595792e-01 1.692807e-01 1.009314e-01 158
0.781566 1.452780e-01 1.549304e-01 9.204573e-02 144
0.782204 1.340316e-01 1.441956e-01 8.726696e-02 133
0.782783 1.399229e-01 1.534889e-01 9.079842e-02 139
0.783376 1.277017e-01 1.334321e-01 7.990453e-02 127
0.783971 1.586972e-01 1.686716e-01 1.005757e-01 158
0.784556 1.334391e-01 1.363353e-01 8.109747e-02 133
0.785182 1.553398e-01 1.633055e-01 9.982358e-02 155
0.785742 1.461584e-01 1.552821e-01 9.415738e-02 146
0.786359 1.379972e-01 1.443899e-01 8.694670e-02 138
0.786950 1.368460e-01 1.462799e-01 8.665647e-02 137
0.787513 1.576484e-01 1.632789e-01 9.704500e-02 158
0.788164 1.425245e-01 1.520744e-01 9.005899e-02 143
0.788714 1.344028e-01 1.410356e-01 8.446348e-02 135
0.789330 1.312714e-01 1.416229e-01 8.320149e-02 132
0.789914 1.480145e-01 1.608717e-01 9.574641e-02 149
0.790506 1.349518e-01 1.439795e-01 8.698306e-02 136
0.791111 1.397595e-01 1.476085e-01 8.955794e-02 141
0.791702 1.445565e-01 1.473559e-01 8.961956e-02 146
0.792341 1.493429e-01 1.590014e-01 9.583959e-02 151
0.792939 1.323840e-01 1.413452e-01 8.622750e-02 134
0.793533 1.371731e-01 1.452570e-01 8.881503e-02 139
0.794116 1.271649e-01 1.339483e-01 8.208894e-02 129
0.794701 1.457348e-01 1.506586e-01 9.270682e-02 148
0.795325 1.514769e-01 1.598850e-01 9.572203e-02 154
0.795929 1.463984e-01 1.539467e-01 9.328183e-02 149
0.796499 1.295533e-01 1.359044e-01 8.246549e-02 132
0.797112 1.245097e-01 1.287352e-01 7.855554e-02 127
0.797716 1.322082e-01 1.462921e-01 8.836658e-02 135
0.798307 1.428246e-01 1.569351e-01 9.461494e-02 146
0.798941 1.211707e-01 1.300323e-01 7.789767e-02 124
0.799538 1.210385e-01 1.271419e-01 7.781735e-02 124
0.800091 1.101809e-01 1.158520e-01 7.221599e-02 113
0.800721 1.227227e-01 1.306963e-01 8.220020e-02 126
0.801332 1.293995e-01 1.375824e-01 8.722376e-02 133
0.801930 1.253712e-01 1.304760e-01 8.240272e-02 129
0.802570 1.242640e-01 1.285608e-01 8.118429e-02 128
0.803156 1.163708e-01 1.243497e-01 7.822155e-02 120
0.803749 1.065573e-01 1.122173e-01 7.176306e-02 110
0.804333 1.064416e-01 1.160306e-01 7.274039e-02 110
0.804940 1.333908e-01 1.385068e-01 8.671621e-02 138
0.805567 1.091073e-01 1.153556e-01 7.293366e-02 113
0.806146 1.398531e-01 1.445562e-01 9.109629e-02 145
0.806736 1.165785e-01 1.250805e-01 7.870335e-02 121
0.807377 1.376254e-01 1.436428e-01 9.124291e-02 143
0.807987 1.201716e-01 1.275650e-01 8.058166e-02 125
0.808605 1.363672e-01 1.430348e-01 8.998888e-02 142
0.809218 1.314233e-01 1.360880e-01 8.634901e-02 137
0.809820 1.149909e-01 1.254459e-01 8.044138e-02 120
0.810413 1.330538e-01 1.434045e-01 9.287538e-02 139
0.811038 9.466265e-02 9.622080e-02 6.221589e-02 99
0.811649 1.174842e-01 1.215506e-01 7.851673e-02 123
0.812241 1.202199e-01 1.295660e-01 8.471164e-02 126
0.812878 1.134186e-01 1.222815e-01 7.917115e-02 119
0.813485 1.266254e-01 1.319737e-01 8.660351e-02 133
0.814087 1.198317e-01 1.252538e-01 8.329204e-02 126
0.814707 9.975229e-02 1.084363e-01 7.091383e-02 105
0.815292 1.062880e-01 1.132846e-01 7.318799e-02 112
0.815895 1.042778e-01 1.069219e-01 6.949253e-02 110
0.816514 1.155292e-01 1.193286e-01 7.707474e-02 122
0.817116 1.059457e-01 1.096772e-01 7.057646e-02 112
0.817731 1.096117e-01 1.166948e-01 7.542487e-02 116
0.818320 1.094941e-01 1.180862e-01 7.699155e-02 116
0.818957 9.429027e-02 1.008329e-01 6.531147e-02 100
0.819553 1.111433e-01 1.206430e-01 7.793996e-02 118
0.820172 1.034972e-01 1.060051e-01 7.180157e-02 110
0.820776 1.015066e-01 1.074745e-01 7.338261e-02 108
0.821416 9.107044e-02 9.503071e-02 6.661022e-02 97
0.822032 8.534585e-02 8.979742e-02 6.189463e-02 91
0.822618 8.806523e-02 9.516468e-02 6.590979e-02 94
0.823215 8.890701e-02 9.463333e-02 6.555597e-02 95
0.823865 1.000305e-01 1.041533e-01 7.138744e-02 107
0.824466 8.684959e-02 9.415489e-02 6.455234e-02 93
0.825104 1.007500e-01 1.079740e-01 7.399491e-02 108
0.825678 9.411949e-02 1.029083e-01 7.026483e-02 101
0.826316 9.308833e-02 9.551249e-02 6.521504e-02 100
0.826939 1.013582e-01 1.161389e-01 7.957622e-02 109
0.827568 9.196134e-02 9.859372e-02 6.731888e-02 99
0.828136 9.186352e-02 1.002171e-01 6.953444e-02 99
0.828766 1.019621e-01 1.091392e-01 7.486619e-02 110
0.829415 7.222355e-02 7.677971e-02 5.269653e-02 78
0.830011 8.232141e-02 8.629167e-02 5.940295e-02 89
0.830613 1.007136e-01 1.082456e-01 7.497572e-02 109
0.831257 7.568580e-02 8.040942e-02 5.594437e-02 82
0.831862 9.312391e-02 9.940094e-02 6.915499e-02 101
0.832471 8.842002e-02 9.170975e-02 6.382409e-02 96
0.833072 9.016650e-02 9.405950e-02 6.543536e-02 98
0.833690 1.029383e-01 1.097916e-01 7.631311e-02 112
0.834331 8.722138e-02 9.107879e-02 6.361388e-02 95
0.834942 9.446634e-02 9.694352e-02 6.714738e-02 103
0.835602 7.146200e-02 7.322348e-02 5.071783e-02 78
0.836158 8.511469e-02 8.921266e-02 6.206170e-02 93
0.836817 8.502482e-02 8.768386e-02 6.073373e-02 93
0.837448 8.584838e-02 9.106092e-02 6.337553e-02 94
0.838077 1.076534e-01 1.138789e-01 7.887760e-02 118
0.838662 9.569234e-02 1.022685e-01 7.083567e-02 105
0.839291 8.375638e-02 8.923971e-02 6.207016e-02 92
0.839891 7.821156e-02 8.180409e-02 5.731607e-02 86
0.840534 6.904444e-02 7.229572e-02 5.109269e-02 76
0.841150 8.712229e-02 9.515195e-02 6.803772e-02 96
0.841744 8.975040e-02 9.498632e-02 6.738034e-02 99
0.842422 8.512800e-02 9.211381e-02 6.569981e-02 94
0.842997 8.322926e-02 8.669037e-02 6.153216e-02 92
0.843616 7.862331e-02 8.455283e-02 5.975501e-02 87
0.844240 1.011100e-01 1.081723e-01 7.644728e-02 112
0.844853 8.296757e-02 8.711372e-02 6.156484e-02 92
0.845529 9.188937e-02 9.854301e-02 7.021822e-02 102
0.846146 8.819338e-02 9.335904e-02 6.655495e-02 98
0.846761 8.001013e-02 8.338995e-02 5.893319e-02 89
0.847379 7.633421e-02 7.996732e-02 5.651435e-02 85
0.848024 9.329947e-02 9.795571e-02 6.974657e-02 104
0.848657 8.603256e-02 8.995573e-02 6.410714e-02 96
0.849266 8.504743e-02 8.833234e-02 6.266367e-02 95
0.849874 6.886120e-02 6.998015e-02 5.051289e-02 77
0.850587 7.504290e-02 7.948231e-02 5.855330e-02 84
0.851169 5.800834e-02 6.115638e-02 4.526839e-02 65
0.851773 8.380152e-02 8.810241e-02 6.490358e-02 94
0.852384 6.946497e-02 7.607648e-02 5.604428e-02 78
0.853009 8.451665e-02 8.728295e-02 6.429990e-02 95
0.853693 6.487676e-02 7.239353e-02 5.333111e-02 73
0.854274 6.214587e-02 6.504764e-02 4.791951e-02 70
0.854929 7.715812e-02 8.589260e-02 6.356588e-02 87
0.855539 6.467458e-02 7.099465e-02 5.251060e-02 73
0.856163 5.929719e-02 6.316944e-02 4.738591e-02 67
0.856785 7.514968e-02 7.843166e-02 5.777930e-02 85
0.857424 8.213726e-02 8.606909e-02 6.340567e-02 93
0.858066 8.116979e-02 8.656071e-02 6.418719e-02 92
0.858677 6.962789e-02 7.293362e-02 5.414042e-02 79
0.859325 7.924072e-02 8.720001e-02 6.450638e-02 90
0.859988 5.980876e-02 6.446458e-02 4.783514e-02 68
0.860604 8.434850e-02 8.648772e-02 6.501370e-02 96
0.861228 7.372859e-02 7.714748e-02 5.760776e-02 84
0.861862 7.365235e-02 7.715805e-02 5.761565e-02 84
0.862487 6.656897e-02 6.959797e-02 5.217243e-02 76
0.863101 7.087523e-02 7.641992e-02 5.727888e-02 81
0.863702 6.730566e-02 6.897117e-02 5.171086e-02 77
0.864349 7.422179e-02 8.015195e-02 5.985126e-02 85
0.865045 8.025132e-02 8.435208e-02 6.319209e-02 92
0.865660 6.971182e-02 7.187986e-02 5.390950e-02 80
0.866278 7.312200e-02 7.803494e-02 5.852839e-02 84
0.866938 5.217622e-02 5.402053e-02 4.033834e-02 60
0.867574 6.949669e-02 7.356729e-02 5.514125e-02 80
0.868192 5.554016e-02 5.822211e-02 4.347576e-02 64
0.868818 6.241844e-02 6.740391e-02 5.054551e-02 72
0.869473 6.581842e-02 6.629753e-02 4.950585e-02 76
0.870102 5.882968e-02 5.933094e-02 4.541674e-02 68
0.870699 5.963354e-02 6.600934e-02 5.115167e-02 69
0.871326 5.525552e-02 5.709052e-02 4.402357e-02 64
0.871994 7.417346e-02 7.988325e-02 6.159947e-02 86
0.872657 6.289666e-02 6.724814e-02 5.185630e-02 73
0.873235 5.508579e-02 5.745786e-02 4.448959e-02 64
0.873931 6.792689e-02 7.035214e-02 5.424985e-02 79
0.874563 6.613947e-02 7.396412e-02 5.703512e-02 77
0.875182 5.405876e-02 5.888348e-02 4.559343e-02 63
0.875791 5.743228e-02 6.155143e-02 4.746346e-02 67
0.876466 5.309198e-02 5.567406e-02 4.293131e-02 62
0.877095 4.362783e-02 4.512533e-02 3.479699e-02 51
0.877718 6.580223e-02 6.955507e-02 5.382893e-02 77
0.878360 7.000361e-02 7.232056e-02 5.595279e-02 82
0.879012 4.946426e-02 5.085200e-02 3.940891e-02 58
0.879653 6.474917e-02 6.990476e-02 5.390487e-02 76
0.880339 6.127883e-02 6.375988e-02 5.030542e-02 72
0.880916 6.206666e-02 6.246743e-02 4.892837e-02 73
0.881577 6.794904e-02 7.461194e-02 5.882401e-02 80
0.882173 5.430394e-02 6.058056e-02 4.765556e-02 64
0.882859 4.831528e-02 5.126072e-02 4.032557e-02 57
0.883526 5.842748e-02 6.094050e-02 4.773239e-02 69
0.884171 6.175180e-02 6.542244e-02 5.141414e-02 73
0.884808 6.506934e-02 6.794214e-02 5.356236e-02 77
0.885427 5.234034e-02 5.459390e-02 4.276133e-02 62
0.886104 5.566063e-02 6.021951e-02 4.716767e-02 66
0.886725 5.476173e-02 5.809852e-02 4.550637e-02 65
0.887340 5.049808e-02 5.482094e-02 4.293917e-02 60
0.888022 5.044695e-02 5.731962e-02 4.489629e-02 60
0.888656 4.955596e-02 4.989167e-02 3.926679e-02 59
0.889341 5.537941e-02 5.856785e-02 4.608565e-02 66
0.889949 4.274992e-02 4.496149e-02 3.588603e-02 51
0.890560 4.354411e-02 4.760508e-02 3.888684e-02 52
0.891225 5.019246e-02 5.316981e-02 4.323812e-02 60
0.891923 5.682736e-02 6.244490e-02 5.078070e-02 68
0.892512 4.341237e-02 4.775323e-02 3.883332e-02 52
0.893185 5.587876e-02 6.106291e-02 4.965685e-02 67
0.893810 5.332293e-02 5.574930e-02 4.533579e-02 64
0.894478 4.744289e-02 4.961636e-02 4.034843e-02 57
0.895157 3.242824e-02 3.522184e-02 2.864269e-02 39
0.895802 5.814595e-02 6.070038e-02 4.956281e-02 70
0.896445 3.983140e-02 3.973179e-02 3.231021e-02 48
0.897102 4.476527e-02 4.762188e-02 3.872650e-02 54
0.897728 4.554844e-02 4.625697e-02 3.780813e-02 55
0.898384 5.377591e-02 5.443226e-02 4.426476e-02 65
0.899053 4.297754e-02 4.390303e-02 3.570231e-02 52
0.899637 3.632912e-02 3.726890e-02 3.030737e-02 44
0.900306 5.031486e-02 5.205647e-02 4.341580e-02 61
0.900969 4.367237e-02 4.378755e-02 3.651941e-02 53
0.901661 3.045771e-02 3.067628e-02 2.558443e-02 37
0.902273 4.358493e-02 4.591084e-02 3.842123e-02 53
0.902907 3.861210e-02 4.282977e-02 3.572060e-02 47
0.903574 3.775276e-02 3.829495e-02 3.193850e-02 46
0.904242 3.935480e-02 3.979243e-02 3.318742e-02 48
0.904899 4.177268e-02 4.272335e-02 3.563185e-02 51
0.905542 4.582223e-02 5.117132e-02 4.267757e-02 56
0.906206 3.760211e-02 3.785356e-02 3.157038e-02 46
0.906861 5.063053e-02 5.310264e-02 4.428831e-02 62
0.907526 4.568519e-02 4.866105e-02 4.058397e-02 56
0.908184 4.156468e-02 4.495365e-02 3.761760e-02 51
0.908767 3.012472e-02 3.200082e-02 2.668912e-02 37
0.909501 4.310865e-02 4.446025e-02 3.708045e-02 53
0.910150 3.494013e-02 3.999237e-02 3.431649e-02 43
0.910771 3.490537e-02 3.533256e-02 3.053983e-02 43
0.911430 3.243782e-02 3.584254e-02 3.098063e-02 40
0.912140 3.159544e-02 3.282409e-02 2.837163e-02 39
0.912740 4.046674e-02 4.209328e-02 3.638348e-02 50
0.913393 2.991565e-02 3.188260e-02 2.766616e-02 37
0.914031 3.392460e-02 3.499895e-02 3.025148e-02 42
0.914707 2.743553e-02 2.802426e-02 2.422287e-02 34
0.915380 3.063284e-02 3.194433e-02 2.761120e-02 38
0.916057 2.496519e-02 2.563738e-02 2.215976e-02 31
0.916681 2.654952e-02 2.793146e-02 2.414266e-02 33
0.917335 2.813071e-02 2.897687e-02 2.504626e-02 35
0.918023 3.773814e-02 3.878118e-02 3.352066e-02 47
0.918704 4.090940e-02 4.294725e-02 3.712161e-02 51
0.919355 3.365679e-02 3.509128e-02 3.033128e-02 42
0.919997 2.882017e-02 3.160132e-02 2.749087e-02 36
0.920628 2.719217e-02 2.903132e-02 2.557742e-02 34
0.921337 3.595412e-02 3.789794e-02 3.321615e-02 45
0.922012 2.953311e-02 3.099088e-02 2.708143e-02 37
0.922615 2.631437e-02 2.787613e-02 2.445700e-02 33
0.923261 3.505124e-02 3.641912e-02 3.192121e-02 44
0.923943 3.342504e-02 3.425434e-02 2.993320e-02 42
0.924674 2.862183e-02 3.142831e-02 2.746367e-02 36
0.925241 3.415354e-02 3.489177e-02 3.049023e-02 43
0.925883 2.856553e-02 2.921411e-02 2.552879e-02 36
0.926599 2.774474e-02 2.906877e-02 2.540179e-02 35
0.927232 3.246905e-02 3.608008e-02 3.163091e-02 41
0.927915 2.927255e-02 3.102164e-02 2.710831e-02 37
0.928545 2.450158e-02 2.514604e-02 2.207098e-02 31
0.929277 2.842552e-02 2.840282e-02 2.481985e-02 36
0.929933 2.918647e-02 2.949895e-02 2.601531e-02 37
0.930599 2.836981e-02 2.938527e-02 2.627464e-02 36
0.931275 3.542751e-02 3.770871e-02 3.361440e-02 45
0.931906 2.123569e-02 2.235623e-02 1.992885e-02 27
0.932545 2.042917e-02 2.094530e-02 1.867112e-02 26
0.933246 3.375365e-02 3.545207e-02 3.160277e-02 43
0.933975 3.058384e-02 3.130043e-02 2.790191e-02 39
0.934614 1.958586e-02 2.095405e-02 1.867891e-02 25
0.935280 1.800139e-02 1.838665e-02 1.639028e-02 23
0.935952 2.267524e-02 2.315276e-02 2.072457e-02 29
0.936655 2.890224e-02 2.926792e-02 2.609008e-02 37
0.937339 3.121519e-02 3.208180e-02 2.859844e-02 40
0.937968 2.416818e-02 2.540530e-02 2.264686e-02 31
0.938640 2.102919e-02 2.143523e-02 1.910785e-02 27
0.939316 1.634011e-02 1.808546e-02 1.612179e-02 21
0.939959 2.953903e-02 2.993984e-02 2.696184e-02 38
0.940623 2.718052e-02 2.771817e-02 2.520964e-02 35
0.941406 1.706828e-02 1.939925e-02 1.764359e-02 22
0.941949 2.557753e-02 2.708424e-02 2.463307e-02 33
0.942661 2.013242e-02 2.137165e-02 1.950280e-02 26
0.943240 1.701858e-02 1.700443e-02 1.553246e-02 22
0.943945 1.545641e-02 1.533249e-02 1.394488e-02 20
0.944711 1.930177e-02 1.931298e-02 1.764333e-02 25
0.945301 1.619776e-02 1.708706e-02 1.554066e-02 21
0.945999 3.390527e-02 3.539239e-02 3.218933e-02 44
0.946717 1.847587e-02 1.874672e-02 1.711793e-02 24
0.947374 1.615073e-02 1.608432e-02 1.462866e-02 21
0.948079 1.690343e-02 1.780162e-02 1.619055e-02 22
0.948748 1.918986e-02 1.988612e-02 1.808640e-02 25
0.949372 2.760668e-02 2.829427e-02 2.573359e-02 36
0.950091 1.685444e-02 1.772561e-02 1.607772e-02 22
0.950716 1.530742e-02 1.661881e-02 1.504937e-02 20
0.951404 2.293896e-02 2.656255e-02 2.405405e-02 30
0.952138 1.986124e-02 2.113243e-02 1.913674e-02 26
0.952744 3.052628e-02 3.186679e-02 2.885737e-02 40
0.953519 2.439748e-02 2.585947e-02 2.341737e-02 32
0.954090 2.361228e-02 2.486799e-02 2.251952e-02 31
0.954789 2.054572e-02 2.136807e-02 1.935012e-02 27
0.955527 2.128616e-02 2.187950e-02 1.981325e-02 28
0.956213 2.202516e-02 2.211502e-02 2.009146e-02 29
0.956848 2.048646e-02 2.684276e-02 2.430780e-02 27
0.957514 1.591860e-02 1.582967e-02 1.433475e-02 21
0.958224 2.574820e-02 2.609099e-02 2.362702e-02 34
0.958857 2.042746e-02 2.171808e-02 1.966708e-02 27
0.959513 2.040785e-02 2.258358e-02 2.045084e-02 27
0.960246 1.510242e-02 1.468108e-02 1.365097e-02 20
0.960949 1.659673e-02 1.713599e-02 1.599002e-02 22
0.961711 1.884184e-02 1.887054e-02 1.765000e-02 25
0.962300 7.529513e-03 7.426416e-03 6.956636e-03 10
0.962988 1.730129e-02 1.789148e-02 1.664236e-02 23
0.963629 1.728473e-02 1.841242e-02 1.712693e-02 23
0.964275 1.501582e-02 1.534790e-02 1.427636e-02 20
0.965091 1.350131e-02 1.351005e-02 1.261981e-02 18
0.965663 1.648583e-02 1.650374e-02 1.535151e-02 22
0.966409 2.171056e-02 2.253839e-02 2.096485e-02 29
0.967118 1.421057e-02 1.500432e-02 1.395677e-02 19
0.967763 1.793307e-02 1.914230e-02 1.780586e-02 24
0.968428 1.866245e-02 1.933539e-02 1.798546e-02 25
0.969143 1.640730e-02 1.707361e-02 1.588160e-02 22
0.969848 1.266628e-02 1.241895e-02 1.159297e-02 17
0.970478 1.339858e-02 1.377387e-02 1.300030e-02 18
0.971210 1.189851e-02 1.208889e-02 1.140995e-02 16
0.971905 1.114423e-02 1.118940e-02 1.056098e-02 15
0.972552 1.410260e-02 1.519060e-02 1.433746e-02 19
0.973239 1.112304e-02 1.222382e-02 1.153730e-02 15
0.974009 9.630809e-03 1.041553e-02 9.830568e-03 13
0.974596 2.146370e-02 2.139197e-02 2.027033e-02 29
0.975373 1.330965e-02 1.439047e-02 1.358227e-02 18
0.975884 8.864677e-03 9.394491e-03 8.866876e-03 12
0.976670 1.476045e-02 1.616902e-02 1.526093e-02 20
0.977296 1.253448e-02 1.240791e-02 1.171106e-02 17
0.978033 8.102860e-03 8.157749e-03 7.699593e-03 11
0.978889 8.095185e-03 7.873002e-03 7.430837e-03 11
0.979419 1.617504e-02 1.739973e-02 1.642253e-02 22
0.980152 1.615973e-02 1.670023e-02 1.573534e-02 22
0.980757 1.467677e-02 1.494593e-02 1.407684e-02 20
0.981482 1.173031e-02 1.175657e-02 1.107294e-02 16
0.982200 1.538148e-02 1.790365e-02 1.690300e-02 21
0.982902 1.463520e-02 1.508532e-02 1.420812e-02 20
0.983558 1.169710e-02 1.165133e-02 1.097382e-02 16
0.984249 9.494926e-03 1.007073e-02 9.485127e-03 13
0.984970 1.751256e-02 1.847247e-02 1.739831e-02 24
0.985787 1.385104e-02 1.379111e-02 1.298917e-02 19
0.986420 1.383798e-02 1.398505e-02 1.317183e-02 19
0.987161 1.528021e-02 1.497702e-02 1.414783e-02 21
0.987775 1.090416e-02 1.109199e-02 1.044700e-02 15
0.988452 1.162016e-02 1.245870e-02 1.173424e-02 16
0.989205 1.088365e-02 1.121636e-02 1.056414e-02 15
0.989850 8.698733e-03 8.603994e-03 8.127278e-03 12
0.990505 1.013898e-02 1.038018e-02 9.861678e-03 14
0.991323 5.788264e-03 5.957094e-03 5.694861e-03 8
0.991971 9.397098e-03 9.551250e-03 9.074155e-03 13
0.992664 1.299916e-02 1.386564e-02 1.317304e-02 18
0.993332 1.154397e-02 1.145035e-02 1.087839e-02 16
0.994012 1.153314e-02 1.152788e-02 1.095205e-02 16
0.994794 9.361898e-03 9.471891e-03 8.998761e-03 13
0.995476 1.366996e-02 1.365036e-02 1.296851e-02 19
0.996147 1.365716e-02 1.408223e-02 1.337881e-02 19
0.996798 1.149000e-02 1.148472e-02 1.091104e-02 16
0.997530 1.291416e-02 1.423207e-02 1.352116e-02 18
0.998305 1.003496e-02 1.063013e-02 1.009915e-02 14
0.998876 1.503837e-02 1.497498e-02 1.422696e-02 21
0.999651 1.144711e-02 1.314787e-02 1.249112e-02 16
