#Interval: 1.000000 Mpc/h, Area= 1.000000 deg^2
# z <nobs> <wc nobs> <wc wfkp nobs> N_objects
0.600220 5.959579e-01 6.423366e-01 1.678726e-01 450
0.600658 5.727152e-01 6.334156e-01 1.649382e-01 433
0.601111 6.063336e-01 6.452262e-01 1.687083e-01 459
0.601549 6.029254e-01 6.513116e-01 1.716660e-01 457
0.601996 6.100665e-01 6.609800e-01 1.733602e-01 463
0.602440 5.540226e-01 6.073819e-01 1.591160e-01 421
0.602880 6.058928e-01 6.568730e-01 1.726420e-01 461
0.603311 6.156269e-01 6.663533e-01 1.761370e-01 469
0.603762 5.702748e-01 6.066832e-01 1.591082e-01 435
0.604218 5.590792e-01 6.304025e-01 1.664713e-01 427
0.604653 5.989104e-01 6.528716e-01 1.714320e-01 458
0.605091 5.850940e-01 6.155843e-01 1.620821e-01 448
0.605548 5.778338e-01 6.240387e-01 1.648596e-01 443
0.605990 5.354180e-01 5.842444e-01 1.549609e-01 411
0.606435 5.529583e-01 6.022909e-01 1.604334e-01 425
0.606871 5.652562e-01 6.245586e-01 1.658377e-01 435
0.607331 5.204193e-01 5.727628e-01 1.533555e-01 401
0.607756 5.249493e-01 5.627367e-01 1.510839e-01 405
0.608202 5.074603e-01 5.577117e-01 1.496473e-01 392
0.608656 5.145802e-01 5.822247e-01 1.563272e-01 398
0.609093 5.823725e-01 6.289778e-01 1.675848e-01 451
0.609537 5.094202e-01 5.479436e-01 1.465327e-01 395
0.609989 5.087813e-01 5.378547e-01 1.467753e-01 395
0.610431 5.094301e-01 5.483466e-01 1.527565e-01 396
0.610874 5.743183e-01 6.320809e-01 1.762224e-01 447
0.611321 4.953230e-01 5.414856e-01 1.513994e-01 386
0.611752 5.036747e-01 5.440225e-01 1.526804e-01 393
0.612203 5.478455e-01 6.028592e-01 1.693052e-01 428
0.612657 5.599452e-01 6.038561e-01 1.656933e-01 438
0.613094 5.081734e-01 5.531463e-01 1.537451e-01 398
0.613537 5.445208e-01 5.763148e-01 1.620409e-01 427
0.613997 5.680408e-01 6.176724e-01 1.716026e-01 446
0.614431 4.973703e-01 5.299684e-01 1.461183e-01 391
0.614876 5.475694e-01 5.827956e-01 1.646870e-01 431
0.615326 5.671899e-01 6.277736e-01 1.752455e-01 447
0.615764 4.993173e-01 5.349327e-01 1.490384e-01 394
0.616219 5.493257e-01 6.053345e-01 1.691452e-01 434
0.616664 4.829072e-01 5.265315e-01 1.473801e-01 382
0.617116 5.416491e-01 5.886632e-01 1.654330e-01 429
0.617561 5.220617e-01 5.733632e-01 1.607893e-01 414
0.618002 5.125982e-01 5.536860e-01 1.569913e-01 407
0.618444 5.031577e-01 5.603742e-01 1.576589e-01 400
0.618891 5.050472e-01 5.490956e-01 1.536867e-01 402
0.619339 5.307724e-01 5.844480e-01 1.641677e-01 423
0.619803 4.950255e-01 5.409906e-01 1.529831e-01 395
0.620246 5.419773e-01 5.889363e-01 1.729393e-01 433
0.620682 5.088043e-01 5.593026e-01 1.640643e-01 407
0.621131 5.368936e-01 5.912699e-01 1.740252e-01 430
0.621586 5.175254e-01 5.439347e-01 1.593415e-01 415
0.622033 4.396655e-01 4.789600e-01 1.407952e-01 353
0.622479 5.485936e-01 6.109876e-01 1.788770e-01 441
0.622931 4.895230e-01 5.335932e-01 1.571025e-01 394
0.623381 5.100160e-01 5.673619e-01 1.697249e-01 411
0.623821 4.647706e-01 5.063852e-01 1.494194e-01 375
0.624263 4.864808e-01 5.152966e-01 1.493642e-01 393
0.624716 4.327203e-01 4.581268e-01 1.342407e-01 350
0.625163 4.939303e-01 5.231662e-01 1.535926e-01 400
0.625613 4.476917e-01 4.841092e-01 1.434840e-01 363
0.626052 4.779376e-01 5.157297e-01 1.518124e-01 388
0.626503 4.761216e-01 5.190908e-01 1.565562e-01 387
0.626956 4.841398e-01 5.250984e-01 1.567555e-01 394
0.627407 4.258652e-01 4.595718e-01 1.389071e-01 347
0.627854 4.474082e-01 4.847268e-01 1.456537e-01 365
0.628316 4.774681e-01 5.096863e-01 1.516691e-01 390
0.628750 4.194139e-01 4.549860e-01 1.398691e-01 343
0.629206 4.482127e-01 4.763883e-01 1.444783e-01 367
0.629651 4.220500e-01 4.641316e-01 1.390158e-01 346
0.630113 4.580845e-01 4.955084e-01 1.613499e-01 376
0.630554 4.198046e-01 4.505873e-01 1.468830e-01 345
0.630997 4.302313e-01 4.595837e-01 1.479495e-01 354
0.631448 4.187827e-01 4.505444e-01 1.469454e-01 345
0.631895 3.746273e-01 4.010403e-01 1.317000e-01 309
0.632354 4.238192e-01 4.528422e-01 1.467733e-01 350
0.632802 4.148381e-01 4.403389e-01 1.429847e-01 343
0.633262 4.203741e-01 4.634824e-01 1.506360e-01 348
0.633707 3.969403e-01 4.278798e-01 1.405799e-01 329
0.634151 4.326101e-01 4.831777e-01 1.563239e-01 359
0.634606 3.586672e-01 3.922891e-01 1.285583e-01 298
0.635052 4.063176e-01 4.492633e-01 1.448332e-01 338
0.635503 4.910731e-01 5.236772e-01 1.701302e-01 409
0.635938 3.681589e-01 3.907103e-01 1.269812e-01 307
0.636405 3.988556e-01 4.291606e-01 1.380341e-01 333
0.636855 3.852141e-01 4.108445e-01 1.354018e-01 322
0.637297 4.767539e-01 5.304441e-01 1.731614e-01 399
0.637748 3.747369e-01 3.965702e-01 1.284225e-01 314
0.638194 3.873967e-01 4.160624e-01 1.371198e-01 325
0.638651 3.821674e-01 4.189987e-01 1.342265e-01 321
0.639113 4.126240e-01 4.431876e-01 1.460239e-01 347
0.639551 4.109394e-01 4.455196e-01 1.476158e-01 346
0.640020 4.199349e-01 4.648121e-01 1.574148e-01 354
0.640457 4.004726e-01 4.356555e-01 1.492774e-01 338
0.640905 3.869737e-01 4.222082e-01 1.468042e-01 327
0.641368 3.735070e-01 4.162785e-01 1.439887e-01 316
0.641822 4.025727e-01 4.334262e-01 1.520750e-01 341
0.642276 3.761484e-01 4.168335e-01 1.436328e-01 319
0.642718 3.827637e-01 4.035668e-01 1.416687e-01 325
0.643181 3.481916e-01 3.884650e-01 1.353329e-01 296
0.643618 3.912464e-01 4.368639e-01 1.510696e-01 333
0.644092 3.567464e-01 3.880821e-01 1.367397e-01 304
0.644536 3.375659e-01 3.606900e-01 1.232756e-01 288
0.644989 3.570643e-01 3.878600e-01 1.326602e-01 305
0.645428 3.601456e-01 3.810362e-01 1.335584e-01 308
0.645880 3.842416e-01 4.070255e-01 1.409080e-01 329
0.646347 3.546202e-01 3.865205e-01 1.359392e-01 304
0.646801 3.507018e-01 3.901387e-01 1.356906e-01 301
0.647238 3.025707e-01 3.266780e-01 1.140858e-01 260
0.647701 3.545159e-01 3.789609e-01 1.305341e-01 305
0.648147 3.564157e-01 3.825529e-01 1.332573e-01 307
0.648607 3.432362e-01 3.740566e-01 1.334492e-01 296
0.649068 3.706249e-01 3.999669e-01 1.410984e-01 320
0.649522 3.736549e-01 4.074258e-01 1.424152e-01 323
0.649956 3.778329e-01 4.070527e-01 1.455915e-01 327
0.650435 3.335293e-01 3.613547e-01 1.318696e-01 289
0.650880 3.631042e-01 3.819105e-01 1.394072e-01 315
0.651340 3.431008e-01 3.756923e-01 1.339434e-01 298
0.651790 3.311944e-01 3.618831e-01 1.301150e-01 288
0.652226 3.227619e-01 3.477431e-01 1.255073e-01 281
0.652697 3.349997e-01 3.568636e-01 1.315843e-01 292
0.653136 3.540838e-01 3.823546e-01 1.378079e-01 309
0.653596 3.685443e-01 4.008253e-01 1.458934e-01 322
0.654061 3.566770e-01 3.831487e-01 1.396383e-01 312
0.654518 3.174331e-01 3.480144e-01 1.267986e-01 278
0.654953 3.569759e-01 3.961289e-01 1.429080e-01 313
0.655419 3.246586e-01 3.429296e-01 1.253627e-01 285
0.655879 3.345163e-01 3.622687e-01 1.348680e-01 294
0.656329 3.579881e-01 3.844906e-01 1.411613e-01 315
0.656778 3.677828e-01 3.934884e-01 1.440408e-01 324
0.657243 2.993223e-01 3.248214e-01 1.179874e-01 264
0.657713 3.499312e-01 3.972063e-01 1.466655e-01 309
0.658160 3.121926e-01 3.400366e-01 1.237963e-01 276
0.658599 3.186047e-01 3.576971e-01 1.305898e-01 282
0.659061 3.532135e-01 3.875237e-01 1.395041e-01 313
0.659526 3.426548e-01 3.711319e-01 1.364976e-01 304
0.659968 3.174847e-01 3.455980e-01 1.273669e-01 282
0.660435 3.272333e-01 3.679147e-01 1.410309e-01 291
0.660886 2.718135e-01 2.934246e-01 1.115386e-01 242
0.661351 3.096393e-01 3.331283e-01 1.263175e-01 276
0.661798 3.193623e-01 3.482584e-01 1.299537e-01 285
0.662254 3.424934e-01 3.705800e-01 1.405755e-01 306
0.662704 3.297958e-01 3.519415e-01 1.358820e-01 295
0.663162 3.037278e-01 3.176394e-01 1.224182e-01 272
0.663635 3.044887e-01 3.350108e-01 1.262061e-01 273
0.664085 3.319847e-01 3.482265e-01 1.338455e-01 298
0.664531 3.104555e-01 3.310961e-01 1.249543e-01 279
0.664988 3.200969e-01 3.389207e-01 1.287786e-01 288
0.665458 3.685710e-01 4.065248e-01 1.567392e-01 332
0.665909 3.226788e-01 3.477509e-01 1.337102e-01 291
0.666378 2.813234e-01 3.217990e-01 1.232034e-01 254
0.666824 2.832090e-01 3.054450e-01 1.153203e-01 256
0.667284 3.480750e-01 3.806743e-01 1.452537e-01 315
0.667755 3.145594e-01 3.511096e-01 1.354910e-01 285
0.668194 2.844287e-01 3.052964e-01 1.182185e-01 258
0.668659 3.204371e-01 3.530663e-01 1.353885e-01 291
0.669111 2.914688e-01 3.181554e-01 1.201596e-01 265
0.669567 2.845396e-01 3.117378e-01 1.169474e-01 259
0.670026 2.765289e-01 2.941711e-01 1.150227e-01 252
0.670486 3.211477e-01 3.519907e-01 1.421041e-01 293
0.670947 2.912168e-01 3.143200e-01 1.263864e-01 266
0.671395 3.116575e-01 3.356405e-01 1.343288e-01 285
0.671877 2.927290e-01 3.089245e-01 1.235385e-01 268
0.672328 2.760259e-01 2.939579e-01 1.184936e-01 253
0.672787 3.007718e-01 3.197388e-01 1.279876e-01 276
0.673240 2.851861e-01 3.196614e-01 1.295011e-01 262
0.673694 2.935555e-01 3.083791e-01 1.248858e-01 270
0.674162 3.127653e-01 3.316607e-01 1.374950e-01 288
0.674613 2.885410e-01 3.227054e-01 1.331098e-01 266
0.675073 2.622053e-01 2.825976e-01 1.121254e-01 242
0.675535 2.651507e-01 2.896591e-01 1.171427e-01 245
0.676009 2.421449e-01 2.593859e-01 1.089962e-01 224
0.676463 2.569836e-01 2.761909e-01 1.117871e-01 238
0.676920 2.868874e-01 3.158306e-01 1.268446e-01 266
0.677365 2.725536e-01 2.924829e-01 1.219994e-01 253
0.677846 2.873059e-01 3.098509e-01 1.287762e-01 267
0.678275 2.504329e-01 2.697095e-01 1.110174e-01 233
0.678748 2.587349e-01 2.697053e-01 1.109135e-01 241
0.679213 2.627283e-01 2.828964e-01 1.161198e-01 245
0.679666 2.667124e-01 2.806251e-01 1.138025e-01 249
0.680151 2.492890e-01 2.730837e-01 1.141279e-01 233
0.680604 2.714466e-01 2.814116e-01 1.165097e-01 254
0.681066 2.711367e-01 2.919253e-01 1.189879e-01 254
0.681525 2.473699e-01 2.569900e-01 1.066522e-01 232
0.681976 2.492179e-01 2.707134e-01 1.128901e-01 234
0.682438 2.574444e-01 2.788577e-01 1.147680e-01 242
0.682913 2.730902e-01 2.934427e-01 1.222548e-01 257
0.683351 2.812705e-01 3.005781e-01 1.256455e-01 265
0.683835 3.000340e-01 3.263399e-01 1.361226e-01 283
0.684291 2.446256e-01 2.645622e-01 1.123017e-01 231
0.684743 2.644454e-01 2.987520e-01 1.256758e-01 250
0.685218 2.514661e-01 2.674555e-01 1.144612e-01 238
0.685666 2.511806e-01 2.767661e-01 1.160788e-01 238
0.686137 3.025506e-01 3.143482e-01 1.300950e-01 287
0.686596 2.832538e-01 3.021752e-01 1.258745e-01 269
0.687049 2.282395e-01 2.412769e-01 1.005780e-01 217
0.687513 2.605497e-01 2.861519e-01 1.178729e-01 248
0.687990 2.340194e-01 2.627280e-01 1.084615e-01 223
0.688455 2.578638e-01 2.754115e-01 1.126402e-01 246
0.688908 2.575723e-01 2.706575e-01 1.116054e-01 246
0.689367 2.436850e-01 2.611185e-01 1.071224e-01 233
0.689840 2.486332e-01 2.666651e-01 1.092928e-01 238
0.690299 2.337436e-01 2.477298e-01 1.098864e-01 224
0.690765 2.366068e-01 2.662607e-01 1.184971e-01 227
0.691212 2.425869e-01 2.600941e-01 1.102683e-01 233
0.691693 2.090345e-01 2.348847e-01 1.031901e-01 201
0.692155 2.420407e-01 2.641460e-01 1.177718e-01 233
0.692618 2.573327e-01 2.734885e-01 1.188774e-01 248
0.693063 2.642985e-01 2.735407e-01 1.164824e-01 255
0.693539 2.691778e-01 2.951633e-01 1.301216e-01 260
0.693997 2.657729e-01 2.882117e-01 1.251261e-01 257
0.694487 2.272544e-01 2.408456e-01 1.031162e-01 220
0.694937 2.589856e-01 2.880959e-01 1.247704e-01 251
0.695392 2.401432e-01 2.587134e-01 1.104347e-01 233
0.695858 2.275199e-01 2.400431e-01 1.050475e-01 221
0.696333 2.468036e-01 2.659156e-01 1.115696e-01 240
0.696775 2.424184e-01 2.652714e-01 1.119061e-01 236
0.697244 2.175220e-01 2.297031e-01 1.008136e-01 212
0.697721 2.285525e-01 2.438822e-01 1.060769e-01 223
0.698188 1.863231e-01 2.016095e-01 8.646445e-02 182
0.698644 2.157706e-01 2.279511e-01 1.007622e-01 211
0.699109 2.308516e-01 2.500864e-01 1.096295e-01 226
0.699567 2.101874e-01 2.224540e-01 9.613164e-02 206
0.700048 2.099529e-01 2.242838e-01 1.007964e-01 206
0.700509 2.117549e-01 2.217916e-01 1.027255e-01 208
0.700975 2.298235e-01 2.470743e-01 1.144807e-01 226
0.701445 2.021413e-01 2.207237e-01 9.924008e-02 199
0.701889 2.303267e-01 2.449195e-01 1.107469e-01 227
0.702383 2.016917e-01 2.173963e-01 9.924113e-02 199
0.702828 2.186783e-01 2.375945e-01 1.096439e-01 216
0.703310 2.174240e-01 2.341894e-01 1.080448e-01 215
0.703761 2.141521e-01 2.312681e-01 1.068155e-01 212
0.704222 2.159324e-01 2.324308e-01 1.075435e-01 214
0.704689 1.854556e-01 1.957445e-01 9.076620e-02 184
0.705181 2.114266e-01 2.288962e-01 1.066526e-01 210
0.705634 1.991241e-01 2.090504e-01 9.733946e-02 198
0.706092 2.199994e-01 2.312234e-01 1.088893e-01 219
0.706556 1.976800e-01 2.110746e-01 9.604365e-02 197
0.707019 2.175081e-01 2.343731e-01 1.072593e-01 217
0.707512 2.212726e-01 2.455532e-01 1.121832e-01 221
0.707959 1.940246e-01 2.071278e-01 9.954409e-02 194
0.708435 1.868172e-01 2.011268e-01 9.078693e-02 187
0.708908 2.045735e-01 2.252219e-01 1.018797e-01 205
0.709371 1.963732e-01 2.117431e-01 9.798566e-02 197
0.709821 1.692723e-01 1.866032e-01 8.949419e-02 170
0.710293 1.591395e-01 1.689561e-01 7.957976e-02 160
0.710768 2.304982e-01 2.470191e-01 1.180452e-01 232
0.711247 2.034487e-01 2.203761e-01 1.033565e-01 205
0.711701 2.240431e-01 2.393522e-01 1.149469e-01 226
0.712175 1.970599e-01 2.170390e-01 1.033713e-01 199
0.712645 1.998108e-01 2.163152e-01 1.019551e-01 202
0.713100 1.916868e-01 2.074953e-01 9.594413e-02 194
0.713589 2.033202e-01 2.184171e-01 1.016671e-01 206
0.714030 1.715481e-01 1.843658e-01 8.717988e-02 174
0.714519 1.674207e-01 1.789703e-01 8.598643e-02 170
0.714991 1.711722e-01 1.854412e-01 8.747812e-02 174
0.715451 2.083261e-01 2.208730e-01 1.051402e-01 212
0.715916 1.806134e-01 1.977166e-01 9.326202e-02 184
0.716382 1.912015e-01 2.090427e-01 1.023969e-01 195
0.716861 1.949102e-01 2.069560e-01 1.009035e-01 199
0.717340 1.712161e-01 1.896087e-01 9.018377e-02 175
0.717790 1.808022e-01 2.038403e-01 9.454189e-02 185
0.718249 1.776760e-01 1.898886e-01 9.130965e-02 182
0.718728 2.174644e-01 2.352208e-01 1.125930e-01 223
0.719213 1.821591e-01 1.902643e-01 8.942754e-02 187
0.719677 1.848797e-01 2.024360e-01 9.469799e-02 190
0.720160 1.623225e-01 1.813635e-01 8.876453e-02 167
0.720612 1.932156e-01 2.108889e-01 1.061565e-01 199
0.721093 2.075535e-01 2.230772e-01 1.087776e-01 214
0.721577 1.569491e-01 1.671535e-01 8.227610e-02 162
0.722028 1.848437e-01 2.061996e-01 1.025671e-01 191
0.722497 1.769092e-01 1.855976e-01 9.013616e-02 183
0.722979 1.834767e-01 2.072734e-01 1.013597e-01 190
0.723439 1.909946e-01 2.051118e-01 1.016193e-01 198
0.723888 1.560988e-01 1.721708e-01 8.545305e-02 162
0.724391 1.742176e-01 1.901862e-01 9.203103e-02 181
0.724844 1.547991e-01 1.604058e-01 7.941749e-02 161
0.725327 1.306204e-01 1.454991e-01 7.291958e-02 136
0.725810 1.966779e-01 2.166460e-01 1.091992e-01 205
0.726260 1.629223e-01 1.726246e-01 8.660862e-02 170
0.726740 1.550875e-01 1.712028e-01 8.461789e-02 162
0.727202 1.396192e-01 1.477282e-01 7.317271e-02 146
0.727678 1.566631e-01 1.686552e-01 8.293332e-02 164
0.728136 1.526771e-01 1.622802e-01 8.062853e-02 160
0.728607 1.658572e-01 1.853559e-01 9.365625e-02 174
0.729080 1.790088e-01 1.899366e-01 9.190108e-02 188
0.729567 1.616953e-01 1.756426e-01 8.673130e-02 170
0.730052 1.871744e-01 1.992745e-01 9.842008e-02 197
0.730513 1.404670e-01 1.546805e-01 7.713346e-02 148
0.731001 1.905641e-01 2.116710e-01 1.072369e-01 201
0.731454 1.562650e-01 1.677669e-01 8.332708e-02 165
0.731905 1.579891e-01 1.728556e-01 8.590389e-02 167
0.732397 1.408089e-01 1.513242e-01 7.601767e-02 149
0.732865 1.689781e-01 1.817364e-01 9.187150e-02 179
0.733331 1.819988e-01 1.960081e-01 9.896634e-02 193
0.733825 1.591959e-01 1.805082e-01 8.876450e-02 169
0.734295 1.599662e-01 1.734308e-01 8.635728e-02 170
0.734755 1.579149e-01 1.764314e-01 8.580932e-02 168
0.735229 1.427224e-01 1.491920e-01 7.434770e-02 152
0.735709 1.369419e-01 1.433845e-01 7.311524e-02 146
0.736191 1.414802e-01 1.535041e-01 7.664773e-02 151
0.736655 1.488166e-01 1.557129e-01 7.860727e-02 159
0.737131 1.720314e-01 1.909749e-01 9.628998e-02 184
0.737608 1.942626e-01 2.082986e-01 1.056812e-01 208
0.738080 1.688654e-01 1.755033e-01 8.813257e-02 181
0.738555 1.528419e-01 1.614632e-01 8.099681e-02 164
0.739016 1.731603e-01 1.825798e-01 9.509757e-02 186
0.739488 1.311268e-01 1.368122e-01 6.839437e-02 141
0.739971 1.746495e-01 1.817762e-01 9.249913e-02 188
0.740433 1.512636e-01 1.580893e-01 8.101754e-02 163
0.740932 1.659349e-01 1.756770e-01 9.156755e-02 179
0.741407 1.713146e-01 1.807418e-01 9.342182e-02 185
0.741860 1.609570e-01 1.685147e-01 8.728328e-02 174
0.742355 1.441530e-01 1.555230e-01 8.093637e-02 156
0.742809 1.560000e-01 1.664556e-01 8.458723e-02 169
0.743301 1.466135e-01 1.548552e-01 7.921906e-02 159
0.743790 1.483002e-01 1.666597e-01 8.474435e-02 161
0.744243 1.490632e-01 1.526775e-01 7.973277e-02 162
0.744716 1.305219e-01 1.356420e-01 6.999841e-02 142
0.745194 1.478294e-01 1.530725e-01 8.010538e-02 161
0.745675 1.540935e-01 1.697766e-01 8.876909e-02 168
0.746131 1.484330e-01 1.604382e-01 8.064503e-02 162
0.746602 1.565136e-01 1.689160e-01 8.576402e-02 171
0.747111 1.600055e-01 1.741337e-01 9.124086e-02 175
0.747588 1.644033e-01 1.779735e-01 9.389390e-02 180
0.748048 1.313838e-01 1.424473e-01 7.211807e-02 144
0.748547 1.385366e-01 1.469167e-01 7.497905e-02 152
0.749003 1.484057e-01 1.550038e-01 8.030944e-02 163
0.749482 1.282402e-01 1.345407e-01 6.790655e-02 141
0.749957 1.299222e-01 1.452192e-01 7.658054e-02 143
0.750437 1.415841e-01 1.510176e-01 8.018941e-02 156
0.750912 1.541280e-01 1.647996e-01 8.899541e-02 170
0.751403 1.394750e-01 1.481338e-01 7.881938e-02 154
0.751858 1.221386e-01 1.254740e-01 6.716483e-02 135
0.752344 1.427972e-01 1.539548e-01 8.205412e-02 158
0.752823 1.444529e-01 1.576517e-01 8.291164e-02 160
0.753289 1.397919e-01 1.505613e-01 7.964565e-02 155
0.753786 1.297350e-01 1.355236e-01 7.151041e-02 144
0.754253 1.331989e-01 1.379990e-01 7.307552e-02 148
0.754731 1.366556e-01 1.437505e-01 7.723329e-02 152
0.755223 1.338181e-01 1.415793e-01 7.634627e-02 149
0.755708 1.417526e-01 1.596884e-01 8.403622e-02 158
0.756176 1.308495e-01 1.379576e-01 7.339893e-02 146
0.756636 1.244457e-01 1.327571e-01 7.147393e-02 139
0.757120 1.225269e-01 1.293263e-01 6.910072e-02 137
0.757605 1.223989e-01 1.338387e-01 7.034750e-02 137
0.758083 1.633257e-01 1.728724e-01 9.149515e-02 183
0.758557 1.381917e-01 1.500603e-01 8.167232e-02 155
0.759040 1.148912e-01 1.268196e-01 6.751229e-02 129
0.759534 1.396831e-01 1.484934e-01 7.963334e-02 157
0.760013 1.315386e-01 1.416919e-01 7.792034e-02 148
0.760474 1.278502e-01 1.376513e-01 7.591681e-02 144
0.760971 1.223956e-01 1.345233e-01 7.623556e-02 138
0.761430 1.346723e-01 1.457710e-01 8.156499e-02 152
0.761909 1.070948e-01 1.127037e-01 6.385087e-02 121
0.762394 1.290876e-01 1.404319e-01 7.937181e-02 146
0.762878 1.218876e-01 1.296919e-01 7.316358e-02 138
0.763339 9.882057e-02 1.079155e-01 6.043866e-02 112
0.763840 1.145835e-01 1.250500e-01 7.005618e-02 130
0.764307 1.091817e-01 1.144829e-01 6.437452e-02 124
0.764783 1.143460e-01 1.286575e-01 7.459321e-02 130
0.765279 1.388304e-01 1.560425e-01 8.911956e-02 158
0.765754 1.228870e-01 1.313929e-01 7.332905e-02 140
0.766232 1.210061e-01 1.272115e-01 7.267621e-02 138
0.766707 1.068658e-01 1.313779e-01 7.377808e-02 122
0.767181 1.155057e-01 1.282484e-01 7.180353e-02 132
0.767712 1.005260e-01 1.075855e-01 6.144421e-02 115
0.768140 1.187602e-01 1.279056e-01 7.291212e-02 136
0.768631 1.186376e-01 1.284193e-01 7.195997e-02 136
0.769108 1.124152e-01 1.194045e-01 6.673583e-02 129
0.769602 1.157814e-01 1.220084e-01 6.762488e-02 133
0.770094 1.208800e-01 1.288535e-01 7.636912e-02 139
0.770582 1.042493e-01 1.117146e-01 6.448821e-02 120
0.771063 1.136884e-01 1.229125e-01 7.204806e-02 131
0.771533 1.118375e-01 1.185833e-01 6.964538e-02 129
0.772019 1.134546e-01 1.198041e-01 7.153302e-02 131
0.772486 1.219897e-01 1.280745e-01 7.612430e-02 141
0.772969 1.106287e-01 1.175840e-01 6.935340e-02 128
0.773457 1.010177e-01 1.063532e-01 6.331397e-02 117
0.773950 1.078141e-01 1.151492e-01 6.792576e-02 125
0.774429 9.133261e-02 9.912126e-02 5.791895e-02 106
0.774936 9.898568e-02 1.025258e-01 5.984708e-02 115
0.775400 1.006040e-01 1.058979e-01 6.214443e-02 117
0.775885 1.065138e-01 1.145758e-01 6.679561e-02 124
0.776381 9.782376e-02 1.072831e-01 6.136120e-02 114
0.776836 8.915142e-02 9.354254e-02 5.450906e-02 104
0.777337 1.130380e-01 1.223996e-01 7.306267e-02 132
0.777778 9.153565e-02 9.752840e-02 5.674275e-02 107
0.778308 1.051157e-01 1.118973e-01 6.523662e-02 123
0.778769 1.024472e-01 1.085288e-01 6.447327e-02 120
0.779249 8.869699e-02 9.855244e-02 5.699089e-02 104
0.779730 1.116101e-01 1.209021e-01 7.008538e-02 131
0.780207 9.872960e-02 1.064941e-01 6.369005e-02 116
0.780725 1.113828e-01 1.165931e-01 6.942821e-02 131
0.781204 1.036249e-01 1.102527e-01 6.575784e-02 122
0.781690 9.757975e-02 1.032692e-01 6.130058e-02 115
0.782200 8.222266e-02 9.019192e-02 5.521588e-02 97
0.782630 9.484096e-02 1.052284e-01 6.240898e-02 112
0.783122 9.559050e-02 9.885134e-02 5.843079e-02 113
0.783646 9.380325e-02 1.000450e-01 5.977036e-02 111
0.784091 1.080597e-01 1.134028e-01 6.791313e-02 128
0.784585 9.108284e-02 9.367641e-02 5.565691e-02 108
0.785084 9.688798e-02 1.015582e-01 6.211937e-02 115
0.785531 1.094145e-01 1.162391e-01 7.007156e-02 130
0.786038 9.669169e-02 1.017110e-01 6.203999e-02 115
0.786530 9.575382e-02 9.997875e-02 5.964096e-02 114
0.787037 9.901328e-02 1.057123e-01 6.334836e-02 118
0.787496 1.089721e-01 1.135689e-01 6.712896e-02 130
0.787997 8.625210e-02 9.179764e-02 5.430176e-02 103
0.788466 1.070787e-01 1.126550e-01 6.723569e-02 128
0.788977 9.025642e-02 9.878109e-02 5.872210e-02 108
0.789457 8.682583e-02 8.962999e-02 5.242262e-02 104
0.789906 9.758049e-02 1.076636e-01 6.418766e-02 117
0.790401 9.998160e-02 1.082167e-01 6.547614e-02 120
0.790905 9.488676e-02 9.833503e-02 5.864241e-02 114
0.791401 9.811716e-02 1.026009e-01 6.333110e-02 118
0.791865 8.805037e-02 8.955370e-02 5.400889e-02 106
0.792368 1.053881e-01 1.129321e-01 6.820209e-02 127
0.792858 9.036022e-02 9.604716e-02 5.890243e-02 109
0.793329 9.275383e-02 9.914300e-02 6.009498e-02 112
0.793820 9.100595e-02 9.744733e-02 5.959600e-02 110
0.794319 9.587350e-02 9.765365e-02 6.031522e-02 116
0.794792 9.247457e-02 9.656520e-02 5.914360e-02 112
0.795290 1.064040e-01 1.115332e-01 6.682687e-02 129
0.795786 1.005292e-01 1.068823e-01 6.429054e-02 122
0.796251 9.466611e-02 1.007632e-01 6.138128e-02 115
0.796755 9.045946e-02 9.272603e-02 5.647076e-02 110
0.797242 7.558122e-02 7.952894e-02 4.833333e-02 92
0.797722 9.848551e-02 1.087385e-01 6.578917e-02 120
0.798212 9.346762e-02 1.025807e-01 6.203439e-02 114
0.798703 8.354529e-02 9.118233e-02 5.437687e-02 102
0.799185 8.018877e-02 8.376147e-02 5.024659e-02 98
0.799686 9.155274e-02 9.691228e-02 5.975505e-02 112
0.800145 6.859599e-02 7.218632e-02 4.531498e-02 84
0.800653 8.484360e-02 9.007160e-02 5.646497e-02 104
0.801145 8.475897e-02 9.050183e-02 5.765264e-02 104
0.801638 8.711698e-02 9.112361e-02 5.739136e-02 107
0.802098 7.482967e-02 7.881221e-02 4.971980e-02 92
0.802609 9.181881e-02 9.407862e-02 5.951385e-02 113
0.803106 7.955119e-02 8.623049e-02 5.406525e-02 98
0.803582 7.298452e-02 7.600565e-02 4.821846e-02 90
0.804091 8.263352e-02 8.831022e-02 5.633066e-02 102
0.804607 7.041146e-02 7.477817e-02 4.664321e-02 87
0.805035 8.651196e-02 9.062385e-02 5.679636e-02 107
0.805532 7.027164e-02 7.307375e-02 4.611454e-02 87
0.806037 1.040925e-01 1.100511e-01 6.919266e-02 129
0.806549 8.947906e-02 9.330792e-02 5.928726e-02 111
0.807045 7.247864e-02 7.732042e-02 4.852496e-02 90
0.807511 9.332433e-02 9.870941e-02 6.290893e-02 116
0.808019 8.197975e-02 8.547706e-02 5.331669e-02 102
0.808526 9.153370e-02 9.663113e-02 6.150520e-02 114
0.808970 7.780686e-02 8.167271e-02 5.179772e-02 97
0.809458 9.215399e-02 9.908601e-02 6.243569e-02 115
0.809986 8.245632e-02 8.815085e-02 5.699718e-02 103
0.810464 8.877288e-02 9.507760e-02 6.167937e-02 111
0.810969 6.471622e-02 6.509367e-02 4.213674e-02 81
0.811430 6.784504e-02 7.191790e-02 4.627863e-02 85
0.811933 8.611805e-02 8.998503e-02 5.901432e-02 108
0.812410 7.886369e-02 8.351424e-02 5.399850e-02 99
0.812948 8.037758e-02 8.735224e-02 5.661459e-02 101
0.813438 8.109342e-02 8.401446e-02 5.485925e-02 102
0.813884 7.704230e-02 8.145852e-02 5.387770e-02 97
0.814377 7.934687e-02 8.454759e-02 5.579821e-02 100
0.814902 7.054924e-02 7.586846e-02 5.001099e-02 89
0.815388 7.127177e-02 7.596889e-02 4.888542e-02 90
0.815880 7.278398e-02 7.438539e-02 4.844154e-02 92
0.816351 6.718001e-02 6.887536e-02 4.432078e-02 85
0.816818 7.579939e-02 7.869983e-02 5.088259e-02 96
0.817336 7.730260e-02 8.064896e-02 5.189701e-02 98
0.817841 7.171057e-02 7.606916e-02 4.922732e-02 91
0.818325 8.108733e-02 8.811691e-02 5.753991e-02 103
0.818837 5.505389e-02 5.994838e-02 3.893187e-02 70
0.819324 7.778566e-02 8.387430e-02 5.422867e-02 99
0.819811 7.064500e-02 7.353072e-02 4.795791e-02 90
0.820316 6.979170e-02 7.196309e-02 4.913573e-02 89
0.820796 6.737321e-02 7.204429e-02 4.919117e-02 86
0.821270 5.087183e-02 5.169734e-02 3.599935e-02 65
0.821734 6.333218e-02 6.647436e-02 4.635326e-02 81
0.822271 6.327033e-02 6.821479e-02 4.728061e-02 81
0.822774 6.086751e-02 6.564776e-02 4.565943e-02 78
0.823261 6.080812e-02 6.467757e-02 4.443802e-02 78
0.823752 5.763350e-02 6.119730e-02 4.201198e-02 74
0.824228 6.535804e-02 6.865801e-02 4.709922e-02 84
0.824752 6.063048e-02 6.557472e-02 4.477381e-02 78
0.825250 7.066668e-02 7.427291e-02 5.093866e-02 91
0.825730 6.361569e-02 7.104836e-02 4.851117e-02 82
0.826231 5.890352e-02 6.090287e-02 4.158392e-02 76
0.826738 6.736346e-02 7.303350e-02 5.009778e-02 87
0.827202 5.801551e-02 6.551393e-02 4.473230e-02 75
0.827725 7.727887e-02 8.543081e-02 5.833136e-02 100
0.828239 5.558676e-02 5.913060e-02 4.129498e-02 72
0.828706 6.633087e-02 7.156133e-02 4.886141e-02 86
0.829193 4.931462e-02 5.218200e-02 3.591779e-02 64
0.829700 5.465537e-02 5.726158e-02 3.932385e-02 71
0.830213 6.306193e-02 6.598865e-02 4.567687e-02 82
0.830714 6.761067e-02 7.340164e-02 5.084123e-02 88
0.831235 4.605355e-02 4.931689e-02 3.415906e-02 60
0.831679 5.674442e-02 5.945688e-02 4.164360e-02 74
0.832186 6.511636e-02 6.834998e-02 4.759329e-02 85
0.832697 6.352274e-02 6.656479e-02 4.610573e-02 83
0.833181 5.658001e-02 5.964301e-02 4.154871e-02 74
0.833696 7.791334e-02 8.314446e-02 5.781107e-02 102
0.834201 4.960273e-02 5.161226e-02 3.597312e-02 65
0.834666 6.099061e-02 6.253473e-02 4.352936e-02 80
0.835134 5.331531e-02 5.503892e-02 3.812240e-02 70
0.835675 5.402483e-02 5.564191e-02 3.854005e-02 71
0.836148 6.005422e-02 6.340237e-02 4.413877e-02 79
0.836687 5.240191e-02 5.499867e-02 3.809452e-02 69
0.837165 5.690377e-02 5.891066e-02 4.105561e-02 75
0.837668 5.836500e-02 6.246459e-02 4.326574e-02 77
0.838172 7.724033e-02 8.053665e-02 5.578325e-02 102
0.838661 6.430508e-02 6.925744e-02 4.797077e-02 85
0.839184 6.046428e-02 6.503368e-02 4.526005e-02 80
0.839673 5.134529e-02 5.234949e-02 3.648050e-02 68
0.840143 4.676989e-02 5.067393e-02 3.567926e-02 62
0.840658 4.597139e-02 4.831512e-02 3.414517e-02 61
0.841145 6.098545e-02 6.615071e-02 4.740707e-02 81
0.841663 6.619230e-02 6.957109e-02 4.937606e-02 88
0.842139 4.057909e-02 4.294413e-02 3.034939e-02 54
0.842634 7.057005e-02 7.674335e-02 5.495556e-02 94
0.843158 4.950176e-02 5.172933e-02 3.655805e-02 66
0.843619 5.320096e-02 5.712804e-02 4.037342e-02 71
0.844153 7.111632e-02 7.470545e-02 5.279569e-02 95
0.844650 5.833444e-02 6.190534e-02 4.374962e-02 78
0.845152 4.856560e-02 5.178626e-02 3.683129e-02 65
0.845632 6.195533e-02 6.640645e-02 4.717519e-02 83
0.846123 5.593031e-02 6.029462e-02 4.308896e-02 75
0.846643 6.183717e-02 6.465699e-02 4.569426e-02 83
0.847153 4.763621e-02 4.867252e-02 3.439775e-02 64
0.847649 5.651410e-02 5.927941e-02 4.232444e-02 76
0.848148 5.571737e-02 5.861210e-02 4.142223e-02 75
0.848653 6.234405e-02 6.431347e-02 4.589357e-02 84
0.849143 5.338691e-02 5.714312e-02 4.038407e-02 72
0.849612 5.333613e-02 5.330815e-02 3.808483e-02 72
0.850148 3.700377e-02 3.980703e-02 2.917253e-02 50
0.850662 5.545291e-02 5.762833e-02 4.245383e-02 75
0.851163 3.767217e-02 4.006849e-02 2.969616e-02 51
0.851623 5.018188e-02 5.230021e-02 3.852870e-02 68
0.852132 5.603241e-02 6.181271e-02 4.553640e-02 76
0.852665 4.640387e-02 4.821388e-02 3.551837e-02 63
0.853115 5.666208e-02 5.994037e-02 4.415708e-02 77
0.853720 4.264008e-02 4.746017e-02 3.496312e-02 58
0.854187 4.480314e-02 4.671177e-02 3.441178e-02 61
0.854681 4.035803e-02 4.310760e-02 3.175665e-02 55
0.855145 4.838382e-02 5.523064e-02 4.092739e-02 66
0.855650 4.467608e-02 4.784743e-02 3.542203e-02 61
0.856164 3.878023e-02 4.213519e-02 3.174307e-02 53
0.856677 5.117078e-02 5.353216e-02 3.943626e-02 70
0.857175 4.820118e-02 4.864772e-02 3.583797e-02 66
0.857649 5.180384e-02 5.759926e-02 4.243242e-02 71
0.858174 5.758651e-02 5.936446e-02 4.407928e-02 79
0.858668 4.296709e-02 4.544525e-02 3.381873e-02 59
0.859170 4.947471e-02 5.492048e-02 4.045900e-02 68
0.859635 4.215926e-02 4.585016e-02 3.399796e-02 58
0.860179 4.502436e-02 4.700458e-02 3.505623e-02 62
0.860678 5.804126e-02 5.921272e-02 4.457167e-02 80
0.861209 5.218799e-02 5.505921e-02 4.111395e-02 72
0.861716 4.634570e-02 4.874336e-02 3.639776e-02 64
0.862189 4.268479e-02 4.518024e-02 3.373710e-02 59
0.862701 5.059539e-02 5.191705e-02 3.893437e-02 70
0.863210 4.404886e-02 4.853705e-02 3.642065e-02 61
0.863681 4.689326e-02 4.706792e-02 3.531878e-02 65
0.864226 4.829078e-02 5.099301e-02 3.807762e-02 67
0.864724 4.248484e-02 4.541011e-02 3.390875e-02 59
0.865211 5.467494e-02 5.789361e-02 4.339911e-02 76
0.865754 5.103005e-02 5.273365e-02 3.957139e-02 71
0.866246 4.308361e-02 4.701470e-02 3.510693e-02 60
0.866720 3.515201e-02 3.618330e-02 2.723146e-02 49
0.867238 4.085286e-02 4.321680e-02 3.244166e-02 57
0.867734 4.153071e-02 4.290133e-02 3.203538e-02 58
0.868235 4.077652e-02 4.319337e-02 3.225346e-02 57
0.868775 4.288255e-02 4.615937e-02 3.464425e-02 60
0.869290 3.927230e-02 4.018976e-02 3.001060e-02 55
0.869761 4.208914e-02 4.227624e-02 3.175885e-02 59
0.870320 4.347530e-02 4.553647e-02 3.532070e-02 61
0.870788 3.489022e-02 3.865501e-02 2.980760e-02 49
0.871296 4.126013e-02 4.280116e-02 3.300478e-02 58
0.871837 3.980026e-02 4.232778e-02 3.263974e-02 56
0.872282 4.260342e-02 4.589458e-02 3.539017e-02 60
0.872823 4.540135e-02 4.786807e-02 3.706259e-02 64
0.873297 3.401934e-02 3.596648e-02 2.773443e-02 48
0.873846 4.177655e-02 4.377326e-02 3.375438e-02 59
0.874353 4.598224e-02 4.988438e-02 3.846678e-02 65
0.874835 4.099219e-02 4.560293e-02 3.531953e-02 58
0.875369 3.601138e-02 3.970109e-02 3.061425e-02 51
0.875828 3.527251e-02 3.651677e-02 2.815877e-02 50
0.876385 3.735418e-02 3.894701e-02 3.003277e-02 53
0.876853 2.746155e-02 2.965513e-02 2.286763e-02 39
0.877395 4.080240e-02 4.171458e-02 3.216689e-02 58
0.877919 3.654757e-02 3.890346e-02 3.015850e-02 52
0.878375 4.985528e-02 5.149401e-02 3.986020e-02 71
0.878895 3.016609e-02 3.093457e-02 2.401544e-02 43
0.879406 3.784796e-02 3.879534e-02 2.991581e-02 54
0.879875 3.851320e-02 4.308193e-02 3.335180e-02 55
0.880442 4.617312e-02 4.744637e-02 3.747082e-02 66
0.880920 3.983995e-02 3.978139e-02 3.115925e-02 57
0.881438 4.259636e-02 4.772933e-02 3.769971e-02 61
0.881938 4.325470e-02 4.712670e-02 3.691256e-02 62
0.882456 3.136558e-02 3.481242e-02 2.743574e-02 45
0.882990 3.203302e-02 3.350885e-02 2.638998e-02 46
0.883497 3.478641e-02 3.559737e-02 2.788207e-02 50
0.883997 4.031506e-02 4.257940e-02 3.349152e-02 58
0.884523 4.652796e-02 5.016223e-02 3.929018e-02 67
0.885049 4.093467e-02 4.156860e-02 3.284306e-02 59
0.885551 2.841995e-02 2.974217e-02 2.329592e-02 41
0.886041 3.601167e-02 3.905836e-02 3.059293e-02 52
0.886511 3.459478e-02 3.675595e-02 2.878955e-02 50
0.887030 3.871055e-02 4.110580e-02 3.219661e-02 56
0.887569 3.245938e-02 3.734416e-02 2.925027e-02 47
0.888089 3.035961e-02 3.345127e-02 2.620111e-02 44
0.888583 3.377854e-02 3.413053e-02 2.688789e-02 49
0.889109 2.892649e-02 3.009414e-02 2.374535e-02 42
0.889564 3.922139e-02 4.076649e-02 3.193085e-02 57
0.890145 2.612363e-02 2.925012e-02 2.366591e-02 38
0.890575 2.747338e-02 2.941222e-02 2.406098e-02 40
0.891093 3.156546e-02 3.420598e-02 2.781658e-02 46
0.891666 3.427889e-02 3.761408e-02 3.058808e-02 50
0.892147 3.698735e-02 4.038739e-02 3.284335e-02 54
0.892673 2.942596e-02 3.062992e-02 2.490850e-02 43
0.893173 3.145017e-02 3.432358e-02 2.791222e-02 46
0.893663 3.893527e-02 4.201959e-02 3.417068e-02 57
0.894212 3.275767e-02 3.394986e-02 2.760830e-02 48
0.894675 2.318218e-02 2.420431e-02 1.968314e-02 34
0.895221 2.384224e-02 2.600617e-02 2.114843e-02 35
0.895732 3.470988e-02 3.541748e-02 2.896628e-02 51
0.896197 2.923852e-02 3.108806e-02 2.528107e-02 43
0.896746 2.921189e-02 2.931499e-02 2.383919e-02 43
0.897293 2.850657e-02 3.071917e-02 2.498108e-02 42
0.897769 2.983685e-02 2.996883e-02 2.452777e-02 44
0.898289 3.387467e-02 3.430056e-02 2.789349e-02 50
0.898764 2.639822e-02 2.680269e-02 2.179617e-02 39
0.899307 3.381312e-02 3.457146e-02 2.811379e-02 50
0.899856 2.432333e-02 2.479746e-02 2.033564e-02 36
0.900334 2.902649e-02 3.012554e-02 2.512511e-02 43
0.900841 2.900015e-02 2.944245e-02 2.455540e-02 43
0.901327 2.223574e-02 2.226220e-02 1.856697e-02 33
0.901922 2.423518e-02 2.499515e-02 2.084629e-02 36
0.902417 2.959393e-02 3.106043e-02 2.601194e-02 44
0.902904 2.217534e-02 2.539140e-02 2.117677e-02 33
0.903432 2.618349e-02 2.651650e-02 2.211512e-02 39
0.903946 2.481826e-02 2.521210e-02 2.102723e-02 37
0.904485 2.345550e-02 2.325853e-02 1.939792e-02 35
0.904969 2.812115e-02 2.911698e-02 2.428395e-02 42
0.905478 2.876468e-02 3.244392e-02 2.705867e-02 43
0.905994 2.673367e-02 2.736059e-02 2.281910e-02 40
0.906530 2.537405e-02 2.666896e-02 2.224227e-02 38
0.907009 3.335677e-02 3.575458e-02 2.981980e-02 50
0.907559 2.999401e-02 3.082144e-02 2.570550e-02 45
0.908052 2.397357e-02 2.631782e-02 2.194942e-02 36
0.908527 2.727862e-02 2.930198e-02 2.454082e-02 41
0.909098 1.861252e-02 1.869050e-02 1.558813e-02 28
0.909615 2.722950e-02 2.837588e-02 2.366587e-02 41
0.910139 2.455084e-02 2.808741e-02 2.411146e-02 37
0.910629 2.187700e-02 2.275146e-02 1.966531e-02 33
0.911170 2.384435e-02 2.595986e-02 2.243851e-02 36
0.911693 1.720544e-02 1.811413e-02 1.565701e-02 26
0.912233 2.247920e-02 2.353283e-02 2.034069e-02 34
0.912697 2.510125e-02 2.602571e-02 2.249542e-02 38
0.913197 2.045895e-02 2.215009e-02 1.914551e-02 31
0.913737 2.175934e-02 2.238460e-02 1.943656e-02 33
0.914238 2.173983e-02 2.234824e-02 1.931678e-02 33
0.914772 1.513842e-02 1.539770e-02 1.330906e-02 23
0.915305 2.170087e-02 2.269916e-02 1.962010e-02 33
0.915816 1.511130e-02 1.556121e-02 1.345039e-02 23
0.916332 1.706705e-02 1.710649e-02 1.478606e-02 26
0.916837 1.770761e-02 1.883633e-02 1.628125e-02 27
0.917325 1.638127e-02 1.727900e-02 1.493517e-02 25
0.917877 2.356794e-02 2.377299e-02 2.054828e-02 36
0.918387 2.354687e-02 2.514403e-02 2.173333e-02 36
0.918889 2.548633e-02 2.610763e-02 2.256623e-02 39
0.919411 2.219901e-02 2.336579e-02 2.019631e-02 34
0.919943 1.956988e-02 2.152387e-02 1.870763e-02 30
0.920517 2.150766e-02 2.327287e-02 2.042901e-02 33
0.921031 1.497682e-02 1.531229e-02 1.353909e-02 23
0.921476 2.016816e-02 2.151563e-02 1.880147e-02 31
0.921995 2.015019e-02 2.045384e-02 1.787362e-02 31
0.922513 2.013224e-02 2.243296e-02 1.968241e-02 31
0.923097 2.206087e-02 2.245618e-02 1.962337e-02 34
0.923604 2.009643e-02 2.063580e-02 1.811100e-02 31
0.924078 1.878316e-02 1.944137e-02 1.698887e-02 29
0.924672 2.006071e-02 2.158457e-02 1.886170e-02 31
0.925121 2.262906e-02 2.402415e-02 2.099354e-02 35
0.925671 2.067105e-02 2.130877e-02 1.862070e-02 32
0.926176 1.419873e-02 1.412125e-02 1.233987e-02 22
0.926654 1.805508e-02 1.906115e-02 1.665662e-02 28
0.927210 2.448158e-02 2.730280e-02 2.394180e-02 38
0.927752 1.737939e-02 1.806305e-02 1.578442e-02 27
0.928274 1.672087e-02 1.804525e-02 1.584786e-02 26
0.928758 1.606352e-02 1.636280e-02 1.429865e-02 25
0.929313 1.669127e-02 1.637180e-02 1.430652e-02 26
0.929804 1.860071e-02 1.872377e-02 1.642772e-02 29
0.930318 1.730258e-02 1.794820e-02 1.599944e-02 27
0.930851 1.984836e-02 2.033399e-02 1.819113e-02 31
0.931360 2.238963e-02 2.408768e-02 2.147230e-02 35
0.931892 1.533933e-02 1.633175e-02 1.455849e-02 24
0.932409 1.277149e-02 1.286118e-02 1.146475e-02 20
0.932997 1.658828e-02 1.670300e-02 1.488943e-02 26
0.933405 1.848598e-02 1.997736e-02 1.780827e-02 29
0.934002 2.165411e-02 2.229455e-02 1.987386e-02 34
0.934503 1.145383e-02 1.244567e-02 1.109435e-02 18
0.934993 1.271527e-02 1.288754e-02 1.148824e-02 20
0.935612 1.397448e-02 1.481650e-02 1.320776e-02 22
0.936107 1.332753e-02 1.305754e-02 1.170933e-02 21
0.936605 1.585215e-02 1.608437e-02 1.433797e-02 25
0.937076 1.837232e-02 1.868963e-02 1.666036e-02 29
0.937599 1.962211e-02 2.016984e-02 1.797985e-02 31
0.938152 1.581037e-02 1.667945e-02 1.486844e-02 25
0.938690 1.326905e-02 1.362183e-02 1.214281e-02 21
0.939244 1.136348e-02 1.267124e-02 1.129543e-02 18
0.939738 1.450726e-02 1.476822e-02 1.316473e-02 23
0.940242 1.953611e-02 2.025820e-02 1.842480e-02 31
0.940736 1.448183e-02 1.445714e-02 1.314875e-02 23
0.941334 1.006548e-02 1.131690e-02 1.029270e-02 16
0.941781 1.759916e-02 1.848447e-02 1.681160e-02 28
0.942332 1.444380e-02 1.648311e-02 1.499136e-02 23
0.942910 1.317627e-02 1.322387e-02 1.208001e-02 21
0.943318 9.403387e-03 9.284022e-03 8.498060e-03 15
0.943909 1.127420e-02 1.115601e-02 1.014638e-02 18
0.944497 8.135356e-03 8.065497e-03 7.398943e-03 13
0.944978 1.563125e-02 1.597306e-02 1.452747e-02 25
0.945558 9.370556e-03 9.781407e-03 8.896175e-03 15
0.946001 2.184554e-02 2.321300e-02 2.111219e-02 35
0.946531 1.122505e-02 1.147067e-02 1.048750e-02 18
0.947045 1.246139e-02 1.230827e-02 1.119436e-02 20
0.947603 9.337896e-03 9.242598e-03 8.406129e-03 15
0.948143 1.119571e-02 1.199280e-02 1.090743e-02 18
0.948665 1.180740e-02 1.239210e-02 1.127060e-02 19
0.949184 1.676432e-02 1.698202e-02 1.544512e-02 27
0.949655 1.364793e-02 1.431760e-02 1.302184e-02 22
0.950253 1.115677e-02 1.187840e-02 1.075927e-02 18
0.950736 9.908508e-03 1.051723e-02 9.524008e-03 16
0.951301 1.423110e-02 1.510447e-02 1.367804e-02 23
0.951735 8.654882e-03 1.072538e-02 9.712501e-03 14
0.952310 1.729473e-02 1.826097e-02 1.653645e-02 28
0.952812 2.036538e-02 2.155942e-02 1.952341e-02 33
0.953438 1.233194e-02 1.366841e-02 1.237760e-02 20
0.953897 2.094612e-02 2.205133e-02 1.996886e-02 34
0.954503 1.107951e-02 1.106937e-02 1.002401e-02 18
0.954952 1.291489e-02 1.330698e-02 1.205031e-02 21
0.955530 1.167478e-02 1.160601e-02 1.050996e-02 19
0.955985 1.289253e-02 1.375150e-02 1.250533e-02 21
0.956554 1.717516e-02 2.212757e-02 2.003790e-02 28
0.957130 1.103162e-02 1.119387e-02 1.013674e-02 18
0.957621 9.185071e-03 8.960455e-03 8.114252e-03 15
0.958146 1.590703e-02 1.619337e-02 1.466411e-02 26
0.958645 1.528200e-02 1.620832e-02 1.467764e-02 25
0.959236 1.526881e-02 1.645122e-02 1.489761e-02 25
0.959775 9.153376e-03 9.816754e-03 8.889684e-03 15
0.960243 8.535779e-03 8.264851e-03 7.687830e-03 14
0.960798 1.035593e-02 1.012003e-02 9.453877e-03 17
0.961262 8.521064e-03 9.199254e-03 8.635537e-03 14
0.961805 1.216246e-02 1.208369e-02 1.128041e-02 20
0.962328 5.468392e-03 5.429201e-03 5.089456e-03 9
0.962905 1.032029e-02 1.067172e-02 9.926657e-03 17
0.963403 1.152452e-02 1.237680e-02 1.151270e-02 19
0.963965 1.212063e-02 1.247722e-02 1.160610e-02 20
0.964432 6.055105e-03 6.148990e-03 5.719690e-03 10
0.965009 7.864871e-03 7.734924e-03 7.237638e-03 13
0.965478 1.208941e-02 1.218349e-02 1.133288e-02 20
0.966117 1.087112e-02 1.146709e-02 1.066650e-02 18
0.966559 1.267209e-02 1.300759e-02 1.209945e-02 21
0.967176 9.646639e-03 1.008012e-02 9.376365e-03 16
0.967680 1.084316e-02 1.166342e-02 1.084912e-02 18
0.968198 1.143575e-02 1.158713e-02 1.077816e-02 19
0.968667 9.621849e-03 1.012056e-02 9.413976e-03 16
0.969194 1.081531e-02 1.139860e-02 1.060279e-02 18
0.969796 8.404704e-03 8.176445e-03 7.613699e-03 14
0.970305 8.997333e-03 9.353229e-03 8.827932e-03 15
0.970859 7.191709e-03 7.155696e-03 6.753816e-03 12
0.971370 7.185559e-03 7.297016e-03 6.887200e-03 12
0.971940 7.179417e-03 7.309026e-03 6.898536e-03 12
0.972466 9.564377e-03 9.888167e-03 9.332826e-03 16
0.972955 7.167157e-03 8.637641e-03 8.152533e-03 12
0.973516 5.370779e-03 5.298749e-03 5.001160e-03 9
0.974093 7.154928e-03 7.763330e-03 7.327325e-03 12
0.974550 1.429765e-02 1.425302e-02 1.351675e-02 24
0.975157 8.333185e-03 8.496327e-03 8.019155e-03 14
0.975620 8.326083e-03 9.238415e-03 8.719566e-03 14
0.976129 4.753709e-03 5.010625e-03 4.729218e-03 8
0.976683 1.009303e-02 1.094780e-02 1.033295e-02 17
0.977237 9.491237e-03 9.697008e-03 9.152404e-03 16
0.977775 4.741581e-03 4.759131e-03 4.491848e-03 8
0.978317 3.553162e-03 3.497319e-03 3.300902e-03 6
0.978928 5.916902e-03 5.765063e-03 5.441285e-03 10
0.979324 1.005019e-02 1.099141e-02 1.037411e-02 17
0.979965 1.122302e-02 1.117824e-02 1.053918e-02 19
0.980485 1.062331e-02 1.137557e-02 1.071409e-02 18
0.980913 5.896831e-03 5.883544e-03 5.541420e-03 10
0.981461 8.837744e-03 8.876547e-03 8.360383e-03 15
0.982071 9.418934e-03 1.120931e-02 1.059000e-02 16
0.982614 8.234582e-03 8.739450e-03 8.231257e-03 14
0.983095 9.402978e-03 9.364508e-03 8.819968e-03 16
0.983643 7.046262e-03 7.123605e-03 6.709373e-03 12
0.984124 5.280223e-03 5.658196e-03 5.329176e-03 9
0.984737 8.792926e-03 9.442030e-03 8.892983e-03 15
0.985167 9.371189e-03 9.472232e-03 8.921428e-03 16
0.985852 9.363267e-03 9.420381e-03 8.872592e-03 16
0.986329 8.185936e-03 8.326025e-03 7.841873e-03 14
0.986824 7.594806e-03 7.455598e-03 7.055552e-03 13
0.987363 1.050701e-02 1.059243e-02 9.976484e-03 18
0.987913 5.832299e-03 5.771631e-03 5.436015e-03 10
0.988405 8.158331e-03 8.743139e-03 8.234732e-03 14
0.989010 5.822465e-03 6.010755e-03 5.661234e-03 10
0.989483 7.562825e-03 7.679983e-03 7.233398e-03 13
0.990152 5.231391e-03 5.154493e-03 4.887571e-03 9
0.990559 6.388537e-03 6.632162e-03 6.300878e-03 11
0.991097 2.321149e-03 2.407060e-03 2.315160e-03 4
0.991639 4.638391e-03 4.689139e-03 4.454912e-03 8
0.992195 8.110358e-03 8.193631e-03 7.784350e-03 14
0.992763 7.524715e-03 8.258146e-03 7.845643e-03 13
0.993262 7.518391e-03 7.498999e-03 7.124416e-03 13
0.993785 6.356371e-03 6.311354e-03 5.996095e-03 11
0.994270 6.351034e-03 6.299388e-03 5.984727e-03 11
0.994881 5.768821e-03 5.893756e-03 5.599357e-03 10
0.995383 8.069574e-03 7.997961e-03 7.598454e-03 14
0.995942 9.790551e-03 1.024610e-02 9.734297e-03 17
0.996490 7.480615e-03 7.417413e-03 7.046906e-03 13
0.996989 8.049297e-03 8.059141e-03 7.656578e-03 14
0.997565 6.893619e-03 7.948748e-03 7.551699e-03 12
0.998094 5.739873e-03 6.203746e-03 5.893862e-03 10
0.998679 1.147014e-02 1.154919e-02 1.097230e-02 20
0.999228 6.876326e-03 7.228434e-03 6.867366e-03 12
0.999780 6.298028e-03 7.180603e-03 6.821925e-03 11
