#Interval: 1.000000 Mpc/h, Area= 1.000000 deg^2
# z <nobs> <wc nobs> <wc wfkp nobs> N_objects
0.600243 7.164142e-01 7.802036e-01 2.043446e-01 495
0.600731 6.981184e-01 7.558414e-01 1.959326e-01 483
0.601228 7.477131e-01 7.973098e-01 2.093148e-01 518
0.601718 7.106829e-01 7.722166e-01 2.025717e-01 493
0.602201 7.111807e-01 7.836898e-01 2.056336e-01 494
0.602702 7.203030e-01 7.826098e-01 2.057644e-01 501
0.603197 7.796544e-01 8.414677e-01 2.214166e-01 543
0.603695 6.839840e-01 7.274659e-01 1.920708e-01 477
0.604193 6.716237e-01 7.544545e-01 1.988877e-01 469
0.604674 7.222216e-01 7.831596e-01 2.056764e-01 505
0.605160 7.041293e-01 7.431395e-01 1.961067e-01 493
0.605658 6.832313e-01 7.407068e-01 1.958172e-01 479
0.606156 6.652367e-01 7.225244e-01 1.909960e-01 467
0.606655 6.956579e-01 7.685420e-01 2.047803e-01 489
0.607140 6.308087e-01 6.975971e-01 1.871507e-01 444
0.607630 6.512618e-01 7.043827e-01 1.881369e-01 459
0.608135 6.419036e-01 6.996066e-01 1.882099e-01 453
0.608640 6.127573e-01 6.899657e-01 1.849714e-01 433
0.609119 7.009897e-01 7.560985e-01 2.020289e-01 496
0.609616 6.182068e-01 6.662220e-01 1.774951e-01 438
0.610120 6.244441e-01 6.615026e-01 1.825300e-01 443
0.610622 6.545959e-01 7.089328e-01 1.971319e-01 465
0.611097 6.424915e-01 7.069915e-01 1.980678e-01 457
0.611594 6.219939e-01 6.799165e-01 1.900636e-01 443
0.612098 6.562358e-01 7.217824e-01 2.027447e-01 468
0.612593 6.567784e-01 7.051930e-01 1.947791e-01 469
0.613074 6.335437e-01 6.878137e-01 1.904955e-01 453
0.613569 6.550644e-01 6.942767e-01 1.943590e-01 469
0.614075 6.988467e-01 7.589485e-01 2.116825e-01 501
0.614583 6.254953e-01 6.648399e-01 1.850485e-01 449
0.615069 6.664185e-01 7.311441e-01 2.053306e-01 479
0.615565 6.850033e-01 7.347678e-01 2.039502e-01 493
0.616081 6.202801e-01 6.877958e-01 1.923058e-01 447
0.616552 6.042292e-01 6.556594e-01 1.830488e-01 436
0.617064 6.477336e-01 6.889973e-01 1.947315e-01 468
0.617554 6.372167e-01 7.108046e-01 1.987414e-01 461
0.618052 6.419116e-01 6.996727e-01 1.988940e-01 465
0.618555 6.190205e-01 6.818964e-01 1.908178e-01 449
0.619051 6.182182e-01 6.849258e-01 1.916428e-01 449
0.619539 5.967911e-01 6.487932e-01 1.836442e-01 434
0.620049 6.646844e-01 7.198357e-01 2.076800e-01 484
0.620540 6.391369e-01 7.048473e-01 2.061841e-01 466
0.621043 6.396805e-01 7.034040e-01 2.077735e-01 467
0.621542 6.374861e-01 6.712949e-01 1.965523e-01 466
0.622042 5.423932e-01 5.886067e-01 1.727739e-01 397
0.622529 6.549442e-01 7.340819e-01 2.152419e-01 480
0.623039 6.118558e-01 6.552311e-01 1.939583e-01 449
0.623534 6.001798e-01 6.711835e-01 1.985019e-01 441
0.624036 6.048438e-01 6.494012e-01 1.909687e-01 445
0.624533 5.429802e-01 5.736002e-01 1.667765e-01 400
0.625048 5.897315e-01 6.321137e-01 1.858936e-01 435
0.625534 5.483547e-01 5.857170e-01 1.738107e-01 405
0.626030 5.868649e-01 6.365909e-01 1.870339e-01 434
0.626532 5.793592e-01 6.265784e-01 1.894048e-01 429
0.627028 5.772673e-01 6.269492e-01 1.863693e-01 428
0.627540 5.347695e-01 5.798450e-01 1.748414e-01 397
0.628034 5.408109e-01 5.870628e-01 1.765130e-01 402
0.628534 5.790823e-01 6.157495e-01 1.849680e-01 431
0.629050 5.233251e-01 5.672910e-01 1.727436e-01 390
0.629536 5.266764e-01 5.650160e-01 1.713819e-01 393
0.630052 5.474183e-01 5.967210e-01 1.908255e-01 409
0.630545 5.280052e-01 5.649909e-01 1.848628e-01 395
0.631042 5.206563e-01 5.594275e-01 1.803049e-01 390
0.631547 5.213255e-01 5.593901e-01 1.826559e-01 391
0.632075 4.753862e-01 5.070988e-01 1.660906e-01 357
0.632563 5.066987e-01 5.413112e-01 1.750376e-01 381
0.633067 5.087102e-01 5.490191e-01 1.784677e-01 383
0.633563 5.001038e-01 5.483986e-01 1.793822e-01 377
0.634073 5.272898e-01 5.798283e-01 1.877502e-01 398
0.634574 4.525226e-01 4.988151e-01 1.637802e-01 342
0.635073 4.849852e-01 5.370952e-01 1.726858e-01 367
0.635566 6.110715e-01 6.479488e-01 2.110695e-01 463
0.636091 4.560748e-01 4.891960e-01 1.579676e-01 346
0.636593 4.778767e-01 5.081516e-01 1.655316e-01 363
0.637117 5.561593e-01 6.093739e-01 2.005409e-01 423
0.637596 5.042432e-01 5.478944e-01 1.767422e-01 384
0.638113 4.708186e-01 4.986745e-01 1.644257e-01 359
0.638614 4.571253e-01 5.043152e-01 1.619661e-01 349
0.639120 5.023334e-01 5.374015e-01 1.768825e-01 384
0.639606 4.938601e-01 5.375491e-01 1.772289e-01 378
0.640120 5.271634e-01 5.826122e-01 1.996815e-01 404
0.640628 4.991312e-01 5.432545e-01 1.867455e-01 383
0.641138 4.529472e-01 5.012803e-01 1.746399e-01 348
0.641640 4.731757e-01 5.143471e-01 1.776756e-01 364
0.642150 4.881598e-01 5.415091e-01 1.877555e-01 376
0.642658 4.784692e-01 5.022296e-01 1.769170e-01 369
0.643169 4.170011e-01 4.641021e-01 1.618170e-01 322
0.643649 4.708004e-01 5.263212e-01 1.821796e-01 364
0.644177 4.469573e-01 4.847274e-01 1.698135e-01 346
0.644686 4.180130e-01 4.402183e-01 1.497136e-01 324
0.645197 4.664536e-01 5.069785e-01 1.757092e-01 362
0.645706 4.529998e-01 4.826070e-01 1.684676e-01 352
0.646197 4.292968e-01 4.610401e-01 1.616342e-01 334
0.646710 4.428804e-01 4.883599e-01 1.695987e-01 345
0.647206 3.833497e-01 4.176389e-01 1.458220e-01 299
0.647733 4.456152e-01 4.745608e-01 1.639680e-01 348
0.648234 4.322695e-01 4.668990e-01 1.639472e-01 338
0.648753 4.317299e-01 4.661901e-01 1.653405e-01 338
0.649253 4.375699e-01 4.795189e-01 1.668370e-01 343
0.649754 4.994564e-01 5.403158e-01 1.916128e-01 392
0.650261 4.021214e-01 4.371515e-01 1.601364e-01 316
0.650782 4.575425e-01 4.797594e-01 1.743761e-01 360
0.651295 4.252389e-01 4.654633e-01 1.664720e-01 335
0.651802 4.107643e-01 4.463410e-01 1.613772e-01 324
0.652296 3.975917e-01 4.322450e-01 1.544798e-01 314
0.652824 4.325078e-01 4.595840e-01 1.694724e-01 342
0.653328 4.446017e-01 4.877732e-01 1.769211e-01 352
0.653833 4.390041e-01 4.686941e-01 1.702762e-01 348
0.654341 4.044414e-01 4.395305e-01 1.611738e-01 321
0.654853 4.492420e-01 4.993350e-01 1.800239e-01 357
0.655372 4.021832e-01 4.237933e-01 1.545332e-01 320
0.655888 4.142382e-01 4.490562e-01 1.665436e-01 330
0.656400 4.601134e-01 4.953701e-01 1.822193e-01 367
0.656889 4.082059e-01 4.361450e-01 1.581178e-01 326
0.657416 3.901930e-01 4.321041e-01 1.593777e-01 312
0.657918 4.071984e-01 4.499071e-01 1.645614e-01 326
0.658428 4.154288e-01 4.618450e-01 1.695180e-01 333
0.658952 4.124246e-01 4.593119e-01 1.644555e-01 331
0.659466 4.380501e-01 4.754475e-01 1.746380e-01 352
0.659970 3.927653e-01 4.309487e-01 1.592949e-01 316
0.660485 3.922819e-01 4.359272e-01 1.672497e-01 316
0.661002 3.508837e-01 3.801474e-01 1.446681e-01 283
0.661522 3.925563e-01 4.291585e-01 1.603989e-01 317
0.662026 4.032055e-01 4.311631e-01 1.620905e-01 326
0.662535 4.323579e-01 4.594321e-01 1.760941e-01 350
0.663049 3.800082e-01 4.068304e-01 1.568583e-01 308
0.663577 3.746131e-01 4.077797e-01 1.543570e-01 304
0.664086 4.135387e-01 4.338086e-01 1.673404e-01 336
0.664600 3.970519e-01 4.196940e-01 1.567503e-01 323
0.665118 3.990215e-01 4.330891e-01 1.680492e-01 325
0.665623 4.488099e-01 4.859392e-01 1.845745e-01 366
0.666140 3.637530e-01 4.015261e-01 1.555992e-01 297
0.666668 3.645319e-01 4.075811e-01 1.544036e-01 298
0.667192 4.129576e-01 4.489085e-01 1.715907e-01 338
0.667703 3.880482e-01 4.325498e-01 1.665805e-01 318
0.668198 3.546677e-01 3.793928e-01 1.459099e-01 291
0.668717 4.004930e-01 4.467919e-01 1.713436e-01 329
0.669240 3.720414e-01 3.986909e-01 1.519041e-01 306
0.669764 3.412300e-01 3.753977e-01 1.402111e-01 281
0.670276 3.662851e-01 3.894465e-01 1.560944e-01 302
0.670778 3.815879e-01 4.239707e-01 1.722249e-01 315
0.671299 3.823342e-01 4.071175e-01 1.623257e-01 316
0.671826 3.601179e-01 3.804648e-01 1.519059e-01 298
0.672345 3.633018e-01 3.896496e-01 1.559728e-01 301
0.672862 3.580392e-01 3.831582e-01 1.530156e-01 297
0.673373 3.696458e-01 4.024492e-01 1.636513e-01 307
0.673902 3.800215e-01 3.998374e-01 1.651150e-01 316
0.674416 3.699523e-01 3.963334e-01 1.620493e-01 308
0.674916 3.335140e-01 3.755644e-01 1.518852e-01 278
0.675451 3.391020e-01 3.687384e-01 1.482040e-01 283
0.675975 2.920173e-01 3.140667e-01 1.328090e-01 244
0.676483 3.251344e-01 3.484305e-01 1.410540e-01 272
0.677000 3.653347e-01 4.014841e-01 1.622536e-01 306
0.677515 3.291202e-01 3.486736e-01 1.439912e-01 276
0.678032 3.656453e-01 3.970301e-01 1.648073e-01 307
0.678555 3.009668e-01 3.173710e-01 1.307218e-01 253
0.679078 3.314966e-01 3.589989e-01 1.479566e-01 279
0.679585 3.251641e-01 3.406413e-01 1.381400e-01 274
0.680120 3.141053e-01 3.422185e-01 1.429561e-01 265
0.680637 3.421409e-01 3.532324e-01 1.462096e-01 289
0.681150 3.228107e-01 3.479832e-01 1.433766e-01 273
0.681675 3.295094e-01 3.454285e-01 1.410986e-01 279
0.682207 3.125994e-01 3.432203e-01 1.431451e-01 265
0.682722 3.204721e-01 3.486479e-01 1.455563e-01 272
0.683238 3.695135e-01 3.937544e-01 1.622898e-01 314
0.683773 3.549664e-01 3.835372e-01 1.618436e-01 302
0.684278 3.169742e-01 3.435013e-01 1.455333e-01 270
0.684793 3.224580e-01 3.595665e-01 1.510085e-01 275
0.685328 3.279284e-01 3.469480e-01 1.476614e-01 280
0.685867 3.415740e-01 3.715283e-01 1.550707e-01 292
0.686369 3.586918e-01 3.822618e-01 1.575864e-01 307
0.686886 3.232543e-01 3.412984e-01 1.437939e-01 277
0.687426 3.112129e-01 3.337734e-01 1.369777e-01 267
0.687937 2.852296e-01 3.188601e-01 1.323968e-01 245
0.688465 3.325653e-01 3.589885e-01 1.469800e-01 286
0.688985 3.217165e-01 3.392434e-01 1.386055e-01 277
0.689506 2.992929e-01 3.222398e-01 1.325896e-01 258
0.690021 2.943023e-01 3.159253e-01 1.337360e-01 254
0.690538 2.997391e-01 3.190884e-01 1.399989e-01 259
0.691069 3.178779e-01 3.512102e-01 1.542100e-01 275
0.691600 2.597732e-01 2.938361e-01 1.264180e-01 225
0.692127 3.009795e-01 3.264201e-01 1.464298e-01 261
0.692650 3.248108e-01 3.455310e-01 1.496661e-01 282
0.693166 3.462845e-01 3.661024e-01 1.598754e-01 301
0.693705 3.309364e-01 3.565839e-01 1.533105e-01 288
0.694204 2.903744e-01 3.153514e-01 1.357100e-01 253
0.694759 3.278611e-01 3.539679e-01 1.526110e-01 286
0.695264 3.045734e-01 3.316271e-01 1.449068e-01 266
0.695795 2.916333e-01 3.111790e-01 1.339709e-01 255
0.696333 3.072814e-01 3.294648e-01 1.382290e-01 269
0.696842 3.114827e-01 3.383205e-01 1.453666e-01 273
0.697385 2.666704e-01 2.808677e-01 1.197405e-01 234
0.697886 2.606647e-01 2.787567e-01 1.242036e-01 229
0.698438 2.637685e-01 2.888955e-01 1.239421e-01 232
0.698966 2.838988e-01 3.000543e-01 1.323581e-01 250
0.699475 2.676852e-01 2.865149e-01 1.236248e-01 236
0.700017 2.639717e-01 2.812427e-01 1.264751e-01 233
0.700542 2.681879e-01 2.829801e-01 1.329396e-01 237
0.701058 2.825665e-01 3.046720e-01 1.384476e-01 250
0.701616 2.856217e-01 3.055959e-01 1.374122e-01 253
0.702122 2.413097e-01 2.603106e-01 1.171589e-01 214
0.702652 2.950889e-01 3.177947e-01 1.467150e-01 262
0.703194 2.576190e-01 2.823288e-01 1.297542e-01 229
0.703700 2.741722e-01 2.935028e-01 1.361452e-01 244
0.704228 2.738514e-01 2.933637e-01 1.361964e-01 244
0.704765 2.331741e-01 2.467497e-01 1.159216e-01 208
0.705301 2.642537e-01 2.852097e-01 1.319198e-01 236
0.705828 2.661819e-01 2.806677e-01 1.312057e-01 238
0.706349 2.658711e-01 2.760741e-01 1.279345e-01 238
0.706889 2.711399e-01 2.936831e-01 1.331395e-01 243
0.707428 2.607932e-01 2.866205e-01 1.289501e-01 234
0.707926 2.538101e-01 2.754663e-01 1.341264e-01 228
0.708476 2.401716e-01 2.611729e-01 1.184130e-01 216
0.709009 2.576618e-01 2.761767e-01 1.255241e-01 232
0.709536 2.429409e-01 2.659780e-01 1.223130e-01 219
0.710065 2.027694e-01 2.184808e-01 1.047354e-01 183
0.710621 2.556574e-01 2.712972e-01 1.294179e-01 231
0.711135 2.675205e-01 2.951480e-01 1.392811e-01 242
0.711663 2.793559e-01 2.987127e-01 1.436222e-01 253
0.712194 2.459451e-01 2.673042e-01 1.274738e-01 223
0.712724 2.533713e-01 2.754242e-01 1.286099e-01 230
0.713244 2.409740e-01 2.588817e-01 1.195600e-01 219
0.713781 2.527847e-01 2.724176e-01 1.278781e-01 230
0.714309 1.965047e-01 2.115352e-01 1.015306e-01 179
0.714846 2.204009e-01 2.391488e-01 1.136456e-01 201
0.715392 2.628611e-01 2.796962e-01 1.331127e-01 240
0.715921 2.341137e-01 2.544811e-01 1.201449e-01 214
0.716445 2.305652e-01 2.521148e-01 1.229524e-01 211
0.716961 2.346650e-01 2.496866e-01 1.202779e-01 215
0.717521 2.398454e-01 2.707654e-01 1.287805e-01 220
0.718058 2.341242e-01 2.586817e-01 1.228159e-01 215
0.718610 2.512576e-01 2.667688e-01 1.274918e-01 231
0.719125 2.357581e-01 2.464154e-01 1.160079e-01 217
0.719659 2.333165e-01 2.608703e-01 1.219236e-01 215
0.720215 2.157051e-01 2.335866e-01 1.157564e-01 199
0.720735 2.479381e-01 2.677830e-01 1.320018e-01 229
0.721247 2.271057e-01 2.424894e-01 1.192424e-01 210
0.721813 2.290054e-01 2.565789e-01 1.272839e-01 212
0.722326 2.233478e-01 2.366032e-01 1.164763e-01 207
0.722875 2.317136e-01 2.614965e-01 1.273731e-01 215
0.723404 2.432895e-01 2.597147e-01 1.282415e-01 226
0.723917 1.967743e-01 2.162152e-01 1.072640e-01 183
0.724477 2.234000e-01 2.420264e-01 1.180741e-01 208
0.724994 1.780864e-01 1.896533e-01 9.299805e-02 166
0.725566 1.939565e-01 2.151301e-01 1.092924e-01 181
0.726060 2.419010e-01 2.578724e-01 1.302598e-01 226
0.726622 1.988593e-01 2.184155e-01 1.077346e-01 186
0.727152 1.826136e-01 1.950917e-01 9.661939e-02 171
0.727700 1.973390e-01 2.120398e-01 1.040974e-01 185
0.728239 2.077689e-01 2.282121e-01 1.148224e-01 195
0.728785 2.139177e-01 2.285942e-01 1.136877e-01 201
0.729297 2.051696e-01 2.254169e-01 1.093829e-01 193
0.729848 2.208638e-01 2.331990e-01 1.149371e-01 208
0.730369 2.068243e-01 2.236855e-01 1.113293e-01 195
0.730956 2.320155e-01 2.593531e-01 1.314177e-01 219
0.731472 2.074126e-01 2.205832e-01 1.095550e-01 196
0.731983 1.849795e-01 2.015056e-01 1.002943e-01 175
0.732549 2.016628e-01 2.176923e-01 1.097819e-01 191
0.733096 2.277998e-01 2.490939e-01 1.243652e-01 216
0.733615 1.990988e-01 2.097657e-01 1.050760e-01 189
0.734154 2.072912e-01 2.377604e-01 1.181346e-01 197
0.734692 2.060054e-01 2.266897e-01 1.110119e-01 196
0.735241 1.858249e-01 1.949424e-01 9.791576e-02 177
0.735794 1.730307e-01 1.825954e-01 9.134884e-02 165
0.736344 1.937848e-01 2.087205e-01 1.041341e-01 185
0.736897 1.956584e-01 2.067772e-01 1.057988e-01 187
0.737420 2.299265e-01 2.509195e-01 1.267100e-01 220
0.737936 2.275791e-01 2.422572e-01 1.215650e-01 218
0.738481 1.970823e-01 2.080818e-01 1.043664e-01 189
0.739017 2.197751e-01 2.318339e-01 1.209265e-01 211
0.739570 1.737492e-01 1.813238e-01 8.970872e-02 167
0.740112 2.296727e-01 2.376499e-01 1.224624e-01 221
0.740667 1.858151e-01 1.966332e-01 1.010787e-01 179
0.741189 2.125657e-01 2.204714e-01 1.148471e-01 205
0.741734 2.237199e-01 2.388924e-01 1.239340e-01 216
0.742293 1.831200e-01 1.907443e-01 9.874993e-02 177
0.742814 1.953154e-01 2.149985e-01 1.091711e-01 189
0.743364 1.837414e-01 1.939764e-01 9.961011e-02 178
0.743920 2.000329e-01 2.196777e-01 1.134438e-01 194
0.744450 1.812697e-01 1.872490e-01 9.563829e-02 176
0.745037 1.872393e-01 1.940570e-01 1.015041e-01 182
0.745567 1.890850e-01 2.030383e-01 1.069644e-01 184
0.746083 1.888734e-01 2.056076e-01 1.034594e-01 184
0.746621 1.989155e-01 2.143883e-01 1.088112e-01 194
0.747190 2.058625e-01 2.211398e-01 1.161634e-01 201
0.747728 2.025633e-01 2.199081e-01 1.145401e-01 198
0.748295 1.675924e-01 1.812831e-01 9.296982e-02 164
0.748821 1.847584e-01 1.960544e-01 1.000549e-01 181
0.749354 1.712972e-01 1.776262e-01 9.066774e-02 168
0.749907 1.670323e-01 1.861210e-01 9.722857e-02 164
0.750454 1.800718e-01 1.924693e-01 1.025085e-01 177
0.750987 1.930821e-01 2.057757e-01 1.105742e-01 190
0.751554 1.827164e-01 1.920407e-01 1.024097e-01 180
0.752116 1.662898e-01 1.766691e-01 9.348170e-02 164
0.752661 1.853488e-01 2.008370e-01 1.075379e-01 183
0.753191 1.810960e-01 1.963171e-01 1.037805e-01 179
0.753750 1.637149e-01 1.710379e-01 8.998038e-02 162
0.754285 1.736279e-01 1.794691e-01 9.499118e-02 172
0.754831 1.694019e-01 1.778463e-01 9.589927e-02 168
0.755388 1.762647e-01 1.955168e-01 1.045595e-01 175
0.755938 1.800939e-01 1.948654e-01 1.029486e-01 179
0.756478 1.698445e-01 1.795000e-01 9.586201e-02 169
0.757036 1.515866e-01 1.592033e-01 8.547328e-02 151
0.757584 1.594411e-01 1.736850e-01 9.142721e-02 159
0.758124 2.043399e-01 2.164983e-01 1.146124e-01 204
0.758670 1.760984e-01 1.967069e-01 1.062296e-01 176
0.759253 1.509176e-01 1.589635e-01 8.617352e-02 151
0.759768 1.677230e-01 1.815849e-01 9.672758e-02 168
0.760297 1.695325e-01 1.828777e-01 1.016649e-01 170
0.760877 1.673533e-01 1.813734e-01 1.027242e-01 168
0.761430 1.741343e-01 1.899210e-01 1.061775e-01 175
0.761992 1.401480e-01 1.474577e-01 8.373363e-02 141
0.762530 1.648153e-01 1.801658e-01 1.016484e-01 166
0.763075 1.487657e-01 1.562943e-01 8.728001e-02 150
0.763640 1.238351e-01 1.379704e-01 7.838802e-02 125
0.764168 1.543764e-01 1.635695e-01 9.130588e-02 156
0.764735 1.462988e-01 1.626125e-01 9.395122e-02 148
0.765295 1.747734e-01 1.946532e-01 1.110683e-01 177
0.765847 1.637320e-01 1.752702e-01 9.766018e-02 166
0.766398 1.438474e-01 1.557364e-01 8.890028e-02 146
0.766948 1.495948e-01 1.762464e-01 9.922264e-02 152
0.767486 1.199380e-01 1.338264e-01 7.537210e-02 122
0.768037 1.610517e-01 1.721951e-01 9.762532e-02 164
0.768597 1.500851e-01 1.623069e-01 9.144399e-02 153
0.769140 1.440417e-01 1.536382e-01 8.625458e-02 147
0.769695 1.477995e-01 1.564721e-01 8.686155e-02 151
0.770247 1.495936e-01 1.572766e-01 9.365692e-02 153
0.770829 1.435702e-01 1.538148e-01 8.929367e-02 147
0.771376 1.492672e-01 1.614608e-01 9.436471e-02 153
0.771933 1.432572e-01 1.522327e-01 9.113234e-02 147
0.772463 1.528359e-01 1.595103e-01 9.480408e-02 157
0.773009 1.419728e-01 1.503265e-01 8.938115e-02 146
0.773567 1.282193e-01 1.364522e-01 8.014225e-02 132
0.774118 1.377828e-01 1.489788e-01 8.755077e-02 142
0.774699 1.143710e-01 1.190780e-01 7.048951e-02 118
0.775246 1.413561e-01 1.464474e-01 8.553544e-02 146
0.775834 1.383011e-01 1.503911e-01 8.743943e-02 143
0.776386 1.207614e-01 1.315595e-01 7.524618e-02 125
0.776926 1.254555e-01 1.321129e-01 7.787156e-02 130
0.777487 1.455634e-01 1.580711e-01 9.304879e-02 151
0.778046 1.107394e-01 1.177556e-01 6.841218e-02 115
0.778578 1.414005e-01 1.517499e-01 8.943716e-02 147
0.779143 1.220300e-01 1.331939e-01 7.761371e-02 127
0.779706 1.382150e-01 1.489103e-01 8.659095e-02 144
0.780252 1.303952e-01 1.404871e-01 8.374944e-02 136
0.780829 1.407895e-01 1.484148e-01 8.895919e-02 147
0.781386 1.348971e-01 1.417255e-01 8.423946e-02 141
0.781924 9.939116e-02 1.092945e-01 6.498004e-02 104
0.782476 1.365153e-01 1.506022e-01 9.079417e-02 143
0.783065 1.239710e-01 1.282764e-01 7.604214e-02 130
0.783655 1.209796e-01 1.282931e-01 7.645190e-02 127
0.784168 1.389290e-01 1.453359e-01 8.679180e-02 146
0.784746 1.150158e-01 1.193613e-01 7.223161e-02 121
0.785314 1.443272e-01 1.531421e-01 9.319319e-02 152
0.785848 1.242534e-01 1.299406e-01 7.851293e-02 131
0.786429 1.279097e-01 1.342038e-01 8.052605e-02 135
0.787004 1.249329e-01 1.330206e-01 7.951482e-02 132
0.787527 1.380349e-01 1.436284e-01 8.480027e-02 146
0.788120 1.180537e-01 1.252619e-01 7.395242e-02 125
0.788629 1.273613e-01 1.345654e-01 8.094149e-02 135
0.789218 1.149734e-01 1.254701e-01 7.373472e-02 122
0.789774 1.327367e-01 1.421115e-01 8.424228e-02 141
0.790337 1.231907e-01 1.329180e-01 8.032794e-02 131
0.790892 1.202406e-01 1.258799e-01 7.547811e-02 128
0.791453 1.276190e-01 1.324272e-01 8.135265e-02 136
0.792026 1.246704e-01 1.301846e-01 7.860043e-02 133
0.792581 1.273462e-01 1.370771e-01 8.277584e-02 136
0.793173 1.300163e-01 1.376976e-01 8.433108e-02 139
0.793732 1.111901e-01 1.192219e-01 7.239181e-02 119
0.794288 1.232053e-01 1.253764e-01 7.749760e-02 132
0.794837 1.221415e-01 1.275304e-01 7.781096e-02 131
0.795403 1.378448e-01 1.470550e-01 8.805094e-02 148
0.795985 1.330460e-01 1.382066e-01 8.381688e-02 143
0.796518 1.105987e-01 1.166285e-01 7.089497e-02 119
0.797083 1.104810e-01 1.144613e-01 6.924117e-02 119
0.797671 1.242748e-01 1.367616e-01 8.333016e-02 134
0.798227 1.213634e-01 1.337782e-01 8.075084e-02 131
0.798788 1.036508e-01 1.121744e-01 6.689558e-02 112
0.799353 1.137099e-01 1.175478e-01 7.164725e-02 123
0.799917 1.117422e-01 1.197965e-01 7.358337e-02 121
0.800511 9.686352e-02 1.030871e-01 6.530312e-02 105
0.801055 1.096623e-01 1.170805e-01 7.438832e-02 119
0.801621 1.141488e-01 1.184211e-01 7.449050e-02 124
0.802184 1.048321e-01 1.106091e-01 6.992970e-02 114
0.802749 1.120700e-01 1.149327e-01 7.232731e-02 122
0.803320 1.018574e-01 1.104638e-01 6.982862e-02 111
0.803888 9.808304e-02 1.018816e-01 6.526420e-02 107
0.804461 9.614797e-02 1.048443e-01 6.539709e-02 105
0.804995 1.134262e-01 1.178311e-01 7.380238e-02 124
0.805583 9.777251e-02 1.036531e-01 6.558157e-02 107
0.806127 1.250533e-01 1.296560e-01 8.146474e-02 137
0.806708 1.139793e-01 1.215158e-01 7.673061e-02 125
0.807305 1.083939e-01 1.144388e-01 7.233880e-02 119
0.807856 1.128293e-01 1.183002e-01 7.468248e-02 124
0.808446 1.154373e-01 1.209795e-01 7.642837e-02 127
0.808974 1.080519e-01 1.130865e-01 7.234991e-02 119
0.809526 1.115664e-01 1.210554e-01 7.609351e-02 123
0.810119 1.141673e-01 1.216013e-01 7.892424e-02 126
0.810679 1.022806e-01 1.072844e-01 6.931963e-02 113
0.811293 9.765220e-02 1.019926e-01 6.591378e-02 108
0.811874 1.011626e-01 1.057697e-01 6.931892e-02 112
0.812397 1.019588e-01 1.075684e-01 6.996948e-02 113
0.812992 1.000492e-01 1.080384e-01 6.952189e-02 111
0.813561 1.170519e-01 1.215983e-01 7.983589e-02 130
0.814139 1.052363e-01 1.107091e-01 7.378663e-02 117
0.814733 9.164845e-02 9.940584e-02 6.504124e-02 102
0.815288 9.334769e-02 1.002933e-01 6.481249e-02 104
0.815851 9.325005e-02 9.536745e-02 6.202002e-02 104
0.816416 9.494397e-02 9.841932e-02 6.333210e-02 106
0.816984 1.028976e-01 1.061656e-01 6.858853e-02 115
0.817563 9.117041e-02 9.574497e-02 6.161118e-02 102
0.818128 1.026829e-01 1.124937e-01 7.337110e-02 115
0.818693 8.384453e-02 8.902858e-02 5.797390e-02 94
0.819298 9.712261e-02 1.051476e-01 6.795225e-02 109
0.819842 8.990056e-02 9.322159e-02 6.110147e-02 101
0.820427 9.603116e-02 1.006810e-01 6.874407e-02 108
0.820997 8.349567e-02 8.695041e-02 5.961846e-02 94
0.821596 7.985948e-02 8.389337e-02 5.892234e-02 90
0.822176 7.711722e-02 8.160974e-02 5.627718e-02 87
0.822728 7.792254e-02 8.443189e-02 5.859348e-02 88
0.823275 7.607247e-02 8.080879e-02 5.573749e-02 86
0.823880 9.013180e-02 9.382013e-02 6.431711e-02 102
0.824454 7.856280e-02 8.542672e-02 5.857835e-02 89
0.825052 8.553581e-02 9.217357e-02 6.319167e-02 97
0.825583 8.720893e-02 9.484270e-02 6.475772e-02 99
0.826163 7.655874e-02 7.841701e-02 5.354241e-02 87
0.826754 9.054463e-02 9.998062e-02 6.852831e-02 103
0.827348 8.693825e-02 9.503419e-02 6.488846e-02 99
0.827898 8.070752e-02 8.874041e-02 6.085122e-02 92
0.828467 8.325311e-02 9.135747e-02 6.316382e-02 95
0.829016 7.441264e-02 7.904828e-02 5.430110e-02 85
0.829636 7.171216e-02 7.515307e-02 5.157077e-02 82
0.830223 8.212175e-02 8.536543e-02 5.906035e-02 94
0.830767 7.854607e-02 8.495138e-02 5.884109e-02 90
0.831391 7.236222e-02 7.737986e-02 5.383214e-02 83
0.831953 8.273885e-02 8.850000e-02 6.187301e-02 95
0.832526 7.743338e-02 8.019182e-02 5.554441e-02 89
0.833087 8.083021e-02 8.449317e-02 5.879348e-02 93
0.833688 9.637547e-02 1.028160e-01 7.146675e-02 111
0.834275 6.938834e-02 7.165763e-02 5.013269e-02 80
0.834831 8.491332e-02 8.846327e-02 6.127359e-02 98
0.835430 6.491790e-02 6.589371e-02 4.564090e-02 75
0.835994 7.868615e-02 8.250341e-02 5.739972e-02 91
0.836590 6.823983e-02 7.221597e-02 5.001999e-02 79
0.837155 7.593599e-02 7.813495e-02 5.440574e-02 88
0.837760 8.361633e-02 8.815866e-02 6.106260e-02 97
0.838327 9.730887e-02 1.043832e-01 7.230044e-02 113
0.838878 7.312195e-02 7.753703e-02 5.370558e-02 85
0.839466 7.906271e-02 8.361775e-02 5.841307e-02 92
0.840039 6.524583e-02 6.961450e-02 4.880798e-02 76
0.840645 6.003337e-02 6.357404e-02 4.492892e-02 70
0.841209 8.139056e-02 8.671083e-02 6.202791e-02 95
0.841787 8.130739e-02 8.601536e-02 6.102632e-02 95
0.842432 7.352941e-02 7.906701e-02 5.644578e-02 86
0.842943 7.089199e-02 7.541452e-02 5.354842e-02 83
0.843537 7.508590e-02 8.043058e-02 5.684174e-02 88
0.844154 8.864738e-02 9.277271e-02 6.556415e-02 104
0.844723 7.663589e-02 8.286401e-02 5.856149e-02 90
0.845334 6.975268e-02 7.106721e-02 5.076845e-02 82
0.845888 8.412785e-02 9.324965e-02 6.615158e-02 99
0.846491 7.385529e-02 7.702047e-02 5.472538e-02 87
0.847052 6.699578e-02 6.913385e-02 4.885814e-02 79
0.847639 7.201078e-02 7.553942e-02 5.387566e-02 85
0.848227 7.955453e-02 8.303356e-02 5.893752e-02 94
0.848818 7.862827e-02 8.334258e-02 5.914736e-02 93
0.849404 7.601463e-02 7.774229e-02 5.516605e-02 90
0.849969 5.146875e-02 5.289053e-02 3.846260e-02 61
0.850602 6.911734e-02 7.291983e-02 5.371883e-02 82
0.851161 5.136444e-02 5.429057e-02 4.019830e-02 61
0.851732 7.402445e-02 7.815159e-02 5.757298e-02 88
0.852303 6.302514e-02 6.908248e-02 5.089191e-02 75
0.852905 7.387465e-02 7.675042e-02 5.654076e-02 88
0.853472 5.115677e-02 5.548393e-02 4.087409e-02 61
0.854070 6.786080e-02 7.232555e-02 5.328103e-02 81
0.854703 6.025975e-02 6.585663e-02 4.851548e-02 72
0.855266 6.019889e-02 6.694344e-02 4.978793e-02 72
0.855833 5.679711e-02 6.239694e-02 4.676902e-02 68
0.856460 5.757421e-02 5.991523e-02 4.413855e-02 69
0.857012 6.751896e-02 6.922531e-02 5.099714e-02 81
0.857595 6.911636e-02 7.588172e-02 5.590080e-02 83
0.858202 7.653372e-02 7.919890e-02 5.893443e-02 92
0.858813 5.983564e-02 6.593497e-02 4.876683e-02 72
0.859383 6.641713e-02 7.026006e-02 5.201173e-02 80
0.859999 5.308026e-02 5.726993e-02 4.250543e-02 64
0.860575 7.374051e-02 7.574807e-02 5.696957e-02 89
0.861166 6.870013e-02 7.205501e-02 5.380509e-02 83
0.861751 6.036232e-02 6.305204e-02 4.708237e-02 73
0.862325 6.195382e-02 6.492577e-02 4.848153e-02 75
0.862897 6.024121e-02 6.477217e-02 4.855721e-02 73
0.863492 6.595156e-02 6.825260e-02 5.116776e-02 80
0.864111 6.012047e-02 6.271571e-02 4.702771e-02 73
0.864673 5.841475e-02 6.217814e-02 4.642981e-02 71
0.865245 6.986311e-02 7.393301e-02 5.540013e-02 85
0.865870 6.979319e-02 7.363280e-02 5.520488e-02 85
0.866471 5.495842e-02 5.729339e-02 4.302532e-02 67
0.867069 4.916728e-02 5.101841e-02 3.809659e-02 60
0.867654 5.812313e-02 6.165668e-02 4.623540e-02 71
0.868240 5.234035e-02 5.497314e-02 4.104968e-02 64
0.868840 5.473910e-02 5.954280e-02 4.466315e-02 67
0.869454 5.794922e-02 5.836821e-02 4.358485e-02 71
0.870016 4.892232e-02 4.907637e-02 3.742823e-02 60
0.870588 5.701914e-02 6.157507e-02 4.771791e-02 70
0.871216 5.207984e-02 5.394157e-02 4.159535e-02 64
0.871838 5.690560e-02 6.198733e-02 4.779959e-02 70
0.872388 5.441257e-02 5.877435e-02 4.532200e-02 67
0.872971 5.922635e-02 6.182430e-02 4.784615e-02 73
0.873592 4.457822e-02 4.825429e-02 3.720979e-02 55
0.874172 6.072806e-02 6.361657e-02 4.905593e-02 75
0.874751 5.904992e-02 6.584429e-02 5.095031e-02 73
0.875405 5.333459e-02 5.760857e-02 4.442305e-02 66
0.875953 3.955759e-02 4.114793e-02 3.172994e-02 49
0.876538 5.080931e-02 5.346028e-02 4.122422e-02 63
0.877217 4.511905e-02 4.659524e-02 3.593046e-02 56
0.877774 5.151353e-02 5.496629e-02 4.256798e-02 64
0.878352 6.432813e-02 6.646554e-02 5.142712e-02 80
0.878964 4.257519e-02 4.380349e-02 3.396229e-02 53
0.879571 5.697826e-02 6.132562e-02 4.728933e-02 71
0.880181 4.890473e-02 5.075022e-02 3.978251e-02 61
0.880730 5.926841e-02 6.050926e-02 4.758170e-02 74
0.881335 5.360892e-02 5.800112e-02 4.579117e-02 67
0.881914 5.835203e-02 6.432433e-02 5.038282e-02 73
0.882530 4.312191e-02 4.805501e-02 3.783270e-02 54
0.883138 4.228160e-02 4.279762e-02 3.368645e-02 53
0.883743 5.100668e-02 5.347792e-02 4.188723e-02 64
0.884320 5.493737e-02 5.836071e-02 4.587289e-02 69
0.884941 6.442816e-02 6.707141e-02 5.286003e-02 81
0.885573 3.973131e-02 4.212344e-02 3.299370e-02 50
0.886158 5.001218e-02 5.333907e-02 4.177848e-02 63
0.886735 4.679073e-02 5.001148e-02 3.917210e-02 59
0.887307 4.595245e-02 4.974656e-02 3.896460e-02 58
0.887946 4.274127e-02 4.919976e-02 3.853631e-02 54
0.888545 4.586220e-02 4.639240e-02 3.651490e-02 58
0.889192 4.502722e-02 4.681395e-02 3.686688e-02 57
0.889682 3.788045e-02 4.037948e-02 3.168810e-02 48
0.890309 4.415051e-02 4.886130e-02 3.973441e-02 56
0.890954 4.016909e-02 4.181102e-02 3.416473e-02 51
0.891565 4.091659e-02 4.582219e-02 3.726298e-02 52
0.892127 5.109564e-02 5.524914e-02 4.492905e-02 65
0.892761 4.162182e-02 4.364640e-02 3.549361e-02 53
0.893396 5.099568e-02 5.560482e-02 4.521829e-02 65
0.893959 4.154043e-02 4.396348e-02 3.575146e-02 53
0.894539 3.915078e-02 4.088859e-02 3.325093e-02 50
0.895188 3.050778e-02 3.300827e-02 2.684259e-02 39
0.895795 5.001516e-02 5.184512e-02 4.234976e-02 64
0.896365 3.435186e-02 3.516002e-02 2.859242e-02 44
0.896949 3.665824e-02 3.851942e-02 3.132430e-02 47
0.897573 4.363531e-02 4.451114e-02 3.619682e-02 56
0.898185 4.281434e-02 4.344676e-02 3.551134e-02 55
0.898768 4.043958e-02 4.096994e-02 3.331709e-02 52
0.899393 4.195407e-02 4.295348e-02 3.493012e-02 54
0.900057 3.570387e-02 3.683006e-02 3.048029e-02 46
0.900620 4.109705e-02 4.215656e-02 3.515914e-02 53
0.901216 3.253581e-02 3.254310e-02 2.714139e-02 42
0.901886 3.095638e-02 3.201894e-02 2.670423e-02 40
0.902455 3.943105e-02 4.223103e-02 3.534438e-02 51
0.903050 2.935147e-02 3.188239e-02 2.659034e-02 38
0.903635 3.472460e-02 3.539972e-02 2.952384e-02 45
0.904270 3.392001e-02 3.418547e-02 2.851114e-02 44
0.904880 3.696778e-02 3.781028e-02 3.153428e-02 48
0.905473 3.847079e-02 4.284944e-02 3.573701e-02 50
0.906071 3.459018e-02 3.538994e-02 2.951568e-02 45
0.906733 4.453974e-02 4.684753e-02 3.907148e-02 58
0.907345 3.989355e-02 4.203063e-02 3.505411e-02 52
0.907930 3.678920e-02 3.997618e-02 3.334067e-02 48
0.908492 3.215944e-02 3.460751e-02 2.898119e-02 42
0.909148 2.906853e-02 2.965373e-02 2.473161e-02 38
0.909726 3.209735e-02 3.317610e-02 2.769620e-02 42
0.910319 3.435682e-02 3.884351e-02 3.357454e-02 45
0.910947 3.050993e-02 3.211613e-02 2.775969e-02 40
0.911568 2.743246e-02 2.962046e-02 2.560256e-02 36
0.912228 2.892858e-02 3.000738e-02 2.593699e-02 38
0.912779 3.498508e-02 3.640633e-02 3.146795e-02 46
0.913392 2.659345e-02 2.840351e-02 2.465247e-02 35
0.914008 3.112235e-02 3.217722e-02 2.781250e-02 41
0.914648 2.426725e-02 2.483046e-02 2.146230e-02 32
0.915286 2.651678e-02 2.765068e-02 2.389997e-02 35
0.915854 1.967925e-02 2.038320e-02 1.761829e-02 26
0.916466 2.646585e-02 2.717265e-02 2.348678e-02 35
0.917112 2.341868e-02 2.395054e-02 2.070174e-02 31
0.917726 2.716979e-02 2.826021e-02 2.442681e-02 36
0.918317 3.317567e-02 3.502309e-02 3.027233e-02 44
0.918916 3.389713e-02 3.519476e-02 3.042072e-02 45
0.919529 2.934936e-02 3.127574e-02 2.703330e-02 39
0.920146 2.405846e-02 2.585121e-02 2.255521e-02 32
0.920739 2.553765e-02 2.737114e-02 2.411399e-02 34
0.921392 3.001554e-02 3.159506e-02 2.770235e-02 40
0.922005 2.548881e-02 2.670964e-02 2.334026e-02 34
0.922550 2.321758e-02 2.486728e-02 2.182180e-02 31
0.923178 3.067778e-02 3.181966e-02 2.780566e-02 41
0.923814 2.990096e-02 3.057092e-02 2.680482e-02 40
0.924474 2.389793e-02 2.563281e-02 2.239926e-02 32
0.925050 3.282831e-02 3.462194e-02 3.025443e-02 44
0.925693 2.757930e-02 2.814156e-02 2.459154e-02 37
0.926341 2.234028e-02 2.228946e-02 1.947767e-02 30
0.926942 2.752676e-02 3.075726e-02 2.697337e-02 37
0.927551 2.824380e-02 3.037385e-02 2.654223e-02 38
0.928201 2.301906e-02 2.452126e-02 2.151915e-02 31
0.928780 2.151347e-02 2.172843e-02 1.898742e-02 29
0.929439 2.519871e-02 2.515743e-02 2.198386e-02 34
0.930039 2.369389e-02 2.396242e-02 2.120415e-02 32
0.930626 2.441111e-02 2.522260e-02 2.255904e-02 33
0.931253 3.103918e-02 3.321379e-02 2.960752e-02 42
0.931849 2.067315e-02 2.174307e-02 1.938226e-02 28
0.932464 1.770303e-02 1.831096e-02 1.632281e-02 24
0.933164 2.947707e-02 3.094428e-02 2.758443e-02 40
0.933789 2.282308e-02 2.325457e-02 2.072965e-02 31
0.934282 2.059487e-02 2.177896e-02 1.941425e-02 28
0.934950 1.763603e-02 1.799172e-02 1.603823e-02 24
0.935642 1.835347e-02 1.931311e-02 1.721614e-02 25
0.936236 1.906956e-02 1.915139e-02 1.715235e-02 26
0.936856 2.711179e-02 2.716985e-02 2.421982e-02 37
0.937493 2.708616e-02 2.800073e-02 2.496048e-02 37
0.938095 1.901554e-02 1.995217e-02 1.778581e-02 26
0.938678 1.753623e-02 1.803168e-02 1.607385e-02 24
0.939300 1.459974e-02 1.622672e-02 1.446486e-02 20
0.939922 2.625473e-02 2.674886e-02 2.406287e-02 36
0.940531 2.331554e-02 2.358410e-02 2.144971e-02 32
0.941199 1.455848e-02 1.608656e-02 1.463070e-02 20
0.941794 2.399886e-02 2.502984e-02 2.276460e-02 33
0.942405 1.671073e-02 1.910237e-02 1.737358e-02 23
0.943083 2.177609e-02 2.174922e-02 1.990493e-02 30
0.943758 1.160299e-02 1.153329e-02 1.048951e-02 16
0.944313 1.014307e-02 1.005047e-02 9.214270e-03 14
0.944936 2.099090e-02 2.128427e-02 1.935801e-02 29
0.945661 1.807861e-02 1.928068e-02 1.753575e-02 25
0.946140 2.311889e-02 2.381409e-02 2.172253e-02 32
0.946785 1.660111e-02 1.684535e-02 1.532082e-02 23
0.947420 1.442220e-02 1.434927e-02 1.305064e-02 20
0.948096 1.512912e-02 1.603927e-02 1.458769e-02 21
0.948692 1.511494e-02 1.575945e-02 1.433319e-02 21
0.949303 2.588705e-02 2.608384e-02 2.372322e-02 36
0.949933 1.436823e-02 1.538565e-02 1.397022e-02 20
0.950520 1.435479e-02 1.551642e-02 1.405109e-02 20
0.951232 1.936083e-02 2.058689e-02 1.864271e-02 27
0.951833 1.504435e-02 1.790771e-02 1.621655e-02 21
0.952492 2.719766e-02 2.831058e-02 2.563700e-02 38
0.953035 1.716143e-02 1.827623e-02 1.655027e-02 24
0.953732 2.786128e-02 3.048528e-02 2.760633e-02 39
0.954361 1.712941e-02 1.718996e-02 1.556658e-02 24
0.954954 1.782649e-02 1.815828e-02 1.644345e-02 25
0.955664 1.923466e-02 2.012730e-02 1.822653e-02 27
0.956302 1.850500e-02 1.848116e-02 1.679669e-02 26
0.956847 1.635456e-02 2.224787e-02 2.014684e-02 23
0.957469 1.562893e-02 1.547489e-02 1.401348e-02 22
0.958154 2.058260e-02 2.091894e-02 1.894340e-02 29
0.958727 1.985437e-02 2.106917e-02 1.907945e-02 28
0.959340 1.700221e-02 1.844009e-02 1.669866e-02 24
0.959978 1.415534e-02 1.457548e-02 1.335101e-02 20
0.960669 1.343508e-02 1.310199e-02 1.223414e-02 19
0.961236 1.271615e-02 1.340967e-02 1.256462e-02 18
0.961832 1.411595e-02 1.404259e-02 1.310904e-02 20
0.962539 1.057714e-02 1.080552e-02 1.009673e-02 15
0.963192 1.690774e-02 1.792127e-02 1.667007e-02 24
0.963834 1.407672e-02 1.454977e-02 1.353396e-02 20
0.964342 1.054776e-02 1.072494e-02 9.976160e-03 15
0.965106 1.334813e-02 1.332513e-02 1.244444e-02 19
0.965677 1.473954e-02 1.478747e-02 1.375507e-02 21
0.966374 1.823208e-02 1.891622e-02 1.759556e-02 26
0.967005 1.261054e-02 1.337887e-02 1.244481e-02 18
0.967601 1.469870e-02 1.573718e-02 1.463847e-02 21
0.968269 1.888087e-02 1.968097e-02 1.830692e-02 27
0.968945 1.327427e-02 1.367447e-02 1.271977e-02 19
0.969516 1.116802e-02 1.123005e-02 1.044601e-02 16
0.970143 1.255243e-02 1.238919e-02 1.164721e-02 18
0.970787 1.045071e-02 1.087258e-02 1.026195e-02 15
0.971393 9.048938e-03 9.286206e-03 8.764673e-03 13
0.972058 1.043146e-02 1.067162e-02 1.007227e-02 15
0.972660 1.389581e-02 1.459184e-02 1.377233e-02 20
0.973372 8.329814e-03 9.445267e-03 8.914800e-03 12
0.974041 8.322152e-03 9.050768e-03 8.542457e-03 12
0.974554 1.801475e-02 1.787319e-02 1.694408e-02 26
0.975262 1.246029e-02 1.274237e-02 1.202673e-02 18
0.975767 8.990830e-03 1.029758e-02 9.719247e-03 13
0.976532 1.105548e-02 1.124697e-02 1.061532e-02 16
0.977136 1.380666e-02 1.491287e-02 1.407533e-02 20
0.977743 6.207299e-03 6.186761e-03 5.839299e-03 9
0.978359 4.823472e-03 4.712298e-03 4.447645e-03 7
0.979142 1.445715e-02 1.517886e-02 1.432638e-02 21
0.979704 1.031708e-02 1.072956e-02 1.012571e-02 15
0.980346 1.786656e-02 1.855775e-02 1.747863e-02 26
0.981017 1.098474e-02 1.086210e-02 1.023047e-02 16
0.981680 1.097469e-02 1.264470e-02 1.194729e-02 16
0.982288 1.096466e-02 1.175145e-02 1.106811e-02 16
0.982902 1.369330e-02 1.411445e-02 1.329370e-02 20
0.983558 1.094463e-02 1.090180e-02 1.026787e-02 16
0.984189 7.517561e-03 8.111992e-03 7.640285e-03 11
0.984887 1.502140e-02 1.588583e-02 1.496208e-02 22
0.985468 8.186015e-03 8.011618e-03 7.545749e-03 12
0.986105 1.499401e-02 1.527971e-02 1.439121e-02 22
0.986766 1.089479e-02 1.070660e-02 1.012305e-02 16
0.987379 1.292578e-02 1.309150e-02 1.233024e-02 19
0.988086 1.087495e-02 1.130821e-02 1.065065e-02 16
0.988628 6.790660e-03 7.089485e-03 6.677237e-03 10
0.989320 1.289051e-02 1.306572e-02 1.230596e-02 19
0.990065 5.422649e-03 5.330287e-03 5.047505e-03 8
0.990521 8.803795e-03 9.084674e-03 8.630885e-03 13
0.991283 4.736198e-03 4.938609e-03 4.724959e-03 7
0.991921 8.787807e-03 8.878994e-03 8.435478e-03 13
0.992563 1.013057e-02 1.065509e-02 1.012286e-02 15
0.993186 1.147090e-02 1.174229e-02 1.115575e-02 17
0.993873 1.011220e-02 1.000660e-02 9.506756e-03 15
0.994432 6.061820e-03 6.021623e-03 5.720837e-03 9
0.995107 1.143973e-02 1.144456e-02 1.087289e-02 17
0.995794 1.210168e-02 1.234161e-02 1.172513e-02 18
0.996416 1.141902e-02 1.172695e-02 1.114118e-02 17
0.997012 1.006649e-02 1.008740e-02 9.583520e-03 15
0.997659 9.386892e-03 1.121060e-02 1.065062e-02 14
0.998413 1.205795e-02 1.213351e-02 1.152743e-02 18
0.999010 1.271633e-02 1.313112e-02 1.247521e-02 19
0.999725 8.692791e-03 9.677174e-03 9.193789e-03 13
