#Interval: 1.000000 Mpc/h, Area= 1.000000 deg^2
# z <nobs> <wc nobs> <wc wfkp nobs> N_obj
0.600232 8.103223e+01 8.143169e+01 2.346407e+01 59553
0.600688 7.977271e+01 7.978387e+01 2.304039e+01 58703
0.601152 8.009340e+01 8.026182e+01 2.321649e+01 59015
0.601617 7.244060e+01 7.257231e+01 2.108994e+01 53445
0.602077 7.650997e+01 7.677146e+01 2.229706e+01 56520
0.602544 7.717276e+01 7.699636e+01 2.246099e+01 57083
0.602999 7.702231e+01 7.699341e+01 2.243415e+01 57045
0.603459 7.197454e+01 7.212189e+01 2.106075e+01 53375
0.603926 7.566114e+01 7.620100e+01 2.224175e+01 56181
0.604387 8.102891e+01 8.146967e+01 2.386209e+01 60244
0.604847 7.944208e+01 7.974820e+01 2.341787e+01 59140
0.605312 7.660221e+01 7.650893e+01 2.250483e+01 57099
0.605779 8.061484e+01 8.073513e+01 2.381774e+01 60167
0.606231 7.815260e+01 7.826318e+01 2.314853e+01 58404
0.606695 7.119817e+01 7.131649e+01 2.113346e+01 53275
0.607170 7.624857e+01 7.622345e+01 2.265756e+01 57127
0.607626 7.553272e+01 7.566879e+01 2.249485e+01 56663
0.608092 6.811412e+01 6.848070e+01 2.039052e+01 51163
0.608563 7.316892e+01 7.305023e+01 2.182949e+01 55030
0.609020 6.940398e+01 6.938505e+01 2.070536e+01 52265
0.609483 6.910740e+01 6.924986e+01 2.074253e+01 52108
0.609943 6.638494e+01 6.666628e+01 2.011121e+01 50119
0.610410 7.707523e+01 7.713385e+01 2.366875e+01 58264
0.610875 7.337178e+01 7.341896e+01 2.257573e+01 55535
0.611336 7.408085e+01 7.453193e+01 2.289754e+01 56143
0.611805 7.116535e+01 7.121983e+01 2.198185e+01 54002
0.612275 7.009587e+01 7.064402e+01 2.173168e+01 53258
0.612728 6.636325e+01 6.652039e+01 2.048953e+01 50486
0.613189 6.762088e+01 6.796277e+01 2.100746e+01 51508
0.613667 7.081187e+01 7.107052e+01 2.198408e+01 54007
0.614133 7.154726e+01 7.160074e+01 2.221156e+01 54637
0.614597 7.187269e+01 7.197022e+01 2.240744e+01 54955
0.615060 6.719844e+01 6.758888e+01 2.111679e+01 51446
0.615525 6.596688e+01 6.609188e+01 2.057522e+01 50567
0.615994 6.723343e+01 6.746209e+01 2.108719e+01 51603
0.616452 7.372648e+01 7.397259e+01 2.318888e+01 56658
0.616925 6.666632e+01 6.666519e+01 2.094141e+01 51297
0.617389 6.704313e+01 6.736886e+01 2.117855e+01 51652
0.617858 7.135463e+01 7.158088e+01 2.259978e+01 55043
0.618322 6.828832e+01 6.831708e+01 2.166671e+01 52744
0.618797 6.180040e+01 6.184848e+01 1.960903e+01 47793
0.619258 6.782102e+01 6.792003e+01 2.155671e+01 52515
0.619721 6.675172e+01 6.689487e+01 2.135418e+01 51752
0.620190 6.423966e+01 6.437374e+01 2.127350e+01 49867
0.620658 6.426073e+01 6.420238e+01 2.130864e+01 49946
0.621119 6.316762e+01 6.325550e+01 2.105552e+01 49158
0.621587 6.621610e+01 6.630487e+01 2.213122e+01 51595
0.622053 6.372348e+01 6.379279e+01 2.140117e+01 49715
0.622523 6.688900e+01 6.693975e+01 2.257624e+01 52250
0.622986 6.477117e+01 6.506890e+01 2.188445e+01 50659
0.623458 6.121177e+01 6.145740e+01 2.086237e+01 47935
0.623923 5.541398e+01 5.562550e+01 1.884839e+01 43449
0.624391 5.928976e+01 5.948267e+01 2.020760e+01 46546
0.624867 5.941174e+01 5.941091e+01 2.021260e+01 46700
0.625341 5.891839e+01 5.896353e+01 2.022859e+01 46370
0.625798 5.663943e+01 5.691972e+01 1.952373e+01 44632
0.626269 5.656512e+01 5.653287e+01 1.945860e+01 44629
0.626743 5.657324e+01 5.686755e+01 1.965314e+01 44691
0.627212 5.477588e+01 5.508511e+01 1.910768e+01 43325
0.627678 5.722697e+01 5.732840e+01 1.988937e+01 45320
0.628150 5.944492e+01 5.982533e+01 2.071792e+01 47135
0.628614 5.631789e+01 5.635950e+01 1.959337e+01 44711
0.629084 5.720290e+01 5.742676e+01 1.995032e+01 45470
0.629559 5.693851e+01 5.700349e+01 1.985080e+01 45316
0.630023 6.052357e+01 6.066255e+01 2.128346e+01 48229
0.630493 5.867514e+01 5.872952e+01 2.080434e+01 46814
0.630970 5.626917e+01 5.648239e+01 2.004748e+01 44950
0.631448 5.758741e+01 5.805254e+01 2.058211e+01 46060
0.631912 5.545961e+01 5.545358e+01 1.975745e+01 44413
0.632373 5.736293e+01 5.738328e+01 2.044198e+01 45994
0.632851 5.639901e+01 5.645464e+01 2.013617e+01 45277
0.633318 5.739193e+01 5.786539e+01 2.054452e+01 46131
0.633785 5.567106e+01 5.580907e+01 1.999381e+01 44803
0.634259 5.628258e+01 5.682031e+01 2.041667e+01 45351
0.634742 5.588978e+01 5.606953e+01 2.013546e+01 45090
0.635205 5.406803e+01 5.438948e+01 1.955134e+01 43674
0.635669 5.440465e+01 5.469220e+01 1.974844e+01 44000
0.636140 5.340912e+01 5.385083e+01 1.955242e+01 43248
0.636618 5.417857e+01 5.439493e+01 1.971412e+01 43925
0.637077 5.416506e+01 5.460417e+01 1.988788e+01 43968
0.637567 5.544101e+01 5.577714e+01 2.029330e+01 45059
0.638033 4.735570e+01 4.771156e+01 1.747261e+01 38535
0.638501 5.206245e+01 5.253592e+01 1.925152e+01 42417
0.638975 5.246700e+01 5.270148e+01 1.939490e+01 42799
0.639456 4.982302e+01 4.990208e+01 1.840732e+01 40692
0.639931 5.604290e+01 5.643502e+01 2.086678e+01 45828
0.640389 5.315908e+01 5.343589e+01 2.014242e+01 43523
0.640868 5.441167e+01 5.510771e+01 2.069574e+01 44603
0.641338 4.850171e+01 4.886751e+01 1.841562e+01 39807
0.641804 5.128167e+01 5.158556e+01 1.937697e+01 42140
0.642290 5.087883e+01 5.118352e+01 1.935714e+01 41860
0.642763 4.803321e+01 4.838497e+01 1.829681e+01 39567
0.643226 5.022270e+01 5.055145e+01 1.920706e+01 41421
0.643700 5.142590e+01 5.167417e+01 1.965368e+01 42465
0.644181 4.775408e+01 4.808468e+01 1.816159e+01 39481
0.644653 4.879056e+01 4.925916e+01 1.867333e+01 40387
0.645138 4.876509e+01 4.903129e+01 1.870589e+01 40415
0.645602 5.260093e+01 5.299431e+01 2.017989e+01 43647
0.646071 4.920773e+01 4.947651e+01 1.898334e+01 40881
0.646551 4.771022e+01 4.773721e+01 1.832714e+01 39685
0.647025 4.881716e+01 4.902962e+01 1.883880e+01 40655
0.647506 5.087484e+01 5.080546e+01 1.967207e+01 42420
0.647971 4.503839e+01 4.551087e+01 1.746232e+01 37599
0.648441 4.871553e+01 4.881661e+01 1.898135e+01 40718
0.648916 4.876181e+01 4.880539e+01 1.879736e+01 40806
0.649412 4.318167e+01 4.357789e+01 1.700679e+01 36180
0.649878 4.193627e+01 4.216109e+01 1.657322e+01 35179
0.650349 4.567073e+01 4.608267e+01 1.847369e+01 38358
0.650828 4.285194e+01 4.313943e+01 1.735043e+01 36034
0.651299 4.707630e+01 4.718880e+01 1.907008e+01 39634
0.651783 4.589139e+01 4.619695e+01 1.864706e+01 38683
0.652255 4.302317e+01 4.353298e+01 1.759279e+01 36309
0.652729 4.108020e+01 4.147971e+01 1.696750e+01 34711
0.653203 4.398008e+01 4.422543e+01 1.816843e+01 37206
0.653679 4.481391e+01 4.519006e+01 1.848139e+01 37957
0.654163 4.601834e+01 4.645240e+01 1.911108e+01 39024
0.654639 4.577821e+01 4.607723e+01 1.875841e+01 38867
0.655126 3.849078e+01 3.886391e+01 1.586516e+01 32719
0.655599 4.104608e+01 4.145796e+01 1.708180e+01 34933
0.656078 4.467611e+01 4.473104e+01 1.843309e+01 38068
0.656548 4.209307e+01 4.197189e+01 1.740210e+01 35910
0.657034 4.086842e+01 4.128117e+01 1.706869e+01 34907
0.657501 4.217954e+01 4.267508e+01 1.764439e+01 36070
0.657974 4.286497e+01 4.315225e+01 1.793424e+01 36700
0.658452 3.951000e+01 3.965136e+01 1.644239e+01 33868
0.658939 4.175129e+01 4.233796e+01 1.753584e+01 35832
0.659415 4.210999e+01 4.237347e+01 1.740821e+01 36183
0.659887 4.127283e+01 4.145130e+01 1.718749e+01 35506
0.660380 4.376633e+01 4.402975e+01 1.858691e+01 37696
0.660852 3.708565e+01 3.734120e+01 1.581868e+01 31980
0.661335 4.251088e+01 4.255357e+01 1.803182e+01 36702
0.661811 4.049360e+01 4.078119e+01 1.734980e+01 35002
0.662284 4.086608e+01 4.114823e+01 1.751552e+01 35366
0.662760 4.097912e+01 4.128811e+01 1.749264e+01 35506
0.663243 4.223542e+01 4.245672e+01 1.810549e+01 36638
0.663731 4.282549e+01 4.325028e+01 1.835991e+01 37194
0.664210 3.927973e+01 3.947854e+01 1.710400e+01 34155
0.664684 3.819708e+01 3.853221e+01 1.641965e+01 33253
0.665165 3.802908e+01 3.839347e+01 1.645488e+01 33146
0.665649 3.625366e+01 3.626655e+01 1.560718e+01 31636
0.666123 3.821613e+01 3.825087e+01 1.644413e+01 33388
0.666605 3.534597e+01 3.553387e+01 1.530283e+01 30917
0.667088 3.980902e+01 4.023037e+01 1.740247e+01 34862
0.667559 3.590009e+01 3.625072e+01 1.564314e+01 31476
0.668047 4.077683e+01 4.112057e+01 1.783999e+01 35794
0.668523 3.701588e+01 3.757494e+01 1.645351e+01 32531
0.669010 3.495720e+01 3.522846e+01 1.548895e+01 30758
0.669500 3.723293e+01 3.752613e+01 1.630763e+01 32799
0.669966 3.619357e+01 3.662677e+01 1.634931e+01 31921
0.670454 3.510228e+01 3.529616e+01 1.604046e+01 30995
0.670933 3.506666e+01 3.529175e+01 1.604815e+01 31000
0.671408 3.747835e+01 3.780713e+01 1.730182e+01 33171
0.671890 3.257603e+01 3.285983e+01 1.489421e+01 28866
0.672381 3.427368e+01 3.459751e+01 1.576736e+01 30406
0.672855 3.304679e+01 3.322938e+01 1.519076e+01 29352
0.673356 3.234793e+01 3.257606e+01 1.490847e+01 28765
0.673830 3.238304e+01 3.249816e+01 1.465300e+01 28830
0.674313 3.469442e+01 3.483987e+01 1.584598e+01 30924
0.674794 3.428962e+01 3.446733e+01 1.581804e+01 30599
0.675276 3.532963e+01 3.575901e+01 1.633083e+01 31564
0.675759 3.212888e+01 3.215624e+01 1.465212e+01 28738
0.676240 3.189592e+01 3.209598e+01 1.473743e+01 28563
0.676728 3.298744e+01 3.312130e+01 1.503208e+01 29575
0.677208 3.568402e+01 3.575797e+01 1.651719e+01 32030
0.677692 3.481449e+01 3.519061e+01 1.615820e+01 31286
0.678175 3.553638e+01 3.590099e+01 1.630396e+01 31972
0.678660 3.370980e+01 3.384332e+01 1.549622e+01 30364
0.679145 3.313274e+01 3.330253e+01 1.514767e+01 29879
0.679622 3.432916e+01 3.467832e+01 1.600886e+01 30994
0.680117 3.059524e+01 3.094314e+01 1.431694e+01 27655
0.680608 3.234210e+01 3.239274e+01 1.517379e+01 29268
0.681074 3.375155e+01 3.411598e+01 1.611032e+01 30579
0.681574 3.069270e+01 3.111245e+01 1.459612e+01 27840
0.682050 3.110638e+01 3.151414e+01 1.485449e+01 28248
0.682537 3.180505e+01 3.221684e+01 1.525737e+01 28916
0.683028 3.058935e+01 3.088223e+01 1.457091e+01 27843
0.683501 3.367153e+01 3.409341e+01 1.608028e+01 30684
0.683992 3.091534e+01 3.101407e+01 1.464946e+01 28205
0.684489 2.897786e+01 2.929881e+01 1.381369e+01 26468
0.684974 2.959830e+01 3.024682e+01 1.440230e+01 27066
0.685453 3.369298e+01 3.393824e+01 1.610837e+01 30846
0.685937 2.947868e+01 2.966188e+01 1.419732e+01 27019
0.686417 3.190428e+01 3.203227e+01 1.522874e+01 29276
0.686907 2.841905e+01 2.884696e+01 1.365556e+01 26108
0.687405 2.930720e+01 2.947650e+01 1.393545e+01 26955
0.687875 3.059184e+01 3.090523e+01 1.478349e+01 28169
0.688369 3.042644e+01 3.124970e+01 1.483911e+01 28049
0.688858 2.931117e+01 2.994052e+01 1.423122e+01 27052
0.689332 2.858696e+01 2.896550e+01 1.390986e+01 26414
0.689835 2.837573e+01 2.891073e+01 1.383503e+01 26249
0.690314 2.827187e+01 2.859985e+01 1.418914e+01 26183
0.690805 2.547403e+01 2.583899e+01 1.281579e+01 23619
0.691290 2.782240e+01 2.848929e+01 1.392689e+01 25826
0.691786 2.711257e+01 2.739194e+01 1.357945e+01 25196
0.692268 2.796822e+01 2.846313e+01 1.423506e+01 26021
0.692756 2.975272e+01 3.010541e+01 1.499159e+01 27713
0.693242 2.985484e+01 3.009573e+01 1.492082e+01 27840
0.693734 2.877738e+01 2.903101e+01 1.449906e+01 26866
0.694224 2.724979e+01 2.746492e+01 1.367201e+01 25469
0.694708 2.655071e+01 2.687872e+01 1.350884e+01 24844
0.695206 2.678405e+01 2.722020e+01 1.364018e+01 25091
0.695690 2.491311e+01 2.495911e+01 1.246726e+01 23365
0.696163 2.705630e+01 2.762122e+01 1.397887e+01 25404
0.696664 2.571481e+01 2.600896e+01 1.321614e+01 24172
0.697159 2.486516e+01 2.510466e+01 1.258709e+01 23400
0.697645 2.430507e+01 2.456302e+01 1.230289e+01 22899
0.698125 2.735197e+01 2.794649e+01 1.405844e+01 25799
0.698633 2.521558e+01 2.568433e+01 1.294364e+01 23811
0.699120 2.591572e+01 2.627256e+01 1.317130e+01 24500
0.699605 2.417566e+01 2.461347e+01 1.251767e+01 22881
0.700117 2.336194e+01 2.350743e+01 1.208320e+01 22136
0.700589 2.570417e+01 2.646026e+01 1.341997e+01 24383
0.701076 2.598669e+01 2.621701e+01 1.340964e+01 24679
0.701580 2.351285e+01 2.393360e+01 1.233590e+01 22355
0.702063 2.521970e+01 2.570910e+01 1.330299e+01 24005
0.702545 2.500224e+01 2.519818e+01 1.300036e+01 23825
0.703046 2.286910e+01 2.333549e+01 1.186380e+01 21817
0.703532 2.552888e+01 2.584955e+01 1.326993e+01 24382
0.704020 2.514965e+01 2.573336e+01 1.313469e+01 24047
0.704520 2.326798e+01 2.335613e+01 1.196061e+01 22273
0.705016 2.350988e+01 2.396006e+01 1.214077e+01 22530
0.705515 2.505098e+01 2.549991e+01 1.329228e+01 24034
0.705990 2.413567e+01 2.432739e+01 1.243581e+01 23182
0.706492 2.314753e+01 2.332326e+01 1.192754e+01 22258
0.706970 2.481779e+01 2.514529e+01 1.311091e+01 23891
0.707467 2.310578e+01 2.351819e+01 1.195704e+01 22268
0.707959 2.294607e+01 2.308550e+01 1.199515e+01 22139
0.708458 2.332298e+01 2.379350e+01 1.235064e+01 22528
0.708964 2.315405e+01 2.368267e+01 1.226666e+01 22390
0.709443 2.379946e+01 2.422259e+01 1.253355e+01 23040
0.709940 2.139648e+01 2.152712e+01 1.112082e+01 20737
0.710434 2.223718e+01 2.253597e+01 1.192441e+01 21576
0.710929 2.309450e+01 2.346602e+01 1.241439e+01 22433
0.711414 2.228502e+01 2.257694e+01 1.186762e+01 21671
0.711912 2.205974e+01 2.246810e+01 1.191187e+01 21476
0.712398 2.340376e+01 2.356442e+01 1.236970e+01 22810
0.712917 2.159530e+01 2.200913e+01 1.181885e+01 21071
0.713384 2.308115e+01 2.309578e+01 1.219146e+01 22546
0.713889 2.107969e+01 2.144444e+01 1.125967e+01 20614
0.714379 2.020629e+01 2.021390e+01 1.077606e+01 19782
0.714875 2.007455e+01 2.033259e+01 1.092217e+01 19675
0.715370 2.148510e+01 2.169149e+01 1.163435e+01 21081
0.715870 2.291997e+01 2.304950e+01 1.219741e+01 22514
0.716357 2.070910e+01 2.103301e+01 1.105890e+01 20365
0.716877 2.153419e+01 2.179628e+01 1.150790e+01 21200
0.717345 2.048035e+01 2.094994e+01 1.098005e+01 20185
0.717847 2.150045e+01 2.164471e+01 1.152355e+01 21214
0.718354 2.267620e+01 2.313136e+01 1.227517e+01 22399
0.718841 1.958588e+01 1.979979e+01 1.063629e+01 19368
0.719352 1.886814e+01 1.913448e+01 1.020951e+01 18679
0.719831 1.960293e+01 1.984950e+01 1.057390e+01 19428
0.720318 2.054874e+01 2.125319e+01 1.158554e+01 20388
0.720824 1.976483e+01 2.011220e+01 1.103760e+01 19632
0.721327 1.907114e+01 1.934943e+01 1.065225e+01 18964
0.721817 1.957437e+01 1.979528e+01 1.085503e+01 19486
0.722315 1.920049e+01 1.946846e+01 1.058079e+01 19135
0.722823 1.757253e+01 1.773714e+01 9.747554e+00 17532
0.723324 2.064480e+01 2.090317e+01 1.158672e+01 20620
0.723799 1.896882e+01 1.966135e+01 1.072424e+01 18967
0.724313 1.971009e+01 2.010980e+01 1.089782e+01 19730
0.724802 1.763367e+01 1.777652e+01 9.758561e+00 17671
0.725308 1.826211e+01 1.866920e+01 1.002195e+01 18321
0.725804 1.862729e+01 1.883836e+01 1.040358e+01 18708
0.726309 1.977142e+01 2.031183e+01 1.127452e+01 19879
0.726802 1.767124e+01 1.781244e+01 9.902069e+00 17787
0.727314 1.767460e+01 1.790928e+01 9.658862e+00 17810
0.727800 1.753321e+01 1.790519e+01 9.814180e+00 17687
0.728293 1.819717e+01 1.835704e+01 9.950666e+00 18377
0.728799 1.816727e+01 1.849468e+01 1.016590e+01 18367
0.729293 1.840320e+01 1.883985e+01 1.033937e+01 18626
0.729803 1.861788e+01 1.904081e+01 1.039350e+01 18864
0.730303 1.941276e+01 1.986285e+01 1.097729e+01 19691
0.730792 1.713629e+01 1.748330e+01 9.690098e+00 17401
0.731292 1.839829e+01 1.872333e+01 1.033509e+01 18703
0.731784 1.788190e+01 1.803337e+01 9.988331e+00 18198
0.732311 1.745791e+01 1.781693e+01 9.946384e+00 17786
0.732791 1.703190e+01 1.704785e+01 9.282547e+00 17371
0.733277 1.626499e+01 1.650813e+01 9.255903e+00 16607
0.733799 1.928200e+01 1.970221e+01 1.077487e+01 19709
0.734292 1.756928e+01 1.771456e+01 9.781016e+00 17978
0.734806 1.856533e+01 1.923351e+01 1.046971e+01 19018
0.735294 1.651581e+01 1.657630e+01 9.169137e+00 16937
0.735797 1.661273e+01 1.665164e+01 9.373022e+00 17055
0.736289 1.742361e+01 1.775832e+01 9.643664e+00 17907
0.736792 1.484840e+01 1.529418e+01 8.380388e+00 15277
0.737297 1.617302e+01 1.631780e+01 9.041214e+00 16658
0.737804 1.780993e+01 1.827172e+01 1.015629e+01 18364
0.738307 1.805503e+01 1.841751e+01 1.020491e+01 18637
0.738805 1.568867e+01 1.589490e+01 8.721238e+00 16212
0.739299 1.507711e+01 1.516501e+01 8.485914e+00 15597
0.739811 1.570383e+01 1.577971e+01 8.867766e+00 16263
0.740300 1.852744e+01 1.863734e+01 1.046215e+01 19208
0.740824 1.740409e+01 1.734814e+01 9.769592e+00 18063
0.741309 1.567393e+01 1.583729e+01 8.865563e+00 16285
0.741826 1.568771e+01 1.573501e+01 8.960391e+00 16317
0.742311 1.609232e+01 1.632054e+01 9.217274e+00 16756
0.742824 1.569211e+01 1.561217e+01 8.898512e+00 16357
0.743341 1.506180e+01 1.524608e+01 8.666161e+00 15717
0.743821 1.490288e+01 1.517287e+01 8.320328e+00 15568
0.744351 1.624463e+01 1.646500e+01 9.206088e+00 16988
0.744856 1.483629e+01 1.508835e+01 8.463734e+00 15532
0.745352 1.590421e+01 1.612647e+01 9.087411e+00 16668
0.745854 1.585749e+01 1.621559e+01 9.173105e+00 16637
0.746358 1.440364e+01 1.488343e+01 8.471555e+00 15128
0.746862 1.321541e+01 1.357706e+01 7.524930e+00 13895
0.747372 1.480108e+01 1.503731e+01 8.352077e+00 15579
0.747882 1.652568e+01 1.716554e+01 9.684075e+00 17413
0.748386 1.489436e+01 1.543176e+01 8.425001e+00 15711
0.748875 1.400425e+01 1.429593e+01 8.108386e+00 14788
0.749388 1.471098e+01 1.524331e+01 8.557629e+00 15551
0.749890 1.315109e+01 1.321918e+01 7.565073e+00 13917
0.750384 1.352115e+01 1.393711e+01 8.220989e+00 14324
0.750904 1.383949e+01 1.401014e+01 8.191473e+00 14677
0.751416 1.459890e+01 1.494219e+01 8.439536e+00 15499
0.751938 1.520801e+01 1.576115e+01 8.984955e+00 16163
0.752418 1.395103e+01 1.438903e+01 8.119494e+00 14843
0.752940 1.454261e+01 1.466956e+01 8.414528e+00 15489
0.753446 1.222264e+01 1.233396e+01 7.204704e+00 13032
0.753932 1.533783e+01 1.569409e+01 8.980147e+00 16371
0.754450 1.218152e+01 1.242451e+01 7.239892e+00 13016
0.754971 1.438605e+01 1.478797e+01 8.517498e+00 15388
0.755465 1.306604e+01 1.326147e+01 7.598148e+00 13991
0.755966 1.460068e+01 1.488007e+01 8.314430e+00 15651
0.756488 1.323944e+01 1.340675e+01 7.614063e+00 14207
0.756993 1.321880e+01 1.345399e+01 7.596700e+00 14200
0.757495 1.351902e+01 1.370578e+01 7.649786e+00 14538
0.758018 1.436757e+01 1.477978e+01 8.371261e+00 15467
0.758516 1.326103e+01 1.346887e+01 7.604546e+00 14291
0.759037 1.401442e+01 1.418763e+01 8.073440e+00 15119
0.759534 1.334301e+01 1.341522e+01 7.702758e+00 14410
0.760047 1.201351e+01 1.225005e+01 7.113536e+00 12988
0.760548 1.226408e+01 1.237924e+01 7.087830e+00 13273
0.761056 1.348142e+01 1.382114e+01 8.081088e+00 14606
0.761564 1.254876e+01 1.283712e+01 7.551395e+00 13610
0.762086 1.212558e+01 1.256254e+01 7.307799e+00 13165
0.762584 1.351859e+01 1.390719e+01 8.164963e+00 14693
0.763080 1.184713e+01 1.205006e+01 7.025844e+00 12890
0.763604 1.422537e+01 1.467850e+01 8.549867e+00 15494
0.764119 1.290612e+01 1.302998e+01 7.535960e+00 14072
0.764613 1.257363e+01 1.267215e+01 7.183527e+00 13724
0.765120 1.246789e+01 1.257446e+01 7.332630e+00 13623
0.765641 1.226638e+01 1.266367e+01 7.205403e+00 13417
0.766168 1.212556e+01 1.202438e+01 6.965519e+00 13277
0.766674 1.379049e+01 1.407100e+01 8.128820e+00 15116
0.767182 1.186575e+01 1.177131e+01 6.830190e+00 13020
0.767697 1.132248e+01 1.156350e+01 6.663694e+00 12437
0.768214 1.307665e+01 1.330308e+01 7.588472e+00 14379
0.768709 1.332995e+01 1.364521e+01 7.997983e+00 14673
0.769226 1.280771e+01 1.275437e+01 7.412197e+00 14113
0.769731 1.202818e+01 1.214328e+01 7.105586e+00 13268
0.770246 1.201009e+01 1.221868e+01 7.110297e+00 13262
0.770764 1.268771e+01 1.278098e+01 7.481574e+00 14025
0.771268 1.157096e+01 1.186441e+01 6.794381e+00 12804
0.771783 1.163644e+01 1.167303e+01 6.676551e+00 12890
0.772304 1.288584e+01 1.335784e+01 7.846818e+00 14289
0.772804 1.041118e+01 1.051781e+01 6.257290e+00 11557
0.773321 1.195531e+01 1.224354e+01 7.132743e+00 13285
0.773854 1.278870e+01 1.313321e+01 7.696247e+00 14226
0.774356 1.090023e+01 1.117213e+01 6.489320e+00 12138
0.774854 1.154996e+01 1.160770e+01 6.549339e+00 12875
0.775391 1.162032e+01 1.198146e+01 6.974186e+00 12967
0.775890 1.043902e+01 1.068444e+01 6.258030e+00 11661
0.776406 1.141270e+01 1.182689e+01 6.915360e+00 12762
0.776935 1.127660e+01 1.140292e+01 6.580647e+00 12623
0.777437 1.162713e+01 1.182030e+01 6.745734e+00 13029
0.777931 1.062100e+01 1.096698e+01 6.357649e+00 11914
0.778449 1.016020e+01 1.028164e+01 5.905411e+00 11409
0.778981 1.049833e+01 1.068090e+01 6.186536e+00 11801
0.779495 1.089796e+01 1.089153e+01 6.331533e+00 12263
0.780010 1.177259e+01 1.198726e+01 7.079693e+00 13261
0.780536 1.108900e+01 1.139407e+01 6.757043e+00 12504
0.781023 1.138044e+01 1.165975e+01 6.995346e+00 12846
0.781575 9.003020e+00 9.156566e+00 5.400283e+00 10173
0.782079 9.703570e+00 9.703293e+00 5.820106e+00 10976
0.782574 9.358772e+00 9.748910e+00 5.809939e+00 10597
0.783119 1.013424e+01 1.039986e+01 6.174274e+00 11487
0.783634 1.074153e+01 1.082941e+01 6.491967e+00 12188
0.784119 8.694006e+00 9.013106e+00 5.226893e+00 9875
0.784664 8.814276e+00 8.821801e+00 5.196065e+00 10022
0.785190 9.978925e+00 1.013787e+01 6.220611e+00 11358
0.785659 1.007391e+01 1.009763e+01 5.932045e+00 11478
0.786199 1.176440e+01 1.211830e+01 7.145256e+00 13418
0.786711 9.136921e+00 9.461728e+00 5.584982e+00 10432
0.787216 1.062451e+01 1.095212e+01 6.436816e+00 12143
0.787753 1.126906e+01 1.135391e+01 6.789862e+00 12893
0.788288 9.170609e+00 9.184822e+00 5.463444e+00 10503
0.788805 1.046775e+01 1.068514e+01 6.316908e+00 12001
0.789321 1.028181e+01 1.038223e+01 6.236670e+00 11800
0.789814 1.058979e+01 1.096837e+01 6.491169e+00 12166
0.790355 8.888475e+00 9.020057e+00 5.517659e+00 10222
0.790859 8.497979e+00 8.687932e+00 5.209192e+00 9783
0.791373 9.027232e+00 9.277754e+00 5.610436e+00 10403
0.791881 8.674663e+00 8.742808e+00 5.306147e+00 10007
0.792414 1.003223e+01 1.037428e+01 6.420043e+00 11585
0.792946 9.157705e+00 9.263492e+00 5.620160e+00 10586
0.793441 1.023112e+01 1.042994e+01 6.405118e+00 11839
0.793953 9.671550e+00 9.849167e+00 5.991224e+00 11203
0.794503 9.310616e+00 9.649979e+00 5.845074e+00 10796
0.795031 8.604946e+00 8.670553e+00 5.288336e+00 9988
0.795535 9.494632e+00 9.659677e+00 5.901194e+00 11032
0.796051 8.507348e+00 8.603503e+00 5.325284e+00 9895
0.796581 8.256426e+00 8.426094e+00 5.135045e+00 9613
0.797095 8.054920e+00 8.258176e+00 4.987184e+00 9388
0.797622 9.134364e+00 9.593443e+00 5.767309e+00 10657
0.798148 9.718397e+00 9.903510e+00 5.953376e+00 11350
0.798687 9.779454e+00 9.968651e+00 5.972655e+00 11433
0.799178 9.707935e+00 9.960082e+00 6.128509e+00 11361
0.799718 8.895611e+00 9.209994e+00 5.525045e+00 10421
0.800205 9.733311e+00 1.003994e+01 6.232658e+00 11414
0.800732 7.253773e+00 7.378679e+00 4.590659e+00 8515
0.801259 8.096536e+00 8.153105e+00 5.000520e+00 9514
0.801780 9.128009e+00 9.239521e+00 5.755307e+00 10737
0.802322 9.773502e+00 9.991023e+00 6.066417e+00 11508
0.802848 7.768927e+00 7.936136e+00 4.872623e+00 9157
0.803348 7.722031e+00 7.785208e+00 4.750201e+00 9111
0.803874 8.354271e+00 8.412158e+00 5.224038e+00 9867
0.804428 8.703560e+00 8.818794e+00 5.403968e+00 10290
0.804939 8.937220e+00 8.987714e+00 5.413904e+00 10577
0.805457 8.327979e+00 8.340728e+00 5.049678e+00 9866
0.805995 8.494076e+00 8.623339e+00 5.248826e+00 10073
0.806488 9.568778e+00 9.581652e+00 5.837654e+00 11359
0.807012 8.589616e+00 8.954062e+00 5.473933e+00 10207
0.807546 8.647322e+00 8.845988e+00 5.391905e+00 10286
0.808056 8.269872e+00 8.408563e+00 5.173037e+00 9847
0.808597 8.302606e+00 8.511559e+00 5.211900e+00 9896
0.809131 7.900278e+00 7.938499e+00 4.865130e+00 9426
0.809641 7.808556e+00 7.945023e+00 4.852923e+00 9326
0.810151 8.416281e+00 8.596673e+00 5.380914e+00 10062
0.810682 7.295595e+00 7.647172e+00 4.851950e+00 8731
0.811210 8.256538e+00 8.345894e+00 5.237151e+00 9891
0.811730 8.707685e+00 8.879019e+00 5.567502e+00 10442
0.812281 9.503641e+00 9.872328e+00 6.171935e+00 11408
0.812800 7.695611e+00 7.885669e+00 5.025360e+00 9247
0.813313 8.071954e+00 8.185402e+00 5.090452e+00 9709
0.813847 8.364479e+00 8.404104e+00 5.246652e+00 10071
0.814368 8.193431e+00 8.314730e+00 5.256297e+00 9875
0.814903 7.126704e+00 7.175277e+00 4.550569e+00 8598
0.815415 6.961377e+00 7.017364e+00 4.463977e+00 8407
0.815931 7.845284e+00 7.765977e+00 4.877811e+00 9484
0.816470 6.649888e+00 6.853252e+00 4.269498e+00 8047
0.816996 8.689748e+00 8.924468e+00 5.571371e+00 10526
0.817535 7.582493e+00 7.758391e+00 4.908913e+00 9194
0.818056 7.481783e+00 7.575143e+00 4.763986e+00 9081
0.818585 7.084144e+00 7.152161e+00 4.506450e+00 8607
0.819094 8.294782e+00 8.377838e+00 5.291710e+00 10088
0.819625 6.218959e+00 6.326731e+00 4.016093e+00 7571
0.820165 8.070559e+00 8.198958e+00 5.386918e+00 9835
0.820698 7.201716e+00 7.246750e+00 4.764628e+00 8785
0.821239 7.142097e+00 7.299358e+00 4.855924e+00 8721
0.821747 6.478810e+00 6.604312e+00 4.299635e+00 7919
0.822277 7.322344e+00 7.393097e+00 4.921297e+00 8959
0.822811 6.116405e+00 6.250050e+00 4.112271e+00 7491
0.823342 7.359111e+00 7.472685e+00 4.849726e+00 9022
0.823871 7.856986e+00 8.037568e+00 5.239617e+00 9642
0.824385 6.406636e+00 6.455128e+00 4.197951e+00 7870
0.824902 6.989852e+00 7.125497e+00 4.630213e+00 8595
0.825456 7.828631e+00 8.013674e+00 5.259514e+00 9636
0.825988 6.693484e+00 6.715425e+00 4.431672e+00 8247
0.826499 6.943849e+00 7.149867e+00 4.686578e+00 8564
0.827047 7.000119e+00 7.085388e+00 4.621261e+00 8642
0.827568 5.976794e+00 6.257070e+00 4.070250e+00 7386
0.828086 6.678204e+00 6.822786e+00 4.484388e+00 8261
0.828636 6.455131e+00 6.456667e+00 4.213097e+00 7993
0.829175 5.976745e+00 6.092077e+00 3.985226e+00 7408
0.829697 5.136607e+00 5.209188e+00 3.412694e+00 6373
0.830223 6.145251e+00 6.263045e+00 4.268403e+00 7632
0.830752 5.815790e+00 5.866772e+00 3.959807e+00 7230
0.831274 5.965923e+00 6.173039e+00 4.223034e+00 7424
0.831820 6.201657e+00 6.279325e+00 4.247621e+00 7725
0.832366 6.681533e+00 6.838788e+00 4.644492e+00 8331
0.832870 6.620438e+00 6.737945e+00 4.572049e+00 8263
0.833430 5.962345e+00 6.134149e+00 4.165106e+00 7449
0.833938 5.982038e+00 6.114361e+00 4.136716e+00 7481
0.834499 6.187819e+00 6.275194e+00 4.269924e+00 7746
0.835011 6.218417e+00 6.160815e+00 4.165856e+00 7792
0.835553 5.680503e+00 5.831936e+00 3.970047e+00 7125
0.836072 5.015414e+00 5.162998e+00 3.505037e+00 6297
0.836609 6.393379e+00 6.484873e+00 4.380683e+00 8035
0.837155 5.837001e+00 5.944629e+00 4.044605e+00 7343
0.837673 6.610285e+00 6.842672e+00 4.659267e+00 8324
0.838210 5.345535e+00 5.358394e+00 3.617586e+00 6738
0.838754 5.562982e+00 5.688713e+00 3.880344e+00 7019
0.839318 5.308098e+00 5.396288e+00 3.606009e+00 6704
0.839817 5.171572e+00 5.234302e+00 3.599615e+00 6538
0.840363 5.489690e+00 5.640950e+00 4.002198e+00 6947
0.840905 5.148782e+00 5.051215e+00 3.597289e+00 6522
0.841412 4.881886e+00 5.039961e+00 3.554326e+00 6190
0.841940 5.167042e+00 5.159937e+00 3.670456e+00 6558
0.842493 5.173780e+00 5.295173e+00 3.755739e+00 6573
0.843038 5.104226e+00 5.296693e+00 3.767809e+00 6491
0.843570 5.122006e+00 5.354252e+00 3.809978e+00 6520
0.844102 5.810764e+00 5.899582e+00 4.148450e+00 7404
0.844628 5.456959e+00 5.608005e+00 3.933357e+00 6960
0.845170 5.491566e+00 5.486854e+00 3.876851e+00 7011
0.845716 5.754596e+00 5.669939e+00 4.006353e+00 7354
0.846221 5.256469e+00 5.355128e+00 3.810602e+00 6724
0.846756 5.514524e+00 5.602922e+00 3.950389e+00 7061
0.847339 4.918511e+00 5.126105e+00 3.636820e+00 6304
0.847869 5.044659e+00 5.101166e+00 3.571779e+00 6472
0.848387 5.220395e+00 5.317399e+00 3.786662e+00 6704
0.848942 5.237086e+00 5.435645e+00 3.847597e+00 6732
0.849475 4.104292e+00 3.985971e+00 2.807000e+00 5281
0.849997 4.968335e+00 4.999251e+00 3.561642e+00 6399
0.850565 4.899892e+00 4.987082e+00 3.616975e+00 6317
0.851121 4.971839e+00 5.029065e+00 3.640935e+00 6416
0.851596 5.337824e+00 5.323971e+00 3.856408e+00 6895
0.852147 5.017857e+00 4.954618e+00 3.590928e+00 6488
0.852725 4.903263e+00 5.041540e+00 3.630682e+00 6346
0.853232 4.047862e+00 4.190478e+00 3.031457e+00 5244
0.853777 5.145911e+00 5.159972e+00 3.717637e+00 6673
0.854332 5.394380e+00 5.562057e+00 3.999824e+00 7002
0.854838 4.714157e+00 4.764987e+00 3.425677e+00 6125
0.855368 4.872595e+00 5.024479e+00 3.634216e+00 6337
0.855947 4.761098e+00 4.926969e+00 3.551884e+00 6198
0.856440 4.390426e+00 4.499237e+00 3.260919e+00 5721
0.856991 4.511911e+00 4.545646e+00 3.314970e+00 5885
0.857567 4.448567e+00 4.519206e+00 3.270011e+00 5808
0.858102 4.301938e+00 4.259986e+00 3.071751e+00 5622
0.858648 5.153971e+00 5.211307e+00 3.748407e+00 6742
0.859180 4.120262e+00 4.275690e+00 3.073368e+00 5395
0.859684 4.323813e+00 4.492599e+00 3.258493e+00 5667
0.860286 4.696950e+00 4.667122e+00 3.432372e+00 6162
0.860800 5.089164e+00 5.218786e+00 3.824456e+00 6683
0.861338 4.407167e+00 4.471883e+00 3.273154e+00 5793
0.861842 4.547326e+00 4.558030e+00 3.349549e+00 5983
0.862407 3.921071e+00 3.904757e+00 2.862455e+00 5164
0.862945 4.376234e+00 4.335488e+00 3.175103e+00 5769
0.863513 4.872201e+00 5.012862e+00 3.701157e+00 6429
0.864049 4.629778e+00 4.650220e+00 3.396485e+00 6115
0.864604 4.447574e+00 4.491946e+00 3.281873e+00 5880
0.865106 4.252872e+00 4.308181e+00 3.163561e+00 5628
0.865682 5.236999e+00 5.389788e+00 3.953011e+00 6937
0.866234 3.973944e+00 3.929346e+00 2.888056e+00 5269
0.866776 5.205851e+00 5.195123e+00 3.839240e+00 6909
0.867325 4.364534e+00 4.326801e+00 3.181601e+00 5798
0.867847 4.455859e+00 4.588515e+00 3.394595e+00 5925
0.868396 3.211154e+00 3.217792e+00 2.351734e+00 4274
0.868909 3.244107e+00 3.300072e+00 2.425107e+00 4322
0.869490 4.393573e+00 4.527824e+00 3.324136e+00 5859
0.870051 4.112177e+00 4.254886e+00 3.227160e+00 5489
0.870594 4.135187e+00 4.127326e+00 3.157932e+00 5525
0.871122 4.652404e+00 4.708090e+00 3.600692e+00 6222
0.871614 3.460196e+00 3.497682e+00 2.680435e+00 4632
0.872214 4.160658e+00 4.270367e+00 3.256688e+00 5575
0.872737 4.035899e+00 4.061861e+00 3.112674e+00 5413
0.873303 3.174688e+00 3.213906e+00 2.458425e+00 4262
0.873850 3.629326e+00 3.606016e+00 2.756109e+00 4877
0.874394 3.830318e+00 3.970037e+00 3.019479e+00 5152
0.874926 3.923226e+00 4.072622e+00 3.130721e+00 5282
0.875446 3.561080e+00 3.503542e+00 2.689130e+00 4799
0.876004 3.155884e+00 3.154748e+00 2.403061e+00 4257
0.876563 3.623184e+00 3.663615e+00 2.811868e+00 4892
0.877107 3.289729e+00 3.375559e+00 2.580743e+00 4446
0.877641 3.611122e+00 3.591256e+00 2.747392e+00 4885
0.878205 3.745056e+00 3.739767e+00 2.859816e+00 5071
0.878756 3.030238e+00 3.055271e+00 2.349810e+00 4107
0.879323 3.659075e+00 3.767646e+00 2.876841e+00 4964
0.879846 3.352197e+00 3.321880e+00 2.556680e+00 4552
0.880423 3.358582e+00 3.538443e+00 2.762194e+00 4565
0.880930 3.806705e+00 3.962695e+00 3.101262e+00 5179
0.881517 2.786050e+00 2.798969e+00 2.179434e+00 3794
0.882065 3.465692e+00 3.656307e+00 2.845558e+00 4724
0.882586 3.253523e+00 3.248541e+00 2.547358e+00 4439
0.883163 3.287789e+00 3.232472e+00 2.524379e+00 4490
0.883650 3.457327e+00 3.434777e+00 2.669361e+00 4726
0.884249 3.879421e+00 3.927494e+00 3.062084e+00 5308
0.884796 3.620925e+00 3.681985e+00 2.890381e+00 4959
0.885349 3.300910e+00 3.309766e+00 2.587926e+00 4525
0.885917 3.655632e+00 3.646301e+00 2.844644e+00 5016
0.886430 3.459963e+00 3.597601e+00 2.800383e+00 4752
0.887005 3.154821e+00 3.165340e+00 2.470199e+00 4337
0.887538 3.322630e+00 3.439469e+00 2.691697e+00 4572
0.888096 3.341281e+00 3.467999e+00 2.703318e+00 4602
0.888613 3.850242e+00 3.942236e+00 3.083822e+00 5308
0.889203 2.647268e+00 2.698823e+00 2.097409e+00 3653
0.889711 2.726589e+00 2.794961e+00 2.196292e+00 3766
0.890317 3.416966e+00 3.464170e+00 2.818277e+00 4724
0.890838 3.433988e+00 3.545406e+00 2.842633e+00 4752
0.891372 2.513871e+00 2.528369e+00 2.040289e+00 3482
0.891948 4.024763e+00 4.004505e+00 3.217340e+00 5580
0.892468 3.350100e+00 3.367850e+00 2.724302e+00 4649
0.893081 2.825728e+00 2.911382e+00 2.334286e+00 3925
0.893579 2.802219e+00 2.799232e+00 2.249421e+00 3896
0.894151 2.972052e+00 2.923479e+00 2.354517e+00 4136
0.894706 2.935526e+00 2.951553e+00 2.376465e+00 4089
0.895271 3.170900e+00 3.123401e+00 2.517620e+00 4421
0.895829 2.538071e+00 2.576988e+00 2.074182e+00 3542
0.896354 2.424017e+00 2.487773e+00 1.994645e+00 3386
0.896938 2.896660e+00 2.922343e+00 2.352338e+00 4050
0.897478 2.688875e+00 2.773742e+00 2.230666e+00 3763
0.898035 2.940507e+00 2.886532e+00 2.322357e+00 4119
0.898588 2.317258e+00 2.276023e+00 1.824868e+00 3249
0.899144 2.313670e+00 2.410484e+00 1.938837e+00 3247
0.899689 2.782784e+00 2.833590e+00 2.279188e+00 3909
0.900228 2.500676e+00 2.556963e+00 2.067268e+00 3516
0.900789 2.456422e+00 2.470063e+00 1.998833e+00 3457
0.901363 2.928349e+00 2.996423e+00 2.428668e+00 4125
0.901898 3.315705e+00 3.308317e+00 2.687761e+00 4675
0.902466 2.402800e+00 2.467231e+00 2.000828e+00 3391
0.903042 2.422510e+00 2.461430e+00 1.996395e+00 3422
0.903595 2.422379e+00 2.411952e+00 1.971717e+00 3425
0.904164 3.124615e+00 3.104263e+00 2.515243e+00 4422
0.904685 2.897220e+00 2.981500e+00 2.420293e+00 4104
0.905237 2.725964e+00 2.751512e+00 2.236431e+00 3865
0.905781 3.506993e+00 3.640165e+00 2.954074e+00 4977
0.906354 3.147523e+00 3.181812e+00 2.594692e+00 4471
0.906931 2.740890e+00 2.882344e+00 2.344779e+00 3897
0.907480 3.412222e+00 3.528257e+00 2.864273e+00 4856
0.908033 2.584876e+00 2.598684e+00 2.106087e+00 3682
0.908601 2.816744e+00 2.858405e+00 2.329870e+00 4016
0.909140 2.926254e+00 2.969784e+00 2.410616e+00 4176
0.909697 1.914727e+00 1.874533e+00 1.516916e+00 2735
0.910248 2.773262e+00 2.798816e+00 2.347181e+00 3965
0.910814 2.318582e+00 2.280794e+00 1.908883e+00 3318
0.911358 2.794668e+00 2.743784e+00 2.303690e+00 4003
0.911926 1.983686e+00 2.048385e+00 1.717519e+00 2844
0.912499 2.199971e+00 2.218474e+00 1.856724e+00 3157
0.913028 2.524465e+00 2.640123e+00 2.217032e+00 3626
0.913614 2.275905e+00 2.425227e+00 2.044460e+00 3272
0.914160 2.169568e+00 2.220063e+00 1.858054e+00 3122
0.914704 2.530682e+00 2.492426e+00 2.095630e+00 3645
0.915286 2.807892e+00 2.828134e+00 2.373231e+00 4048
0.915869 2.212090e+00 2.274755e+00 1.903828e+00 3192
0.916380 1.978110e+00 2.126882e+00 1.783859e+00 2857
0.916968 2.498552e+00 2.471743e+00 2.081504e+00 3612
0.917565 2.208757e+00 2.245993e+00 1.889213e+00 3196
0.918114 1.988541e+00 2.043067e+00 1.713366e+00 2880
0.918657 1.930148e+00 2.006831e+00 1.693146e+00 2798
0.919209 1.980755e+00 2.051881e+00 1.725290e+00 2874
0.919789 1.908016e+00 1.941188e+00 1.626500e+00 2771
0.920333 1.717772e+00 1.697205e+00 1.464458e+00 2497
0.920891 2.356077e+00 2.525390e+00 2.164434e+00 3428
0.921447 2.307224e+00 2.339979e+00 2.007325e+00 3360
0.922015 2.122623e+00 2.204131e+00 1.888289e+00 3094
0.922647 1.584684e+00 1.575719e+00 1.354934e+00 2312
0.923175 1.970825e+00 2.014907e+00 1.723312e+00 2878
0.923711 1.505160e+00 1.548934e+00 1.324773e+00 2200
0.924247 2.051981e+00 2.167297e+00 1.857073e+00 3002
0.924838 2.263175e+00 2.340957e+00 2.010495e+00 3314
0.925431 2.142390e+00 2.163558e+00 1.856417e+00 3140
0.925958 2.252909e+00 2.236285e+00 1.912651e+00 3305
0.926513 2.389105e+00 2.424930e+00 2.076440e+00 3508
0.927079 1.775906e+00 1.741631e+00 1.492320e+00 2610
0.927639 1.701548e+00 1.724707e+00 1.475109e+00 2503
0.928206 1.751615e+00 1.843240e+00 1.582442e+00 2579
0.928776 1.821269e+00 1.793542e+00 1.533982e+00 2684
0.929325 1.938930e+00 1.911340e+00 1.641457e+00 2860
0.929951 2.271766e+00 2.252249e+00 1.943701e+00 3354
0.930475 1.812918e+00 1.873991e+00 1.642433e+00 2679
0.931044 2.264932e+00 2.333260e+00 2.039343e+00 3350
0.931601 1.964310e+00 2.062212e+00 1.802518e+00 2908
0.932194 1.529933e+00 1.498647e+00 1.310047e+00 2267
0.932752 1.709245e+00 1.679555e+00 1.465894e+00 2535
0.933267 1.972437e+00 1.930991e+00 1.687637e+00 2928
0.933883 1.438277e+00 1.524846e+00 1.330865e+00 2137
0.934448 1.537836e+00 1.630730e+00 1.423280e+00 2287
0.935037 1.486728e+00 1.501613e+00 1.315560e+00 2213
0.935535 1.988787e+00 2.051175e+00 1.804791e+00 2963
0.936171 1.569873e+00 1.554665e+00 1.359826e+00 2341
0.936678 1.663591e+00 1.663655e+00 1.455279e+00 2483
0.937276 1.417091e+00 1.419866e+00 1.245163e+00 2117
0.937852 1.789658e+00 1.768770e+00 1.551097e+00 2676
0.938453 1.292922e+00 1.321158e+00 1.160016e+00 1935
0.938967 1.792433e+00 1.818294e+00 1.589237e+00 2685
0.939552 1.479339e+00 1.553930e+00 1.363347e+00 2218
0.940088 1.464010e+00 1.434364e+00 1.274965e+00 2197
0.940651 1.181070e+00 1.154611e+00 1.031487e+00 1774
0.941248 1.660920e+00 1.656796e+00 1.480121e+00 2497
0.941811 1.308532e+00 1.405152e+00 1.264468e+00 1969
0.942358 1.545718e+00 1.527049e+00 1.364210e+00 2328
0.942936 1.293572e+00 1.403297e+00 1.253654e+00 1950
0.943514 1.558842e+00 1.682593e+00 1.505127e+00 2352
0.944097 1.223040e+00 1.211173e+00 1.084538e+00 1847
0.944717 1.379396e+00 1.378988e+00 1.237397e+00 2085
0.945234 1.294872e+00 1.297001e+00 1.158693e+00 1959
0.945808 1.652962e+00 1.743493e+00 1.557573e+00 2503
0.946389 1.672591e+00 1.641919e+00 1.471452e+00 2535
0.946973 1.346100e+00 1.385020e+00 1.237327e+00 2042
0.947470 1.344892e+00 1.322783e+00 1.181726e+00 2042
0.948088 1.180496e+00 1.234282e+00 1.102663e+00 1794
0.948634 1.615317e+00 1.620356e+00 1.447567e+00 2457
0.949220 1.230271e+00 1.222969e+00 1.092556e+00 1873
0.949781 1.473297e+00 1.520501e+00 1.366235e+00 2245
0.950379 1.400510e+00 1.369577e+00 1.241695e+00 2136
0.950952 1.384845e+00 1.394404e+00 1.265961e+00 2114
0.951455 1.121153e+00 1.104279e+00 1.005887e+00 1713
0.952079 1.332018e+00 1.439786e+00 1.310964e+00 2037
0.952676 1.320374e+00 1.317846e+00 1.196120e+00 2021
0.953240 1.311361e+00 1.411558e+00 1.279756e+00 2009
0.953796 9.515022e-01 1.045776e+00 9.481283e-01 1459
0.954339 1.096606e+00 1.138718e+00 1.033838e+00 1683
0.954954 1.175701e+00 1.161157e+00 1.054422e+00 1806
0.955514 1.232539e+00 1.327413e+00 1.207380e+00 1895
0.956089 1.207397e+00 1.218418e+00 1.107057e+00 1858
0.956707 8.291023e-01 8.105296e-01 7.348475e-01 1277
0.957270 1.158542e+00 1.178241e+00 1.068224e+00 1786
0.957850 1.148437e+00 1.175355e+00 1.065608e+00 1772
0.958374 1.015320e+00 1.023594e+00 9.280172e-01 1568
0.958968 1.410997e+00 1.381962e+00 1.254424e+00 2181
0.959572 1.395523e+00 1.377656e+00 1.249020e+00 2159
0.960135 1.125630e+00 1.105650e+00 1.019558e+00 1743
0.960677 8.633131e-01 8.417330e-01 7.800960e-01 1338
0.961256 1.035314e+00 1.005397e+00 9.297010e-01 1606
0.961913 1.000903e+00 1.009518e+00 9.348129e-01 1554
0.962422 1.126143e+00 1.169420e+00 1.081375e+00 1750
0.962920 9.457645e-01 1.005406e+00 9.297093e-01 1471
0.963577 1.052844e+00 1.018347e+00 9.433102e-01 1639
0.964204 9.845227e-01 9.645711e-01 8.919490e-01 1534
0.964737 9.977581e-01 9.727800e-01 8.995399e-01 1556
0.965290 9.411372e-01 9.496373e-01 8.781395e-01 1469
0.965849 6.695429e-01 6.557596e-01 6.063878e-01 1046
0.966415 1.020054e+00 1.067212e+00 9.882490e-01 1595
0.966994 1.240874e+00 1.328844e+00 1.231184e+00 1942
0.967580 8.184322e-01 8.136107e-01 7.523544e-01 1282
0.968194 8.291905e-01 8.144955e-01 7.531725e-01 1300
0.968832 7.895847e-01 7.666855e-01 7.089621e-01 1239
0.969376 1.151815e+00 1.188981e+00 1.102264e+00 1809
0.969995 1.008301e+00 1.026747e+00 9.528357e-01 1585
0.970467 8.599549e-01 8.596009e-01 7.996035e-01 1353
0.971093 6.972642e-01 6.992234e-01 6.513821e-01 1098
0.971654 6.877675e-01 6.785148e-01 6.311567e-01 1084
0.972261 1.207605e+00 1.268951e+00 1.183956e+00 1905
0.972822 8.284289e-01 8.688234e-01 8.107087e-01 1308
0.973443 1.070695e+00 1.040420e+00 9.678018e-01 1692
0.974030 8.832420e-01 8.543966e-01 7.947624e-01 1397
0.974610 8.862559e-01 8.781044e-01 8.192990e-01 1403
0.975185 5.333061e-01 5.314340e-01 4.980027e-01 845
0.975727 1.339346e+00 1.377205e+00 1.282432e+00 2124
0.976286 9.015641e-01 9.163006e-01 8.542198e-01 1431
0.976885 1.060659e+00 1.090430e+00 1.014321e+00 1685
0.977445 7.735706e-01 8.250309e-01 7.674463e-01 1230
0.978027 4.668773e-01 4.565118e-01 4.246487e-01 743
0.978662 7.295238e-01 7.128451e-01 6.630908e-01 1162
0.979237 8.380294e-01 8.457283e-01 7.866992e-01 1336
0.979799 9.908419e-01 1.026203e+00 9.576834e-01 1581
0.980326 7.263573e-01 7.439094e-01 6.998211e-01 1160
0.980958 5.849570e-01 6.769940e-01 6.368715e-01 935
0.981604 8.250997e-01 8.420760e-01 7.921698e-01 1320
0.982144 8.799618e-01 8.499909e-01 7.996156e-01 1409
0.982682 5.765610e-01 5.733247e-01 5.393462e-01 924
0.983206 4.289260e-01 4.038210e-01 3.798883e-01 688
0.983843 1.028400e+00 1.029726e+00 9.696926e-01 1651
0.984441 5.196636e-01 5.003388e-01 4.706859e-01 835
0.985076 8.848341e-01 9.327574e-01 8.774769e-01 1423
0.985554 8.523783e-01 9.291144e-01 8.749309e-01 1372
0.986242 8.330140e-01 8.605935e-01 8.095899e-01 1342
0.986804 8.335290e-01 8.415720e-01 7.927581e-01 1344
0.987406 5.118271e-01 4.855979e-01 4.568186e-01 826
0.987988 8.110293e-01 8.248872e-01 7.759997e-01 1310
0.988531 7.360958e-01 7.301681e-01 6.868942e-01 1190
0.989189 4.870078e-01 4.748706e-01 4.467271e-01 788
0.989731 8.941302e-01 9.364432e-01 8.809442e-01 1448
0.990385 5.015860e-01 5.301247e-01 5.027625e-01 813
0.990913 6.873097e-01 7.063959e-01 6.705920e-01 1115
0.991453 6.830180e-01 6.713069e-01 6.376546e-01 1109
0.991996 7.814973e-01 7.603402e-01 7.210955e-01 1270
0.992633 6.105149e-01 6.424789e-01 6.108964e-01 993
0.993188 5.547001e-01 5.446465e-01 5.184406e-01 903
0.993825 6.266425e-01 6.113899e-01 5.816941e-01 1021
0.994449 6.469495e-01 6.780267e-01 6.439099e-01 1055
0.994995 5.820569e-01 5.807436e-01 5.531706e-01 950
0.995586 7.260235e-01 7.363781e-01 7.016104e-01 1186
0.996157 6.165251e-01 6.359434e-01 6.046848e-01 1008
0.996749 6.764914e-01 6.919722e-01 6.636612e-01 1107
0.997360 8.944929e-01 9.232181e-01 8.810258e-01 1465
0.997888 4.428949e-01 4.407165e-01 4.203835e-01 726
0.998575 7.167972e-01 7.868374e-01 7.483048e-01 1176
0.999103 1.041382e+00 1.019964e+00 9.744500e-01 1710
0.999697 7.411167e-01 7.421637e-01 7.054905e-01 1218
