Number of steps: 3334023
Number of accepted steps: 1000000
Burn-in number of steps: 320000
Accepted fraction of steps: 0.299938
Convergence Status
R[0]= 1.015141	R[1]= 1.014624	R[2]= 1.142606	R[3]= 1.075319	R[4]= 1.012979	R[5]= 1.015857	R[6]= 1.017677	R[7]= 1.009550	R[8]= 1.004839	R[9]= 1.015025	R[10]= 1.021028	R[11]= 1.030706	R[12]= 1.013185	R[13]= 1.024113	R[14]= 1.137221	R[15]= 1.033887	R[16]= 1.045298	R[17]= 1.056326	R[18]= 1.016197	R[19]= 1.002314	R[20]= 1.046128	R[21]= 1.054328	R[22]= 1.062180	R[23]= 1.012978	R[24]= 1.009458	
<R>= 1.035559

Mean parameters
A[0]= 9.669085e-01 pm 3.434772e-02
A[1]= 1.065756e+00 pm 2.832595e-02
A[2]= 8.240672e-01 pm 6.082737e-01
A[3]= 4.400321e+00 pm 1.625166e+00
A[4]= -3.115324e+03 pm 3.847666e+03
A[5]= 1.584994e+03 pm 2.512680e+03
A[6]= 5.948429e+01 pm 5.881016e+02
A[7]= 3.240567e+00 pm 1.369920e+01
A[8]= -4.226463e-02 pm 1.844246e-01
A[9]= 1.654422e+03 pm 8.948249e+03
A[10]= -1.115896e+03 pm 5.485213e+03
A[11]= -2.983663e+01 pm 1.185526e+03
A[12]= -3.816875e+01 pm 4.924147e+01
A[13]= 8.556949e-01 pm 9.589866e-01
A[14]= 6.152403e+00 pm 2.319131e+00
A[15]= -5.727970e+03 pm 5.334108e+03
A[16]= 4.695480e+03 pm 3.442234e+03
A[17]= -9.068433e+02 pm 8.009491e+02
A[18]= 3.109601e+00 pm 2.068255e+01
A[19]= 1.160877e-01 pm 2.642322e-01
A[20]= 8.353727e+03 pm 1.181885e+04
A[21]= -3.712517e+03 pm 7.211583e+03
A[22]= 3.373153e+01 pm 1.555062e+03
A[23]= -5.738275e+01 pm 6.808417e+01
A[24]= 7.781160e-01 pm 1.334984e+00

Best-fitting parameters
A[0]= 9.679964e-01
A[1]= 1.054758e+00
A[2]= 4.214698e-01
A[3]= 6.459390e+00
A[4]= -7.074346e+03
A[5]= 4.363370e+03
A[6]= -6.148057e+02
A[7]= 1.433213e+01
A[8]= -1.228860e-01
A[9]= 1.792448e+03
A[10]= -1.677552e+03
A[11]= 2.304849e+02
A[12]= -3.058873e+01
A[13]= 6.716741e-01
A[14]= 7.687765e+00
A[15]= -7.937258e+03
A[16]= 6.112404e+03
A[17]= -1.213863e+03
A[18]= 1.193070e+01
A[19]= 6.464949e-02
A[20]= 1.058591e+04
A[21]= -5.529069e+03
A[22]= 5.548241e+02
A[23]= -3.263302e+01
A[24]= 2.721407e-01
chi2_min= 9.882729e+01


Cross-Covariance parameters
1.000000e+00	-5.275728e-01	-3.423394e-01	2.521385e-01	2.423272e-02	-2.140503e-02	6.255468e-03	9.101313e-02	-8.474708e-02	7.637757e-02	-9.616157e-02	1.023099e-01	1.820019e-01	-1.939968e-01	2.467299e-01	-5.418763e-03	6.867802e-03	-1.866559e-02	1.130602e-01	-8.998781e-02	9.420337e-02	-1.105630e-01	1.093563e-01	1.719250e-01	-1.851268e-01	
-5.275728e-01	1.000000e+00	3.252615e-01	-3.194246e-01	5.277357e-02	-4.757175e-02	3.438496e-02	2.083599e-02	-4.429139e-02	-8.353178e-02	1.010833e-01	-1.106241e-01	-9.844260e-02	9.430153e-02	-3.047718e-01	2.036899e-02	-2.028933e-02	1.516863e-02	6.421766e-02	-8.699064e-02	-5.860553e-02	6.928124e-02	-7.474204e-02	-1.620581e-01	1.629237e-01	
-3.423394e-01	3.252615e-01	1.000000e+00	-8.010921e-01	7.734651e-02	-8.960250e-02	1.097710e-01	-1.369310e-01	9.318932e-02	-3.978984e-01	5.123802e-01	-6.399482e-01	-1.612063e-01	3.298077e-01	-8.160238e-01	1.693531e-01	-1.804910e-01	1.956140e-01	-1.460514e-01	5.066871e-02	-3.930001e-01	5.020993e-01	-6.303579e-01	-1.918424e-01	3.354851e-01	
2.521385e-01	-3.194246e-01	-8.010921e-01	1.000000e+00	-4.822339e-01	5.367551e-01	-5.819672e-01	2.413653e-01	1.381594e-02	2.435253e-01	-3.231489e-01	4.155657e-01	1.115355e-01	-2.049780e-01	7.178914e-01	-1.826082e-01	1.888676e-01	-1.963310e-01	9.475323e-02	4.608821e-03	3.340404e-01	-4.210810e-01	5.231741e-01	1.514777e-01	-2.723629e-01	
2.423272e-02	5.277357e-02	7.734651e-02	-4.822339e-01	1.000000e+00	-9.843915e-01	9.391299e-01	-6.865686e-01	3.013033e-01	1.044898e-01	-1.340005e-01	1.637316e-01	2.082244e-02	-2.423614e-02	-1.125126e-01	1.385304e-01	-1.447076e-01	1.461657e-01	-4.754531e-02	-1.400855e-02	1.442564e-03	-4.131186e-03	6.441304e-03	-8.466737e-03	1.639419e-02	
-2.140503e-02	-4.757175e-02	-8.960250e-02	5.367551e-01	-9.843915e-01	1.000000e+00	-9.843805e-01	6.456377e-01	-2.435788e-01	-1.177040e-01	1.489361e-01	-1.803848e-01	-2.111977e-02	3.456306e-02	1.217008e-01	-1.474743e-01	1.529243e-01	-1.536588e-01	5.208621e-02	1.422390e-02	4.136652e-03	-1.842861e-03	-2.557212e-04	9.182630e-03	-1.916032e-02	
6.255468e-03	3.438496e-02	1.097710e-01	-5.819672e-01	9.391299e-01	-9.843805e-01	1.000000e+00	-5.882601e-01	1.850090e-01	1.307281e-01	-1.612251e-01	1.914075e-01	8.759257e-03	-2.926772e-02	-1.349615e-01	1.539674e-01	-1.591974e-01	1.602056e-01	-6.028036e-02	-1.044928e-02	-1.574131e-02	1.486777e-02	-1.381195e-02	-8.955397e-03	2.219976e-02	
9.101313e-02	2.083599e-02	-1.369310e-01	2.413653e-01	-6.865686e-01	6.456377e-01	-5.882601e-01	1.000000e+00	-8.803824e-01	1.096383e-01	-9.704811e-02	7.041919e-02	-2.491442e-02	-1.343226e-01	1.336631e-01	-1.036432e-01	1.113770e-01	-1.181668e-01	8.815103e-02	-4.253864e-02	4.822405e-02	-5.465074e-02	6.080589e-02	1.760601e-02	-4.269160e-02	
-8.474708e-02	-4.429139e-02	9.318932e-02	1.381594e-02	3.013033e-01	-2.435788e-01	1.850090e-01	-8.803824e-01	1.000000e+00	-1.912778e-01	1.904218e-01	-1.713386e-01	3.095533e-02	1.874119e-01	-8.353500e-02	5.095185e-02	-5.858985e-02	6.637427e-02	-6.960795e-02	4.736186e-02	-5.802574e-02	6.192342e-02	-6.438422e-02	5.987387e-03	1.596587e-02	
7.637757e-02	-8.353178e-02	-3.978984e-01	2.435253e-01	1.044898e-01	-1.177040e-01	1.307281e-01	1.096383e-01	-1.912778e-01	1.000000e+00	-9.829136e-01	9.164464e-01	-7.168637e-01	4.908895e-01	3.307891e-01	-4.156947e-02	3.619404e-02	-3.442883e-02	4.993673e-02	-2.989324e-02	2.172803e-01	-2.696152e-01	3.311986e-01	3.632048e-02	-1.035912e-01	
-9.616157e-02	1.010833e-01	5.123802e-01	-3.231489e-01	-1.340005e-01	1.489361e-01	-1.612251e-01	-9.704811e-02	1.904218e-01	-9.829136e-01	1.000000e+00	-9.737078e-01	6.536517e-01	-4.178802e-01	-4.296526e-01	5.481645e-02	-5.086473e-02	5.090736e-02	-6.009211e-02	3.138304e-02	-2.691444e-01	3.362716e-01	-4.156665e-01	-5.707506e-02	1.441887e-01	
1.023099e-01	-1.106241e-01	-6.399482e-01	4.155657e-01	1.637316e-01	-1.803848e-01	1.914075e-01	7.041919e-02	-1.713386e-01	9.164464e-01	-9.737078e-01	1.000000e+00	-5.322376e-01	2.956654e-01	5.418413e-01	-7.017501e-02	6.861921e-02	-7.133813e-02	6.763117e-02	-2.845272e-02	3.234170e-01	-4.076212e-01	5.081830e-01	8.239375e-02	-1.917440e-01	
1.820019e-01	-9.844260e-02	-1.612063e-01	1.115355e-01	2.082244e-02	-2.111977e-02	8.759257e-03	-2.491442e-02	3.095533e-02	-7.168637e-01	6.536517e-01	-5.322376e-01	1.000000e+00	-9.389629e-01	1.262976e-01	3.095577e-03	5.128228e-03	-1.565552e-02	2.158101e-02	-1.787347e-02	2.843074e-02	-4.403328e-02	6.145029e-02	8.580404e-02	-1.075775e-01	
-1.939968e-01	9.430153e-02	3.298077e-01	-2.049780e-01	-2.423614e-02	3.456306e-02	-2.926772e-02	-1.343226e-01	1.874119e-01	4.908895e-01	-4.178802e-01	2.956654e-01	-9.389629e-01	1.000000e+00	-2.700585e-01	2.353903e-02	-3.251472e-02	4.516766e-02	-5.027399e-02	3.573064e-02	-1.242178e-01	1.606753e-01	-2.027914e-01	-9.575737e-02	1.517470e-01	
2.467299e-01	-3.047718e-01	-8.160238e-01	7.178914e-01	-1.125126e-01	1.217008e-01	-1.349615e-01	1.336631e-01	-8.353500e-02	3.307891e-01	-4.296526e-01	5.418413e-01	1.262976e-01	-2.700585e-01	1.000000e+00	-5.013490e-01	5.595599e-01	-6.084174e-01	1.783394e-01	7.538859e-02	2.493945e-01	-3.263534e-01	4.232688e-01	1.491992e-01	-2.405372e-01	
-5.418763e-03	2.036899e-02	1.693531e-01	-1.826082e-01	1.385304e-01	-1.474743e-01	1.539674e-01	-1.036432e-01	5.095185e-02	-4.156947e-02	5.481645e-02	-7.017501e-02	3.095577e-03	2.353903e-02	-5.013490e-01	1.000000e+00	-9.831556e-01	9.319378e-01	-6.961474e-01	3.661431e-01	1.014780e-01	-1.149265e-01	1.189178e-01	-3.860317e-02	4.131362e-02	
6.867802e-03	-2.028933e-02	-1.804910e-01	1.888676e-01	-1.447076e-01	1.529243e-01	-1.591974e-01	1.113770e-01	-5.858985e-02	3.619404e-02	-5.086473e-02	6.861921e-02	5.128228e-03	-3.251472e-02	5.595599e-01	-9.831556e-01	1.000000e+00	-9.819480e-01	6.429677e-01	-2.934652e-01	-1.111060e-01	1.282930e-01	-1.362279e-01	2.928325e-02	-2.318632e-02	
-1.866559e-02	1.516863e-02	1.956140e-01	-1.963310e-01	1.461657e-01	-1.536588e-01	1.602056e-01	-1.181668e-01	6.637427e-02	-3.442883e-02	5.090736e-02	-7.133813e-02	-1.565552e-02	4.516766e-02	-6.084174e-01	9.319378e-01	-9.819480e-01	1.000000e+00	-5.651834e-01	2.095273e-01	1.152214e-01	-1.346049e-01	1.451431e-01	-2.420989e-02	1.084130e-02	
1.130602e-01	6.421766e-02	-1.460514e-01	9.475323e-02	-4.754531e-02	5.208621e-02	-6.028036e-02	8.815103e-02	-6.960795e-02	4.993673e-02	-6.009211e-02	6.763117e-02	2.158101e-02	-5.027399e-02	1.783394e-01	-6.961474e-01	6.429677e-01	-5.651834e-01	1.000000e+00	-9.058712e-01	1.885485e-02	-1.821810e-02	1.822893e-02	7.065756e-02	-1.519984e-01	
-8.998781e-02	-8.699064e-02	5.066871e-02	4.608821e-03	-1.400855e-02	1.422390e-02	-1.044928e-02	-4.253864e-02	4.736186e-02	-2.989324e-02	3.138304e-02	-2.845272e-02	-1.787347e-02	3.573064e-02	7.538859e-02	3.661431e-01	-2.934652e-01	2.095273e-01	-9.058712e-01	1.000000e+00	-5.520544e-02	5.969646e-02	-6.042506e-02	-7.622312e-02	1.844586e-01	
9.420337e-02	-5.860553e-02	-3.930001e-01	3.340404e-01	1.442564e-03	4.136652e-03	-1.574131e-02	4.822405e-02	-5.802574e-02	2.172803e-01	-2.691444e-01	3.234170e-01	2.843074e-02	-1.242178e-01	2.493945e-01	1.014780e-01	-1.111060e-01	1.152214e-01	1.885485e-02	-5.520544e-02	1.000000e+00	-9.831590e-01	9.159551e-01	-6.977311e-01	5.141439e-01	
-1.105630e-01	6.928124e-02	5.020993e-01	-4.210810e-01	-4.131186e-03	-1.842861e-03	1.486777e-02	-5.465074e-02	6.192342e-02	-2.696152e-01	3.362716e-01	-4.076212e-01	-4.403328e-02	1.606753e-01	-3.263534e-01	-1.149265e-01	1.282930e-01	-1.346049e-01	-1.821810e-02	5.969646e-02	-9.831590e-01	1.000000e+00	-9.729817e-01	6.353589e-01	-4.417973e-01	
1.093563e-01	-7.474204e-02	-6.303579e-01	5.231741e-01	6.441304e-03	-2.557212e-04	-1.381195e-02	6.080589e-02	-6.438422e-02	3.311986e-01	-4.156665e-01	5.081830e-01	6.145029e-02	-2.027914e-01	4.232688e-01	1.189178e-01	-1.362279e-01	1.451431e-01	1.822893e-02	-6.042506e-02	9.159551e-01	-9.729817e-01	1.000000e+00	-5.100357e-01	3.121866e-01	
1.719250e-01	-1.620581e-01	-1.918424e-01	1.514777e-01	-8.466737e-03	9.182630e-03	-8.955397e-03	1.760601e-02	5.987387e-03	3.632048e-02	-5.707506e-02	8.239375e-02	8.580404e-02	-9.575737e-02	1.491992e-01	-3.860317e-02	2.928325e-02	-2.420989e-02	7.065756e-02	-7.622312e-02	-6.977311e-01	6.353589e-01	-5.100357e-01	1.000000e+00	-9.604308e-01	
-1.851268e-01	1.629237e-01	3.354851e-01	-2.723629e-01	1.639419e-02	-1.916032e-02	2.219976e-02	-4.269160e-02	1.596587e-02	-1.035912e-01	1.441887e-01	-1.917440e-01	-1.075775e-01	1.517470e-01	-2.405372e-01	4.131362e-02	-2.318632e-02	1.084130e-02	-1.519984e-01	1.844586e-01	5.141439e-01	-4.417973e-01	3.121866e-01	-9.604308e-01	1.000000e+00	

Time taken for mcmc chain: 33.833333 minutes
