Number of steps: 15940958
Number of accepted steps: 1000000
Burn-in number of steps: 320000
Accepted fraction of steps: 0.062731
Convergence Status
R[0]= 1.005417	R[1]= 1.006462	R[2]= 1.040680	R[3]= 1.020779	R[4]= 1.001118	R[5]= 1.001510	R[6]= 1.001731	R[7]= 1.001121	R[8]= 1.000583	R[9]= 1.004166	R[10]= 1.008125	R[11]= 1.013879	R[12]= 1.001365	R[13]= 1.005067	R[14]= 1.027406	R[15]= 1.004854	R[16]= 1.005374	R[17]= 1.005508	R[18]= 1.001197	R[19]= 1.000691	R[20]= 1.015157	R[21]= 1.022056	R[22]= 1.031136	R[23]= 1.001218	R[24]= 1.005451	
<R>= 1.009282

Mean parameters
A[0]= 9.019996e-01 pm 3.080658e-02
A[1]= 9.908849e-01 pm 2.353260e-02
A[2]= 6.361166e-01 pm 4.217024e-01
A[3]= 3.948652e+00 pm 1.160081e+00
A[4]= -4.586993e+03 pm 3.957777e+03
A[5]= 2.748356e+03 pm 2.686955e+03
A[6]= -3.348444e+02 pm 6.658154e+02
A[7]= 1.504399e+01 pm 1.409537e+01
A[8]= -1.092804e-01 pm 1.834689e-01
A[9]= 5.851339e+02 pm 8.968341e+03
A[10]= -6.505801e+02 pm 5.569600e+03
A[11]= -1.039831e+02 pm 1.248698e+03
A[12]= -2.560105e+01 pm 4.860568e+01
A[13]= 6.301020e-01 pm 9.395242e-01
A[14]= 5.892015e+00 pm 1.772722e+00
A[15]= -7.471388e+03 pm 5.459669e+03
A[16]= 6.516041e+03 pm 3.693729e+03
A[17]= -1.582477e+03 pm 9.159479e+02
A[18]= 1.453892e+01 pm 2.033486e+01
A[19]= 1.157220e-01 pm 2.645202e-01
A[20]= 9.272860e+03 pm 1.233333e+04
A[21]= -4.163067e+03 pm 7.661104e+03
A[22]= 6.192484e+01 pm 1.711824e+03
A[23]= -5.640099e+01 pm 6.787011e+01
A[24]= 8.374264e-01 pm 1.317629e+00

Best-fitting parameters
A[0]= 8.867067e-01
A[1]= 9.893536e-01
A[2]= 6.676787e-01
A[3]= 4.163100e+00
A[4]= -5.988832e+03
A[5]= 3.816484e+03
A[6]= -6.243712e+02
A[7]= 1.687816e+01
A[8]= -9.006234e-02
A[9]= 7.261960e+02
A[10]= -8.103461e+02
A[11]= -7.758910e+01
A[12]= -5.210628e+01
A[13]= 1.239206e+00
A[14]= 6.540951e+00
A[15]= -1.057268e+04
A[16]= 9.017431e+03
A[17]= -2.266338e+03
A[18]= 1.959743e+01
A[19]= 1.316411e-01
A[20]= 1.605401e+04
A[21]= -7.533798e+03
A[22]= 5.119426e+02
A[23]= -1.268205e+02
A[24]= 2.091086e+00
chi2_min= 1.056083e+02


Cross-Covariance parameters
1.000000e+00	-4.908011e-01	-2.167397e-01	1.489822e-01	-2.068547e-03	6.254506e-03	-1.928093e-02	8.965374e-02	-6.797861e-02	-3.423198e-03	3.900586e-03	-1.980414e-02	1.607038e-01	-1.464486e-01	8.730571e-02	9.129281e-02	-9.503684e-02	8.601631e-02	7.695861e-02	-1.134796e-01	5.405241e-02	-5.664677e-02	3.871522e-02	1.646282e-01	-1.716769e-01	
-4.908011e-01	1.000000e+00	1.975519e-01	-2.019467e-01	2.682883e-02	-2.077459e-02	8.470114e-03	8.465403e-02	-1.057719e-01	1.311863e-02	-1.584764e-02	2.581174e-02	-1.082382e-01	6.538299e-02	-2.047552e-01	-3.074739e-02	3.211443e-02	-3.792361e-02	1.227484e-01	-1.131206e-01	-3.780035e-02	3.901932e-02	-2.721016e-02	-9.632233e-02	8.027222e-02	
-2.167397e-01	1.975519e-01	1.000000e+00	-6.732790e-01	-9.149846e-02	1.042730e-01	-1.059990e-01	-2.993868e-02	8.363431e-02	-4.368326e-01	5.597653e-01	-6.938206e-01	-4.232533e-02	2.564820e-01	-7.204842e-01	-1.708969e-02	1.400473e-02	-3.596533e-03	-6.042003e-02	5.503466e-02	-4.473339e-01	5.657862e-01	-6.973871e-01	-4.056855e-02	2.433021e-01	
1.489822e-01	-2.019467e-01	-6.732790e-01	1.000000e+00	-5.008165e-01	5.503063e-01	-5.870557e-01	2.762030e-01	3.521314e-02	1.812218e-01	-2.387372e-01	3.069141e-01	1.594543e-02	-9.580689e-02	5.087370e-01	1.991412e-02	-1.888855e-02	1.272135e-02	2.676719e-02	-2.668230e-02	3.173527e-01	-3.983697e-01	4.880794e-01	2.965725e-02	-1.701334e-01	
-2.068547e-03	2.682883e-02	-9.149846e-02	-5.008165e-01	1.000000e+00	-9.836613e-01	9.393833e-01	-7.342745e-01	2.895634e-01	1.741542e-01	-2.288295e-01	2.843640e-01	2.692901e-02	-7.222492e-02	7.482486e-02	-2.293599e-02	2.425965e-02	-2.487978e-02	1.549327e-02	-3.314995e-03	2.272785e-02	-3.525525e-02	5.095439e-02	8.048918e-03	-2.480622e-02	
6.254506e-03	-2.077459e-02	1.042730e-01	5.503063e-01	-9.836613e-01	1.000000e+00	-9.852933e-01	6.909014e-01	-2.180158e-01	-1.954297e-01	2.554862e-01	-3.165771e-01	-2.934573e-02	9.352201e-02	-8.520842e-02	2.195622e-02	-2.347880e-02	2.405782e-02	-1.155468e-02	-3.176509e-04	-2.798391e-02	4.232007e-02	-6.023984e-02	-7.744813e-03	2.673406e-02	
-1.928093e-02	8.470114e-03	-1.059990e-01	-5.870557e-01	9.393833e-01	-9.852933e-01	1.000000e+00	-6.301682e-01	1.473102e-01	2.127191e-01	-2.747776e-01	3.376136e-01	2.250251e-02	-1.004545e-01	8.962502e-02	-2.177605e-02	2.354989e-02	-2.385743e-02	4.242213e-03	7.561842e-03	2.873376e-02	-4.348416e-02	6.213004e-02	5.878705e-03	-2.472313e-02	
8.965374e-02	8.465403e-02	-2.993868e-02	2.762030e-01	-7.342745e-01	6.909014e-01	-6.301682e-01	1.000000e+00	-8.392134e-01	2.304778e-02	5.914486e-03	-4.444729e-02	-1.805733e-02	-1.085620e-01	-2.229390e-03	2.126171e-02	-1.990722e-02	1.472584e-02	3.038652e-02	-3.672388e-02	2.378155e-02	-2.616697e-02	2.700039e-02	7.765012e-03	-1.814926e-02	
-6.797861e-02	-1.057719e-01	8.363431e-02	3.521314e-02	2.895634e-01	-2.180158e-01	1.473102e-01	-8.392134e-01	1.000000e+00	-1.596944e-01	1.602095e-01	-1.481327e-01	1.452607e-02	2.102666e-01	-4.242857e-02	-1.096604e-02	8.395684e-03	-2.628079e-03	-3.207248e-02	3.240263e-02	-3.705892e-02	4.776681e-02	-5.937152e-02	-1.034091e-02	3.099057e-02	
-3.423198e-03	1.311863e-02	-4.368326e-01	1.812218e-01	1.741542e-01	-1.954297e-01	2.127191e-01	2.304778e-02	-1.596944e-01	1.000000e+00	-9.806585e-01	9.051948e-01	-7.659266e-01	5.225627e-01	3.382520e-01	-1.461891e-02	1.881376e-02	-2.473084e-02	2.669353e-02	-8.470860e-03	1.923154e-01	-2.497457e-01	3.167631e-01	5.649610e-03	-9.879728e-02	
3.900586e-03	-1.584764e-02	5.597653e-01	-2.387372e-01	-2.288295e-01	2.554862e-01	-2.747776e-01	5.914486e-03	1.602095e-01	-9.806585e-01	1.000000e+00	-9.700434e-01	7.053076e-01	-4.443222e-01	-4.293724e-01	1.459070e-02	-1.919684e-02	2.623578e-02	-3.395524e-02	1.431073e-02	-2.496580e-01	3.228420e-01	-4.082533e-01	-7.133163e-03	1.277023e-01	
-1.980414e-02	2.581174e-02	-6.938206e-01	3.069141e-01	2.843640e-01	-3.165771e-01	3.376136e-01	-4.444729e-02	-1.481327e-01	9.051948e-01	-9.700434e-01	1.000000e+00	-5.772347e-01	3.067183e-01	5.296320e-01	-1.579839e-02	2.085542e-02	-2.899571e-02	4.117647e-02	-1.978357e-02	3.132810e-01	-4.039680e-01	5.101060e-01	6.023245e-03	-1.571590e-01	
1.607038e-01	-1.082382e-01	-4.232533e-02	1.594543e-02	2.692901e-02	-2.934573e-02	2.250251e-02	-1.805733e-02	1.452607e-02	-7.659266e-01	7.053076e-01	-5.772347e-01	1.000000e+00	-9.275682e-01	1.608185e-02	1.552636e-02	-1.693804e-02	1.632356e-02	1.600175e-02	-2.808094e-02	1.306850e-02	-1.227090e-02	7.991391e-03	2.908813e-02	-3.127793e-02	
-1.464486e-01	6.538299e-02	2.564820e-01	-9.580689e-02	-7.222492e-02	9.352201e-02	-1.004545e-01	-1.085620e-01	2.102666e-01	5.225627e-01	-4.443222e-01	3.067183e-01	-9.275682e-01	1.000000e+00	-1.753636e-01	-1.231655e-02	1.146816e-02	-7.233959e-03	-3.414274e-02	4.049614e-02	-1.089531e-01	1.368762e-01	-1.665397e-01	-3.076530e-02	8.082995e-02	
8.730571e-02	-2.047552e-01	-7.204842e-01	5.087370e-01	7.482486e-02	-8.520842e-02	8.962502e-02	-2.229390e-03	-4.242857e-02	3.382520e-01	-4.293724e-01	5.296320e-01	1.608185e-02	-1.753636e-01	1.000000e+00	-4.866938e-01	5.544952e-01	-6.055581e-01	1.889380e-01	1.215556e-01	2.328094e-01	-2.931073e-01	3.674919e-01	-1.644272e-02	-7.295061e-02	
9.129281e-02	-3.074739e-02	-1.708969e-02	1.991412e-02	-2.293599e-02	2.195622e-02	-2.177605e-02	2.126171e-02	-1.096604e-02	-1.461891e-02	1.459070e-02	-1.579839e-02	1.552636e-02	-1.231655e-02	-4.866938e-01	1.000000e+00	-9.807550e-01	9.279788e-01	-6.946972e-01	2.736661e-01	1.755030e-01	-2.124954e-01	2.423180e-01	9.872491e-03	-6.163249e-02	
-9.503684e-02	3.211443e-02	1.400473e-02	-1.888855e-02	2.425965e-02	-2.347880e-02	2.354989e-02	-1.990722e-02	8.395684e-03	1.881376e-02	-1.919684e-02	2.085542e-02	-1.693804e-02	1.146816e-02	5.544952e-01	-9.807550e-01	1.000000e+00	-9.823844e-01	6.318591e-01	-1.796374e-01	-1.840815e-01	2.269631e-01	-2.628373e-01	-2.532555e-02	9.046911e-02	
8.601631e-02	-3.792361e-02	-3.596533e-03	1.272135e-02	-2.487978e-02	2.405782e-02	-2.385743e-02	1.472584e-02	-2.628079e-03	-2.473084e-02	2.623578e-02	-2.899571e-02	1.632356e-02	-7.233959e-03	-6.055581e-01	9.279788e-01	-9.823844e-01	1.000000e+00	-5.497781e-01	8.540194e-02	1.845591e-01	-2.307460e-01	2.703389e-01	3.497318e-02	-1.086228e-01	
7.695861e-02	1.227484e-01	-6.042003e-02	2.676719e-02	1.549327e-02	-1.155468e-02	4.242213e-03	3.038652e-02	-3.207248e-02	2.669353e-02	-3.395524e-02	4.117647e-02	1.600175e-02	-3.414274e-02	1.889380e-01	-6.946972e-01	6.318591e-01	-5.497781e-01	1.000000e+00	-8.627810e-01	-3.171510e-02	4.133311e-02	-4.966119e-02	7.417368e-02	-1.415649e-01	
-1.134796e-01	-1.131206e-01	5.503466e-02	-2.668230e-02	-3.314995e-03	-3.176509e-04	7.561842e-03	-3.672388e-02	3.240263e-02	-8.470860e-03	1.431073e-02	-1.978357e-02	-2.808094e-02	4.049614e-02	1.215556e-01	2.736661e-01	-1.796374e-01	8.540194e-02	-8.627810e-01	1.000000e+00	-6.019007e-02	7.175263e-02	-8.012602e-02	-1.062200e-01	2.345085e-01	
5.405241e-02	-3.780035e-02	-4.473339e-01	3.173527e-01	2.272785e-02	-2.798391e-02	2.873376e-02	2.378155e-02	-3.705892e-02	1.923154e-01	-2.496580e-01	3.132810e-01	1.306850e-02	-1.089531e-01	2.328094e-01	1.755030e-01	-1.840815e-01	1.845591e-01	-3.171510e-02	-6.019007e-02	1.000000e+00	-9.818320e-01	9.094443e-01	-7.549530e-01	5.429600e-01	
-5.664677e-02	3.901932e-02	5.657862e-01	-3.983697e-01	-3.525525e-02	4.232007e-02	-4.348416e-02	-2.616697e-02	4.776681e-02	-2.497457e-01	3.228420e-01	-4.039680e-01	-1.227090e-02	1.368762e-01	-2.931073e-01	-2.124954e-01	2.269631e-01	-2.307460e-01	4.133311e-02	7.175263e-02	-9.818320e-01	1.000000e+00	-9.709856e-01	6.927789e-01	-4.617099e-01	
3.871522e-02	-2.721016e-02	-6.973871e-01	4.880794e-01	5.095439e-02	-6.023984e-02	6.213004e-02	2.700039e-02	-5.937152e-02	3.167631e-01	-4.082533e-01	5.101060e-01	7.991391e-03	-1.665397e-01	3.674919e-01	2.423180e-01	-2.628373e-01	2.703389e-01	-4.966119e-02	-8.012602e-02	9.094443e-01	-9.709856e-01	1.000000e+00	-5.665245e-01	3.219818e-01	
1.646282e-01	-9.632233e-02	-4.056855e-02	2.965725e-02	8.048918e-03	-7.744813e-03	5.878705e-03	7.765012e-03	-1.034091e-02	5.649610e-03	-7.133163e-03	6.023245e-03	2.908813e-02	-3.076530e-02	-1.644272e-02	9.872491e-03	-2.532555e-02	3.497318e-02	7.417368e-02	-1.062200e-01	-7.549530e-01	6.927789e-01	-5.665245e-01	1.000000e+00	-9.476481e-01	
-1.716769e-01	8.027222e-02	2.433021e-01	-1.701334e-01	-2.480622e-02	2.673406e-02	-2.472313e-02	-1.814926e-02	3.099057e-02	-9.879728e-02	1.277023e-01	-1.571590e-01	-3.127793e-02	8.082995e-02	-7.295061e-02	-6.163249e-02	9.046911e-02	-1.086228e-01	-1.415649e-01	2.345085e-01	5.429600e-01	-4.617099e-01	3.219818e-01	-9.476481e-01	1.000000e+00	

Time taken for mcmc chain: 1.592778 hours
