Number of steps: 1038909
Number of accepted steps: 1000000
Burn-in number of steps: 320000
Accepted fraction of steps: 0.962548
Convergence Status
R[0]= 1.085342	R[1]= 1.105743	R[2]= 1.102185	R[3]= 1.240621	R[4]= 1.193327	R[5]= 1.227516	R[6]= 1.249485	R[7]= 1.073719	R[8]= 1.020424	R[9]= 1.194956	R[10]= 1.195403	R[11]= 1.186745	R[12]= 1.114965	R[13]= 1.081164	R[14]= 1.124061	R[15]= 1.175267	R[16]= 1.163109	R[17]= 1.147716	R[18]= 1.081858	R[19]= 1.043553	R[20]= 1.048426	R[21]= 1.041240	R[22]= 1.032003	R[23]= 1.010264	R[24]= 1.008018	
<R>= 1.117884

Mean parameters
A[0]= 8.827822e-01 pm 5.732815e-02
A[1]= 1.031030e+00 pm 2.189508e-02
A[2]= 4.569416e-01 pm 2.132547e-01
A[3]= 7.238487e-01 pm 3.729134e-01
A[4]= 1.186534e+04 pm 3.039757e+03
A[5]= -8.322305e+03 pm 1.751391e+03
A[6]= 2.346003e+03 pm 3.918173e+02
A[7]= -1.582505e+01 pm 1.327355e+01
A[8]= -9.905079e-02 pm 1.670009e-01
A[9]= 1.294593e+04 pm 7.755674e+03
A[10]= -8.770441e+03 pm 4.437676e+03
A[11]= 1.810436e+03 pm 8.300529e+02
A[12]= -5.662565e+01 pm 5.152168e+01
A[13]= 7.729853e-01 pm 9.590179e-01
A[14]= 8.239708e-01 pm 3.306455e-01
A[15]= 1.072992e+04 pm 4.028895e+03
A[16]= -7.069251e+03 pm 2.181024e+03
A[17]= 1.983212e+03 pm 4.241821e+02
A[18]= -3.634678e-02 pm 2.000235e+01
A[19]= -2.289410e-01 pm 2.510796e-01
A[20]= 2.113088e+04 pm 1.100189e+04
A[21]= -1.282187e+04 pm 6.288406e+03
A[22]= 2.259836e+03 pm 1.165153e+03
A[23]= -5.213627e+01 pm 7.190612e+01
A[24]= 3.355947e-02 pm 1.348641e+00

Best-fitting parameters
A[0]= 8.263933e-01
A[1]= 9.828097e-01
A[2]= 5.008120e-01
A[3]= 1.476612e+00
A[4]= 8.986667e+03
A[5]= -6.323636e+03
A[6]= 1.835682e+03
A[7]= -1.630572e+01
A[8]= 3.508340e-02
A[9]= 1.157133e+04
A[10]= -7.672411e+03
A[11]= 1.543307e+03
A[12]= -6.208269e+01
A[13]= 1.131233e+00
A[14]= 7.498414e-01
A[15]= 1.326000e+04
A[16]= -8.452112e+03
A[17]= 2.248424e+03
A[18]= -1.068645e+01
A[19]= -1.202903e-01
A[20]= 3.389574e+04
A[21]= -2.032738e+04
A[22]= 3.672685e+03
A[23]= -1.485667e+02
A[24]= 1.910706e+00
chi2_min= 1.256605e+02


Cross-Covariance parameters
1.000000e+00	7.530537e-02	-3.231430e-01	-1.712177e-01	1.970386e-01	-2.294776e-01	2.267784e-01	-9.568028e-02	2.744947e-02	7.473343e-02	-7.491040e-02	7.129668e-02	-2.174346e-02	3.518059e-02	3.393256e-02	1.713261e-01	-1.554528e-01	1.041675e-01	-3.736557e-02	-1.896819e-03	8.658188e-02	-1.152352e-01	1.284415e-01	-1.216063e-01	1.448012e-01	
7.530537e-02	1.000000e+00	-9.287536e-02	2.083507e-01	-1.001805e-01	1.388826e-01	-2.016884e-01	1.486541e-01	-9.480405e-02	-5.587627e-02	5.801212e-02	-5.355160e-02	5.151553e-02	-5.111144e-02	4.819234e-02	-9.740791e-02	1.056242e-01	-1.141115e-01	8.167033e-02	-4.227888e-02	3.814546e-02	-1.475185e-02	-9.365612e-03	4.907959e-02	-8.116940e-02	
-3.231430e-01	-9.287536e-02	1.000000e+00	-1.339922e-01	-1.025571e-01	1.153557e-01	-1.071578e-01	3.823230e-02	-2.389155e-03	-1.606081e-01	1.994009e-01	-2.620141e-01	1.433586e-01	-1.127217e-01	-3.132230e-01	3.140989e-02	-1.617306e-02	5.384880e-03	-2.264331e-02	2.273226e-02	-3.080382e-01	3.562646e-01	-4.108540e-01	3.226632e-01	-2.948335e-01	
-1.712177e-01	2.083507e-01	-1.339922e-01	1.000000e+00	-5.057774e-01	6.473292e-01	-8.134613e-01	3.555957e-01	-5.208985e-03	-1.763145e-01	1.781057e-01	-1.724247e-01	6.389816e-02	-3.891462e-02	6.108733e-02	-1.936084e-01	1.934830e-01	-1.773855e-01	1.977608e-01	-1.787369e-01	2.961305e-02	-1.566127e-02	1.182377e-02	2.571802e-03	-4.355116e-03	
1.970386e-01	-1.001805e-01	-1.025571e-01	-5.057774e-01	1.000000e+00	-9.765156e-01	8.697898e-01	-8.231329e-01	5.221750e-01	3.462525e-02	-6.663063e-02	1.045532e-01	-6.487149e-02	1.096223e-01	1.612712e-02	3.653832e-01	-3.574945e-01	3.110192e-01	-3.347848e-01	2.934126e-01	8.020376e-02	-1.130588e-01	1.406225e-01	-1.500526e-01	1.620094e-01	
-2.294776e-01	1.388826e-01	1.153557e-01	6.473292e-01	-9.765156e-01	1.000000e+00	-9.540844e-01	8.386836e-01	-5.128504e-01	-5.364162e-02	8.515224e-02	-1.225965e-01	6.098550e-02	-1.036976e-01	-1.353148e-02	-3.570150e-01	3.515777e-01	-3.101527e-01	3.303112e-01	-2.861652e-01	-1.013759e-01	1.368324e-01	-1.650870e-01	1.723719e-01	-1.790539e-01	
2.267784e-01	-2.016884e-01	-1.071578e-01	-8.134613e-01	8.697898e-01	-9.540844e-01	1.000000e+00	-7.858204e-01	4.491905e-01	1.023339e-01	-1.297051e-01	1.619104e-01	-7.458230e-02	1.107414e-01	8.216516e-03	3.227580e-01	-3.220307e-01	2.910912e-01	-3.108531e-01	2.692006e-01	1.128190e-01	-1.475006e-01	1.730528e-01	-1.763306e-01	1.769394e-01	
-9.568028e-02	1.486541e-01	3.823230e-02	3.555957e-01	-8.231329e-01	8.386836e-01	-7.858204e-01	1.000000e+00	-8.809440e-01	1.019070e-01	-6.894984e-02	2.264202e-02	-3.172203e-03	-1.314293e-01	-8.078855e-03	-3.737522e-01	3.666655e-01	-3.235767e-01	3.601423e-01	-3.111827e-01	-1.963892e-01	2.228601e-01	-2.401492e-01	2.516146e-01	-2.551776e-01	
2.744947e-02	-9.480405e-02	-2.389155e-03	-5.208985e-03	5.221750e-01	-5.128504e-01	4.491905e-01	-8.809440e-01	1.000000e+00	-2.160911e-01	1.913590e-01	-1.498152e-01	7.647722e-02	1.141889e-01	8.950186e-03	3.184430e-01	-3.115522e-01	2.732904e-01	-3.080869e-01	2.692633e-01	2.151599e-01	-2.330995e-01	2.424324e-01	-2.521560e-01	2.577813e-01	
7.473343e-02	-5.587627e-02	-1.606081e-01	-1.763145e-01	3.462525e-02	-5.364162e-02	1.023339e-01	1.019070e-01	-2.160911e-01	1.000000e+00	-9.922404e-01	9.635499e-01	-9.143721e-01	8.308757e-01	1.472754e-01	-7.350135e-02	5.834909e-02	-5.840130e-02	2.037674e-02	1.710231e-02	7.733478e-02	-7.389436e-02	6.263943e-02	-3.536250e-02	3.043006e-02	
-7.491040e-02	5.801212e-02	1.994009e-01	1.781057e-01	-6.663063e-02	8.515224e-02	-1.297051e-01	-6.894984e-02	1.913590e-01	-9.922404e-01	1.000000e+00	-9.887270e-01	9.461768e-01	-8.687483e-01	-1.610339e-01	7.058286e-02	-5.460409e-02	5.462666e-02	-1.391783e-02	-2.421459e-02	-7.691801e-02	7.456544e-02	-6.503155e-02	3.174307e-02	-2.503860e-02	
7.129668e-02	-5.355160e-02	-2.620141e-01	-1.724247e-01	1.045532e-01	-1.225965e-01	1.619104e-01	2.264202e-02	-1.498152e-01	9.635499e-01	-9.887270e-01	1.000000e+00	-9.668773e-01	9.007468e-01	1.871799e-01	-6.502738e-02	4.956356e-02	-5.124161e-02	4.195002e-03	3.654060e-02	7.993013e-02	-7.960203e-02	7.323608e-02	-3.159978e-02	2.204804e-02	
-2.174346e-02	5.151553e-02	1.433586e-01	6.389816e-02	-6.487149e-02	6.098550e-02	-7.458230e-02	-3.172203e-03	7.647722e-02	-9.143721e-01	9.461768e-01	-9.668773e-01	1.000000e+00	-9.685421e-01	-1.743721e-01	5.142996e-02	-4.515981e-02	5.887765e-02	3.934292e-03	-5.403018e-02	-3.447316e-02	2.324128e-02	-5.562794e-03	-2.673693e-02	2.967167e-02	
3.518059e-02	-5.111144e-02	-1.127217e-01	-3.891462e-02	1.096223e-01	-1.036976e-01	1.107414e-01	-1.314293e-01	1.141889e-01	8.308757e-01	-8.687483e-01	9.007468e-01	-9.685421e-01	1.000000e+00	1.464429e-01	1.929629e-02	-2.523027e-02	6.599464e-03	-6.937244e-02	1.127127e-01	5.150758e-02	-4.005746e-02	2.077180e-02	9.867286e-03	-8.216215e-03	
3.393256e-02	4.819234e-02	-3.132230e-01	6.108733e-02	1.612712e-02	-1.353148e-02	8.216516e-03	-8.078855e-03	8.950186e-03	1.472754e-01	-1.610339e-01	1.871799e-01	-1.743721e-01	1.464429e-01	1.000000e+00	-1.945415e-01	3.234548e-01	-5.391396e-01	1.155225e-01	4.288053e-02	-6.208909e-02	6.817033e-02	-8.114212e-02	7.181290e-02	-8.438933e-02	
1.713261e-01	-9.740791e-02	3.140989e-02	-1.936084e-01	3.653832e-01	-3.570150e-01	3.227580e-01	-3.737522e-01	3.184430e-01	-7.350135e-02	7.058286e-02	-6.502738e-02	5.142996e-02	1.929629e-02	-1.945415e-01	1.000000e+00	-9.826669e-01	8.860541e-01	-8.986974e-01	7.764835e-01	1.739933e-01	-1.936221e-01	2.082326e-01	-2.286462e-01	2.889687e-01	
-1.554528e-01	1.056242e-01	-1.617306e-02	1.934830e-01	-3.574945e-01	3.515777e-01	-3.220307e-01	3.666655e-01	-3.115522e-01	5.834909e-02	-5.460409e-02	4.956356e-02	-4.515981e-02	-2.523027e-02	3.234548e-01	-9.826669e-01	1.000000e+00	-9.548222e-01	9.130492e-01	-7.774426e-01	-2.082438e-01	2.321064e-01	-2.529420e-01	2.645962e-01	-3.254566e-01	
1.041675e-01	-1.141115e-01	5.384880e-03	-1.773855e-01	3.110192e-01	-3.101527e-01	2.910912e-01	-3.235767e-01	2.732904e-01	-5.840130e-02	5.462666e-02	-5.124161e-02	5.887765e-02	6.599464e-03	-5.391396e-01	8.860541e-01	-9.548222e-01	1.000000e+00	-8.614479e-01	7.138922e-01	2.325253e-01	-2.622376e-01	2.935974e-01	-2.940360e-01	3.539867e-01	
-3.736557e-02	8.167033e-02	-2.264331e-02	1.977608e-01	-3.347848e-01	3.303112e-01	-3.108531e-01	3.601423e-01	-3.080869e-01	2.037674e-02	-1.391783e-02	4.195002e-03	3.934292e-03	-6.937244e-02	1.155225e-01	-8.986974e-01	9.130492e-01	-8.614479e-01	1.000000e+00	-9.569369e-01	-1.464607e-01	1.665957e-01	-1.871748e-01	2.208102e-01	-3.036035e-01	
-1.896819e-03	-4.227888e-02	2.273226e-02	-1.787369e-01	2.934126e-01	-2.861652e-01	2.692006e-01	-3.111827e-01	2.692633e-01	1.710231e-02	-2.421459e-02	3.654060e-02	-5.403018e-02	1.127127e-01	4.288053e-02	7.764835e-01	-7.774426e-01	7.138922e-01	-9.569369e-01	1.000000e+00	6.170425e-02	-7.624084e-02	9.326251e-02	-1.373900e-01	2.344124e-01	
8.658188e-02	3.814546e-02	-3.080382e-01	2.961305e-02	8.020376e-02	-1.013759e-01	1.128190e-01	-1.963892e-01	2.151599e-01	7.733478e-02	-7.691801e-02	7.993013e-02	-3.447316e-02	5.150758e-02	-6.208909e-02	1.739933e-01	-2.082438e-01	2.325253e-01	-1.464607e-01	6.170425e-02	1.000000e+00	-9.923320e-01	9.646205e-01	-9.240864e-01	8.558445e-01	
-1.152352e-01	-1.475185e-02	3.562646e-01	-1.566127e-02	-1.130588e-01	1.368324e-01	-1.475006e-01	2.228601e-01	-2.330995e-01	-7.389436e-02	7.456544e-02	-7.960203e-02	2.324128e-02	-4.005746e-02	6.817033e-02	-1.936221e-01	2.321064e-01	-2.622376e-01	1.665957e-01	-7.624084e-02	-9.923320e-01	1.000000e+00	-9.893166e-01	9.564378e-01	-8.960289e-01	
1.284415e-01	-9.365612e-03	-4.108540e-01	1.182377e-02	1.406225e-01	-1.650870e-01	1.730528e-01	-2.401492e-01	2.424324e-01	6.263943e-02	-6.503155e-02	7.323608e-02	-5.562794e-03	2.077180e-02	-8.114212e-02	2.082326e-01	-2.529420e-01	2.935974e-01	-1.871748e-01	9.326251e-02	9.646205e-01	-9.893166e-01	1.000000e+00	-9.780849e-01	9.298959e-01	
-1.216063e-01	4.907959e-02	3.226632e-01	2.571802e-03	-1.500526e-01	1.723719e-01	-1.763306e-01	2.516146e-01	-2.521560e-01	-3.536250e-02	3.174307e-02	-3.159978e-02	-2.673693e-02	9.867286e-03	7.181290e-02	-2.286462e-01	2.645962e-01	-2.940360e-01	2.208102e-01	-1.373900e-01	-9.240864e-01	9.564378e-01	-9.780849e-01	1.000000e+00	-9.792848e-01	
1.448012e-01	-8.116940e-02	-2.948335e-01	-4.355116e-03	1.620094e-01	-1.790539e-01	1.769394e-01	-2.551776e-01	2.577813e-01	3.043006e-02	-2.503860e-02	2.204804e-02	2.967167e-02	-8.216215e-03	-8.438933e-02	2.889687e-01	-3.254566e-01	3.539867e-01	-3.036035e-01	2.344124e-01	8.558445e-01	-8.960289e-01	9.298959e-01	-9.792848e-01	1.000000e+00	

Time taken for mcmc chain: 8.400000 minutes
