       1.204513915069e-04       7.228360146341e+03 
       1.329517040484e-04       5.960678720694e+03 
       1.457026399788e-04       5.056133333537e+03 
       1.587332198135e-04       4.392942467011e+03 
       1.720741850315e-04       3.896014893077e+03 
       1.857582067550e-04       3.517235083855e+03 
       1.998201091010e-04       3.224744848594e+03 
       2.142971080890e-04       2.996846934280e+03 
       2.292290667135e-04       2.818399750879e+03 
       2.446587663903e-04       2.678611574118e+03 
       2.606321944255e-04       2.569650064002e+03 
       2.771988463935e-04       2.485742169024e+03 
       2.944120412829e-04       2.422577465717e+03 
       3.123292459286e-04       2.376904232952e+03 
       3.310124035099e-04       2.346250527081e+03 
       3.505282587016e-04       2.328728313787e+03 
       3.709486693387e-04       2.322893478012e+03 
       3.923508911506e-04       2.327644301653e+03 
       4.148178182075e-04       2.342146665539e+03 
       4.384381572430e-04       2.365777969428e+03 
       4.633065090887e-04       2.398084395028e+03 
       4.895233253376e-04       2.438747595291e+03 
       5.171947034732e-04       2.487558086491e+03 
       5.464319797148e-04       2.544393214930e+03 
       5.773510766578e-04       2.609198463479e+03 
       6.100715635908e-04       2.681970627815e+03 
       6.447153925265e-04       2.762742388950e+03 
       6.814052839004e-04       2.851567687086e+03 
       7.202627537374e-04       2.948507126868e+03 
       7.614057994458e-04       3.053614058151e+03 
       8.049462937043e-04       3.166920553890e+03 
       8.509871730990e-04       3.288424071012e+03 
       8.996195463183e-04       3.418075126008e+03 
       9.509198802454e-04       3.555766347358e+03 
       1.004947444609e-03       3.701323494439e+03 
       1.061742200667e-03       3.854499634192e+03 
       1.121323302367e-03       4.014971973271e+03 
       1.183688338749e-03       4.182327007901e+03 
       1.248813387699e-03       4.356106199769e+03 
       1.316653881330e-03       4.535782757639e+03 
       1.387146212853e-03       4.720772205134e+03 
       1.460209954544e-03       4.910449729491e+03 
       1.535750514770e-03       5.104163915875e+03 
       1.613662043573e-03       5.301250246675e+03 
       1.693830400608e-03       5.501044006573e+03 
       1.776136022293e-03       5.702892043941e+03 
       1.860456560254e-03       5.906162788521e+03 
       1.946669203573e-03       6.110254427715e+03 
       2.034652636742e-03       6.314600762142e+03 
       2.124288619415e-03       6.518678468761e+03 
       2.215463200545e-03       6.722004352701e+03 
       2.308067597895e-03       6.924141527883e+03 
       2.401998784632e-03       7.124696308307e+03 
       2.497159829407e-03       7.323318559721e+03 
       2.593460036261e-03       7.519697405124e+03 
       2.690814927705e-03       7.713560385438e+03 
       2.789146109446e-03       7.904670222168e+03 
       2.888381049656e-03       8.092822485435e+03 
       2.988452799939e-03       8.277842115893e+03 
       3.089299679804e-03       8.459581042283e+03 
       3.190864941660e-03       8.637914946445e+03 
       3.293096429245e-03       8.812742416688e+03 
       3.395946239015e-03       8.983980982384e+03 
       3.499370391245e-03       9.151566271894e+03 
       3.603328515444e-03       9.315448837931e+03 
       3.707783552991e-03       9.475597296830e+03 
       3.812701478610e-03       9.631985511397e+03 
       3.918051041398e-03       9.784605478400e+03 
       4.023803525397e-03       9.933454829902e+03 
       4.129932529251e-03       1.007853771959e+04 
       4.236413764148e-03       1.021987085187e+04 
       4.343224869073e-03       1.035746923305e+04 
       4.450345242243e-03       1.049136019016e+04 
       4.557755887588e-03       1.062157145856e+04 
       4.665439275106e-03       1.074813191440e+04 
       4.773379213948e-03       1.087108491711e+04 
       4.881560737166e-03       1.099045603817e+04 
       4.989969997065e-03       1.110630368998e+04 
       5.098594170227e-03       1.121866031981e+04 
       5.207421371287e-03       1.132756969199e+04 
       5.316440574666e-03       1.143307752473e+04 
       5.425641543487e-03       1.153523392524e+04 
       5.535014765001e-03       1.163408391125e+04 
       5.644551391897e-03       1.172967829128e+04 
       5.754243188930e-03       1.182206768297e+04 
       5.864082484353e-03       1.191129773958e+04 
       5.974062125696e-03       1.199742065438e+04 
       6.084175439471e-03       1.208048659165e+04 
       6.194416194429e-03       1.216054766946e+04 
       6.304778568029e-03       1.223765202615e+04 
       6.415257115814e-03       1.231184510720e+04 
       6.525846743425e-03       1.238317640164e+04 
       6.636542680995e-03       1.245169695121e+04 
       6.747340459706e-03       1.251745528434e+04 
       6.858235890317e-03       1.258049308982e+04 
       6.969225043462e-03       1.264086465636e+04 
       7.080304231577e-03       1.269861719846e+04 
       7.191469992292e-03       1.275379095370e+04 
       7.302719073172e-03       1.280643064763e+04 
       7.414048417666e-03       1.285658280135e+04 
       7.525455152179e-03       1.290429856569e+04 
       7.636936574156e-03       1.294961186755e+04 
       7.748490141089e-03       1.299256624531e+04 
       7.860113460375e-03       1.303320206114e+04 
       7.971804279944e-03       1.307156791393e+04 
       8.083560479605e-03       1.310769418988e+04 
       8.195380063029e-03       1.314162474711e+04 
       8.307261150336e-03       1.317339704644e+04 
       8.419201971229e-03       1.320304583321e+04 
       8.531200858621e-03       1.323061249605e+04 
       8.643256242738e-03       1.325612430114e+04 
       8.755366645633e-03       1.327963212811e+04 
       8.867530676095e-03       1.330116123918e+04 
       8.979747024926e-03       1.332075775477e+04 
       9.092014460538e-03       1.333844821304e+04 
       9.204331824865e-03       1.335426213343e+04 
       9.316698029556e-03       1.336823744576e+04 
       9.429112052431e-03       1.338041999792e+04 
       9.541572934178e-03       1.339082354740e+04 
       9.654079775275e-03       1.339949640436e+04 
       9.766631733122e-03       1.340645813624e+04 
       9.879228019361e-03       1.341174813663e+04 
       9.991867897385e-03       1.341539814611e+04 
       1.010455068000e-02       1.341742521781e+04 
       1.021727572726e-02       1.341787403353e+04 
       1.033004244443e-02       1.341676879477e+04 
       1.044285028009e-02       1.341413805019e+04 
       1.055569872434e-02       1.341000278533e+04 
       1.066858730721e-02       1.340440805026e+04 
       1.078151559703e-02       1.339736892965e+04 
       1.089448319907e-02       1.338892250696e+04 
       1.100748975412e-02       1.337909489355e+04 
       1.112053493726e-02       1.336790371121e+04 
       1.123361845673e-02       1.335539747676e+04 
       1.134674005273e-02       1.334157017169e+04 
       1.145989949652e-02       1.332647400763e+04 
       1.157309658935e-02       1.331011394869e+04 
       1.168633116166e-02       1.329251637524e+04 
       1.179960307222e-02       1.327370317127e+04 
       1.191291220733e-02       1.325370701643e+04 
       1.202625848018e-02       1.323254307010e+04 
       1.213964183011e-02       1.321024695290e+04 
       1.225306222202e-02       1.318682331481e+04 
       1.236651964585e-02       1.316230729613e+04 
       1.248001411598e-02       1.313671572054e+04 
       1.259354567078e-02       1.311007520170e+04 
       1.270711437218e-02       1.308238986122e+04 
       1.282072030526e-02       1.305371283796e+04 
       1.293436357783e-02       1.302403521446e+04 
       1.304804432016e-02       1.299338668906e+04 
       1.316176268464e-02       1.296179373211e+04 
       1.327551884550e-02       1.292926002199e+04 
       1.338931299857e-02       1.289583034110e+04 
       1.350314536109e-02       1.286150819567e+04 
       1.361701617148e-02       1.282630092311e+04 
       1.373092568920e-02       1.279025089811e+04 
       1.384487419460e-02       1.275336419389e+04 
       1.395886198881e-02       1.271566068639e+04 
       1.407288939367e-02       1.267715637337e+04 
       1.418695675161e-02       1.263787821377e+04 
       1.430106442567e-02       1.259783290809e+04 
       1.441521279940e-02       1.255704484541e+04 
       1.452940227693e-02       1.251552231486e+04 
       1.464363328294e-02       1.247329358403e+04 
       1.475790626268e-02       1.243038193418e+04 
       1.487222168209e-02       1.238677193080e+04 
       1.498658002781e-02       1.234251372479e+04 
       1.510098180727e-02       1.229760188908e+04 
       1.521542754886e-02       1.225207708796e+04 
       1.532991780200e-02       1.220592570310e+04 
       1.544445313729e-02       1.215918363217e+04 
       1.555903414670e-02       1.211185751785e+04 
       1.567366144373e-02       1.206394975029e+04 
       1.578833566359e-02       1.201550837931e+04 
       1.590305746344e-02       1.196652559390e+04 
       1.601782752261e-02       1.191702255997e+04 
       1.613264654284e-02       1.186701940877e+04 
       1.624751524852e-02       1.181653472892e+04 
       1.636243438704e-02       1.176553802398e+04 
       1.647740472898e-02       1.171409950506e+04 
       1.659242706853e-02       1.166219880859e+04 
       1.670750222373e-02       1.160988737469e+04 
       1.682263103687e-02       1.155713962699e+04 
       1.693781437482e-02       1.150399612923e+04 
       1.705305312944e-02       1.145045465993e+04 
       1.716834821793e-02       1.139652930976e+04 
       1.728370058330e-02       1.134223471602e+04 
       1.739911119475e-02       1.128758511524e+04 
       1.751458104816e-02       1.123262054068e+04 
       1.763011116652e-02       1.117731760900e+04 
       1.774570260044e-02       1.112168482316e+04 
       1.786135642864e-02       1.106572610058e+04 
       1.797707375849e-02       1.100954832909e+04 
       1.809285572653e-02       1.095304941156e+04 
       1.820870349905e-02       1.089629672981e+04 
       1.832461827265e-02       1.083930334596e+04 
       1.844060127486e-02       1.078204624798e+04 
       1.855665376478e-02       1.072456373438e+04 
       1.867277703368e-02       1.066685977641e+04 
       1.878897240570e-02       1.060894981392e+04 
       1.890524123853e-02       1.055085005436e+04 
       1.902158492413e-02       1.049259421147e+04 
       1.913800488943e-02       1.043412477755e+04 
       1.925450259715e-02       1.037548689895e+04 
       1.937107954654e-02       1.031672761107e+04 
       1.948773727422e-02       1.025781088532e+04 
       1.960447735497e-02       1.019873629691e+04 
       1.972130140266e-02       1.013959441149e+04 
       1.983821107110e-02       1.008030889450e+04 
       1.995520805496e-02       1.002093434498e+04 
       2.007229409074e-02       9.961443094174e+03 
       2.018947095775e-02       9.901866118048e+03 
       2.030674047910e-02       9.842250802845e+03 
       2.042410452279e-02       9.782571869245e+03 
       2.054156500273e-02       9.722741954650e+03 
       2.065912387991e-02       9.662993996539e+03 
       2.077678316351e-02       9.603138617760e+03 
       2.089454491213e-02       9.543244397985e+03 
       2.101241123495e-02       9.483358283733e+03 
       2.113038429306e-02       9.423466145275e+03 
       2.124846630074e-02       9.363561158415e+03 
       2.136665952680e-02       9.303656882116e+03 
       2.148496629600e-02       9.243754411537e+03 
       2.160338899043e-02       9.183875738894e+03 
       2.172193005109e-02       9.124080206355e+03 
       2.184059197932e-02       9.064259671634e+03 
       2.195937733848e-02       9.004519631562e+03 
       2.207828875550e-02       8.944789124153e+03 
       2.219732892266e-02       8.885146987044e+03 
       2.231650059927e-02       8.825561770413e+03 
       2.243580661350e-02       8.766054569038e+03 
       2.255524986428e-02       8.706612191903e+03 
       2.267483332318e-02       8.647209218870e+03 
       2.279456003645e-02       8.588008062566e+03 
       2.291443312708e-02       8.528866116835e+03 
       2.303445579692e-02       8.469805840181e+03 
       2.315463132893e-02       8.410881829598e+03 
       2.327496308942e-02       8.352065086967e+03 
       2.339545453049e-02       8.293380569497e+03 
       2.351610919241e-02       8.234825420478e+03 
       2.363693070622e-02       8.176426299760e+03 
       2.375792279635e-02       8.118134267625e+03 
       2.387908928334e-02       8.059999600881e+03 
       2.400043408668e-02       8.002010597502e+03 
       2.412196122771e-02       7.944230510726e+03 
       2.424367483271e-02       7.886550320014e+03 
       2.436557913604e-02       7.829070765445e+03 
       2.448767848336e-02       7.771763613719e+03 
       2.460997733509e-02       7.714647094038e+03 
       2.473248026989e-02       7.657684458060e+03 
       2.485519198832e-02       7.600934887933e+03 
       2.497811731666e-02       7.544376971442e+03 
       2.510126121082e-02       7.488013444141e+03 
       2.522462876045e-02       7.431863962890e+03 
       2.534822519319e-02       7.375908670012e+03 
       2.547205587911e-02       7.320151380365e+03 
       2.559612633530e-02       7.264601900237e+03 
       2.572044223065e-02       7.209300562404e+03 
       2.584500939084e-02       7.154207061806e+03 
       2.596983380350e-02       7.099315643734e+03 
       2.609492162364e-02       7.044686452749e+03 
       2.622027917926e-02       6.990286330363e+03 
       2.634591297718e-02       6.936088307952e+03 
       2.647182970916e-02       6.882199870154e+03 
       2.659803625827e-02       6.828524624046e+03 
       2.672453970548e-02       6.775039912497e+03 
       2.685134733665e-02       6.721881472715e+03 
       2.697846664969e-02       6.668937462406e+03 
       2.710590536212e-02       6.616248661654e+03 
       2.723367141896e-02       6.563800952523e+03 
       2.736177300094e-02       6.511693041639e+03 
       2.749021853308e-02       6.459729197328e+03 
       2.761901669373e-02       6.408105810006e+03 
       2.774817642393e-02       6.356703813320e+03 
       2.787770693728e-02       6.305566055886e+03 
       2.800761773021e-02       6.254759163412e+03 
       2.813791859280e-02       6.204193645909e+03 
       2.826861962007e-02       6.153894177823e+03 
       2.839973122384e-02       6.103897247137e+03 
       2.853126414515e-02       6.054171713756e+03 
       2.866322946727e-02       6.004722628580e+03 
       2.879563862946e-02       5.955572063880e+03 
       2.892850344125e-02       5.906654406377e+03 
       2.906183609761e-02       5.858081546446e+03 
       2.919564919477e-02       5.809766256110e+03 
       2.932995574694e-02       5.761724277141e+03 
       2.946476920389e-02       5.714001367463e+03 
       2.960010346938e-02       5.666560985671e+03 
       2.973597292068e-02       5.619414401642e+03 
       2.987239242910e-02       5.572542724670e+03 
       3.000937738160e-02       5.525976528266e+03 
       3.014694370362e-02       5.479679305971e+03 
       3.028510788323e-02       5.433714774843e+03 
       3.042388699654e-02       5.388021000784e+03 
       3.056329873462e-02       5.342660955981e+03 
       3.070336143197e-02       5.297568796799e+03 
       3.084409409660e-02       5.252781898627e+03 
       3.098551644194e-02       5.208316024624e+03 
       3.112764892062e-02       5.164119159375e+03 
       3.127051276026e-02       5.120163732470e+03 
       3.141413000149e-02       5.076578756846e+03 
       3.155852353829e-02       5.033374119486e+03 
       3.170371716083e-02       4.990364760643e+03 
       3.184973560105e-02       4.947682909012e+03 
       3.199660458119e-02       4.905283160616e+03 
       3.214435086532e-02       4.863183012443e+03 
       3.229300231445e-02       4.821415469237e+03 
       3.244258794515e-02       4.779956663211e+03 
       3.259313799215e-02       4.738763820419e+03 
       3.274468397531e-02       4.697891611358e+03 
       3.289725877104e-02       4.657320272241e+03 
       3.305089668889e-02       4.617035332434e+03 
       3.320563355346e-02       4.577063307746e+03 
       3.336150679232e-02       4.537401174433e+03 
       3.351855553021e-02       4.498049129732e+03 
       3.367682069033e-02       4.458987347593e+03 
       3.383634510319e-02       4.420206702618e+03 
       3.399717362376e-02       4.381727396744e+03 
       3.415935325766e-02       4.343575648976e+03 
       3.432293329729e-02       4.305714760545e+03 
       3.448796546876e-02       4.268153327967e+03 
       3.465450409075e-02       4.230905550228e+03 
       3.482260624640e-02       4.193924078548e+03 
       3.499233196954e-02       4.157284177881e+03 
       3.516374444672e-02       4.120904287359e+03 
       3.533691023663e-02       4.084860739421e+03 
       3.551189950881e-02       4.049089891455e+03 
       3.568878630350e-02       4.013553692981e+03 
       3.586764881520e-02       3.978496373796e+03 
       3.604856970216e-02       3.943621615756e+03 
       3.623163642511e-02       3.909069066784e+03 
       3.641694161814e-02       3.874820750486e+03 
       3.660458349576e-02       3.840865140747e+03 
       3.679466630018e-02       3.807202698827e+03 
       3.698730079371e-02       3.773866008914e+03 
       3.718260480181e-02       3.740821222056e+03 
       3.738070381294e-02       3.708085510081e+03 
       3.758173164263e-02       3.675647581054e+03 
       3.778583116976e-02       3.643478880327e+03 
       3.799315515487e-02       3.611689750493e+03 
       3.820386715127e-02       3.580199283657e+03 
       3.841814252177e-02       3.548975280920e+03 
       3.863616957590e-02       3.518101442947e+03 
       3.885815084467e-02       3.487546684361e+03 
       3.908430451311e-02       3.457284799265e+03 
       3.931486603409e-02       3.427363845398e+03 
       3.955008995108e-02       3.397751598101e+03 
       3.979025196258e-02       3.368481479876e+03 
       4.003565126669e-02       3.339538903067e+03 
       4.028661323184e-02       3.310935024429e+03 
       4.054349244818e-02       3.282693473796e+03 
       4.080667622495e-02       3.254787004793e+03 
       4.107658861251e-02       3.227242785377e+03 
       4.135369504328e-02       3.200082223135e+03 
       4.163850770631e-02       3.173267097790e+03 
       4.193159179450e-02       3.146849228075e+03 
       4.223357279425e-02       3.120839511437e+03 
       4.254514502583e-02       3.095223152300e+03 
       4.286708169061e-02       3.070041535177e+03 
       4.320024674215e-02       3.045268381545e+03 
       4.354560897469e-02       3.020981989915e+03 
       4.390425881994e-02       2.997175305505e+03 
       4.427742846646e-02       2.973817097085e+03 
       4.466651607395e-02       2.950998841240e+03 
       4.507311505520e-02       2.928706756991e+03 
       4.549904965463e-02       2.907006582093e+03 
       4.594641837607e-02       2.885855013986e+03 
       4.641764722013e-02       2.865326604818e+03 
       4.691555519475e-02       2.845415148535e+03 
       4.744343516795e-02       2.826156113158e+03 
       4.800515382204e-02       2.807564316009e+03 
       4.860527517682e-02       2.789613156727e+03 
       4.924921270028e-02       2.772276713545e+03 
       4.994341502249e-02       2.755465900063e+03 
       5.069558888413e-02       2.739052116604e+03 
       5.151495854712e-02       2.722781109777e+03 
       5.241255040059e-02       2.706220210774e+03 
       5.340146954130e-02       2.688710105529e+03 
       5.449709333924e-02       2.669163650127e+03 
       5.571703532711e-02       2.645983089894e+03 
       5.708062754743e-02       2.616728610708e+03 
       5.860755860061e-02       2.578014035509e+03 
       6.031529657709e-02       2.525384989565e+03 
       6.221524774201e-02       2.453699307947e+03 
       6.430847001287e-02       2.358134652904e+03 
       6.658289648920e-02       2.235882226143e+03 
       6.901422987745e-02       2.087925207538e+03 
       7.157084108111e-02       1.919893262134e+03 
       7.422031610150e-02       1.741217179402e+03 
       7.693452955002e-02       1.563035079618e+03 
       7.969182735931e-02       1.395823229508e+03 
       8.247687629793e-02       1.247653141691e+03 
       8.527941457940e-02       1.123449421914e+03 
       8.809282253437e-02       1.025113778363e+03 
       9.091292858787e-02       9.520110941607e+02 
       9.373714190635e-02       9.017545396372e+02 
       9.656386770272e-02       8.707881310824e+02 
       9.939212955521e-02       8.547821950770e+02 
       1.022213314925e-01       8.489778407270e+02 
       1.050511103474e-01       8.484467471802e+02 
       1.078812449494e-01       8.484113713030e+02 
       1.107116005747e-01       8.446384046682e+02 
       1.135420950750e-01       8.338615940266e+02 
       1.163726782647e-01       8.141110245760e+02 
       1.192033193895e-01       7.848878949550e+02 
       1.220339995145e-01       7.470909457514e+02 
       1.248647068995e-01       7.027450820951e+02 
       1.276954341912e-01       6.545671837004e+02 
       1.305261767168e-01       6.055004879437e+02 
       1.333569314469e-01       5.582877888207e+02 
       1.361876963645e-01       5.151685089562e+02 
       1.390184700810e-01       4.777139215075e+02 
       1.418492516018e-01       4.467912176041e+02 
       1.446800401827e-01       4.226273565221e+02 
       1.475108352420e-01       4.049122475493e+02 
       1.503416363060e-01       3.929207528420e+02 
       1.531724429752e-01       3.856213782957e+02 
       1.560032549033e-01       3.817804022127e+02 
       1.588340717830e-01       3.800994068232e+02 
       1.616648933377e-01       3.793973340121e+02 
       1.644957193153e-01       3.781648229661e+02 
       1.673265494842e-01       3.753248401783e+02 
       1.701573836303e-01       3.701088662617e+02 
       1.729882215547e-01       3.621386640169e+02 
       1.758190630724e-01       3.514309774717e+02 
       1.786499080104e-01       3.383508736436e+02 
       1.814807562071e-01       3.235274325400e+02 
       1.843116075109e-01       3.077157249672e+02 
       1.871424617795e-01       2.916979180490e+02 
       1.899733188794e-01       2.761903428148e+02 
       1.928041786849e-01       2.617835520312e+02 
       1.956350410776e-01       2.489249703301e+02 
       1.984659059461e-01       2.378931384960e+02 
       2.012967731851e-01       2.288073771802e+02 
       2.041276426953e-01       2.216349474395e+02 
       2.069585143830e-01       2.162048326717e+02 
       2.097893881593e-01       2.122342918253e+02 
       2.126202639403e-01       2.093624899699e+02 
       2.154511416465e-01       2.071857646364e+02 
       2.182820212024e-01       2.052993176609e+02 
       2.211129025366e-01       2.033335043689e+02 
       2.239437855813e-01       2.009825796373e+02 
       2.267746702719e-01       1.980251466387e+02 
       2.296055565472e-01       1.943350427869e+02 
       2.324364443490e-01       1.898814976833e+02 
       2.352673336218e-01       1.847294040433e+02 
       2.380982243128e-01       1.790200743993e+02 
       2.409291163718e-01       1.729539909937e+02 
       2.437600097509e-01       1.667620077721e+02 
       2.465909044043e-01       1.606721978244e+02 
       2.494218002883e-01       1.548891483900e+02 
       2.522526973614e-01       1.495670027276e+02 
       2.550835955837e-01       1.448042173564e+02 
       2.579144949171e-01       1.406449838901e+02 
       2.607453953253e-01       1.370832857651e+02 
       2.635762967735e-01       1.340758615017e+02 
       2.664071992283e-01       1.315476983083e+02 
       2.692381026579e-01       1.294024623266e+02 
       2.720690070315e-01       1.275293593093e+02 
       2.748999123200e-01       1.258099161669e+02 
       2.777308184952e-01       1.241297205509e+02 
       2.805617255301e-01       1.223881136709e+02 
       2.833926333989e-01       1.205079730300e+02 
       2.862235420766e-01       1.184429977917e+02 
       2.890544515394e-01       1.161782345515e+02 
       2.918853617644e-01       1.137276750977e+02 
       2.947162727294e-01       1.111269804030e+02 
       2.975471844132e-01       1.084252273640e+02 
       3.003780967955e-01       1.056814041129e+02 
       3.032090098566e-01       1.029539243536e+02 
       3.060399235775e-01       1.003012353523e+02 
       3.088708379400e-01       9.777430229577e+01 
       3.117017529266e-01       9.541274430715e+01 
       3.145326685203e-01       9.324219968362e+01 
       3.173635847049e-01       9.127058058292e+01 
       3.201945014645e-01       8.949133725381e+01 
       3.230254187841e-01       8.788210960290e+01 
       3.258563366488e-01       8.641228534589e+01 
       3.286872550447e-01       8.504837921141e+01 
       3.315181739580e-01       8.375548477777e+01 
       3.343490933755e-01       8.250325805363e+01 
       3.371800132844e-01       8.126484614099e+01 
       3.400109336726e-01       8.001844694705e+01 
       3.428418545279e-01       7.874761569332e+01 
       3.456727758390e-01       7.744163813829e+01 
       3.485036975946e-01       7.609741849244e+01 
       3.513346197840e-01       7.471894669477e+01 
       3.541655423967e-01       7.331687128149e+01 
       3.569964654227e-01       7.190616109749e+01 
       3.598273888520e-01       7.050330990140e+01 
       3.626583126753e-01       6.912405717041e+01 
       3.654892368833e-01       6.778129100350e+01 
       3.683201614672e-01       6.648547948664e+01 
       3.711510864183e-01       6.524370590821e+01 
       3.739820117282e-01       6.406176572709e+01 
       3.768129373889e-01       6.294244179676e+01 
       3.796438633924e-01       6.188655393310e+01 
       3.824747897311e-01       6.089107126285e+01 
       3.853057163976e-01       5.994893100027e+01 
       3.881366433846e-01       5.905187002226e+01 
       3.909675706853e-01       5.818744162862e+01 
       3.937984982928e-01       5.734543820293e+01 
       3.966294262006e-01       5.651608028541e+01 
       3.994603544021e-01       5.569241228177e+01 
       4.022912828912e-01       5.486965253135e+01 
       4.051222116619e-01       5.404517059765e+01 
       4.079531407083e-01       5.321758843511e+01 
       4.107840700245e-01       5.238690336234e+01 
       4.136149996052e-01       5.155481527212e+01 
       4.164459294448e-01       5.072488341766e+01 
       4.192768595382e-01       4.990237520777e+01 
       4.221077898801e-01       4.909341607055e+01 
       4.249387204657e-01       4.830410126380e+01 
       4.277696512899e-01       4.753912247859e+01 
       4.306005823483e-01       4.680108341177e+01 
       4.334315136360e-01       4.609061493622e+01 
       4.362624451487e-01       4.540667032077e+01 
       4.390933768819e-01       4.474738711607e+01 
       4.419243088315e-01       4.411062736149e+01 
       4.447552409933e-01       4.349418576598e+01 
       4.475861733632e-01       4.289558691544e+01 
       4.504171059373e-01       4.231202031987e+01 
       4.532480387118e-01       4.174004677516e+01 
       4.560789716829e-01       4.117654556312e+01 
       4.589099048470e-01       4.061883733495e+01 
       4.617408382005e-01       4.006538286583e+01 
       4.645717717399e-01       3.951594667535e+01 
       4.674027054620e-01       3.897128367881e+01 
       4.702336393632e-01       3.843253975326e+01 
       4.730645734405e-01       3.790082104323e+01 
       4.758955076906e-01       3.737675972855e+01 
       4.787264421105e-01       3.686071565217e+01 
       5.004613985907e-01       3.323897179429e+01 
       5.246384502812e-01       2.985983124379e+01 
       5.520056339390e-01       2.651868648390e+01 
       5.837150467883e-01       2.329905842588e+01 
       6.216514415790e-01       2.010373073498e+01 
       6.691351841184e-01       1.691041235257e+01 
       7.325438003996e-01       1.365062441384e+01 
       8.251152150078e-01       1.027834206345e+01 
       9.731604055405e-01       6.907719557901e+00 
       1.204864056372e+00       4.104017640303e+00 
