Number of steps: 5754177
Number of accepted steps: 1000000
Burn-in number of steps: 320000
Accepted fraction of steps: 0.173787
Convergence Status
R[0]= 1.005340	R[1]= 1.010133	R[2]= 1.120937	R[3]= 1.069618	R[4]= 1.009671	R[5]= 1.011188	R[6]= 1.012416	R[7]= 1.001054	R[8]= 1.001207	R[9]= 1.004822	R[10]= 1.008957	R[11]= 1.015679	R[12]= 1.004606	R[13]= 1.007923	R[14]= 1.067935	R[15]= 1.002579	R[16]= 1.003085	R[17]= 1.003609	R[18]= 1.000683	R[19]= 1.000850	R[20]= 1.014129	R[21]= 1.021926	R[22]= 1.032455	R[23]= 1.002409	R[24]= 1.006927	
<R>= 1.017605

Mean parameters
A[0]= 8.966486e-01 pm 3.241853e-02
A[1]= 1.003036e+00 pm 2.772108e-02
A[2]= 6.515884e-01 pm 4.340691e-01
A[3]= 3.516410e+00 pm 1.213056e+00
A[4]= -2.717429e+03 pm 3.657133e+03
A[5]= 1.322464e+03 pm 2.390463e+03
A[6]= 8.653388e+01 pm 5.528162e+02
A[7]= 1.230065e+01 pm 1.245427e+01
A[8]= -2.115851e-01 pm 1.811740e-01
A[9]= -2.719510e+03 pm 7.743448e+03
A[10]= 1.075331e+03 pm 4.632186e+03
A[11]= -3.412016e+02 pm 9.665198e+02
A[12]= 7.763167e+00 pm 4.508157e+01
A[13]= -2.302210e-01 pm 8.917411e-01
A[14]= 5.226086e+00 pm 1.711985e+00
A[15]= -9.708025e+03 pm 4.984234e+03
A[16]= 6.396703e+03 pm 3.283232e+03
A[17]= -1.116370e+03 pm 7.652720e+02
A[18]= 1.367028e+01 pm 1.807526e+01
A[19]= -1.198560e-02 pm 2.565854e-01
A[20]= -2.815379e+03 pm 1.101378e+04
A[21]= 1.459103e+03 pm 6.694259e+03
A[22]= -6.428646e+02 pm 1.419967e+03
A[23]= 8.035829e-01 pm 6.282169e+01
A[24]= -2.620568e-01 pm 1.243553e+00

Best-fitting parameters
A[0]= 9.090426e-01
A[1]= 1.000626e+00
A[2]= 6.851149e-01
A[3]= 3.589908e+00
A[4]= -3.606207e+03
A[5]= 2.005075e+03
A[6]= -9.202159e+01
A[7]= 1.242605e+01
A[8]= -2.019027e-01
A[9]= -6.377056e+03
A[10]= 3.229546e+03
A[11]= -8.008628e+02
A[12]= 1.382311e+01
A[13]= -3.235326e-01
A[14]= 5.651273e+00
A[15]= -1.234708e+04
A[16]= 8.194341e+03
A[17]= -1.562002e+03
A[18]= 1.107695e+01
A[19]= 5.849193e-02
A[20]= -6.184319e+03
A[21]= 4.023823e+03
A[22]= -1.304171e+03
A[23]= 6.242564e+00
A[24]= -2.591109e-01
chi2_min= 9.948725e+01


Cross-Covariance parameters
1.000000e+00	-5.140641e-01	-1.811849e-01	1.110388e-01	3.216249e-02	-2.721405e-02	1.526872e-02	2.728089e-02	-1.065027e-02	1.105503e-02	2.205239e-05	-2.975421e-02	1.285829e-01	-9.474270e-02	9.194598e-02	6.388659e-02	-6.386707e-02	5.492455e-02	4.705876e-02	-4.913685e-02	2.874958e-02	-1.938973e-02	-1.013141e-02	1.436712e-01	-1.228271e-01	
-5.140641e-01	1.000000e+00	1.812128e-01	-2.201265e-01	1.948365e-02	-2.589423e-02	2.218028e-02	1.364151e-01	-1.440097e-01	3.146989e-02	-4.132003e-02	5.960559e-02	-1.149431e-01	5.675596e-02	-2.036022e-01	-2.165045e-02	2.930787e-02	-4.181368e-02	1.414837e-01	-1.197443e-01	-1.765886e-02	1.412463e-02	2.924199e-03	-1.010062e-01	7.079740e-02	
-1.811849e-01	1.812128e-01	1.000000e+00	-6.989309e-01	2.320446e-02	-2.064962e-02	2.565729e-02	-7.406501e-02	4.917434e-02	-3.702206e-01	4.819923e-01	-6.117355e-01	-2.001949e-01	3.243560e-01	-6.713788e-01	-8.389670e-02	9.373597e-02	-9.339790e-02	-5.467377e-02	8.077305e-02	-4.187168e-01	5.338071e-01	-6.625154e-01	-2.271739e-01	3.735195e-01	
1.110388e-01	-2.201265e-01	-6.989309e-01	1.000000e+00	-5.465149e-01	6.025793e-01	-6.446487e-01	7.682136e-02	1.988783e-01	1.643889e-01	-2.172347e-01	2.866377e-01	7.748419e-02	-9.952404e-02	5.175592e-01	2.583776e-02	-2.994749e-02	2.955716e-02	1.406553e-02	-2.232989e-02	2.885359e-01	-3.683592e-01	4.574991e-01	1.453253e-01	-2.421468e-01	
3.216249e-02	1.948365e-02	2.320446e-02	-5.465149e-01	1.000000e+00	-9.849888e-01	9.440830e-01	-5.562719e-01	1.624405e-01	9.200020e-02	-1.309568e-01	1.696877e-01	9.273766e-02	-9.716455e-02	-5.773974e-02	6.071137e-02	-6.656119e-02	6.974192e-02	1.287117e-02	-3.594158e-02	1.976136e-02	-1.987316e-02	1.856561e-02	9.303132e-03	-1.521427e-02	
-2.721405e-02	-2.589423e-02	-2.064962e-02	6.025793e-01	-9.849888e-01	1.000000e+00	-9.863714e-01	4.852564e-01	-8.005464e-02	-1.051327e-01	1.485835e-01	-1.918470e-01	-1.049120e-01	1.258887e-01	5.752855e-02	-6.539093e-02	7.124534e-02	-7.424500e-02	-1.154970e-02	3.600113e-02	-2.237902e-02	2.312223e-02	-2.266990e-02	-1.141828e-02	1.837425e-02	
1.526872e-02	2.218028e-02	2.565729e-02	-6.446487e-01	9.440830e-01	-9.863714e-01	1.000000e+00	-4.094643e-01	7.446427e-03	1.156281e-01	-1.609285e-01	2.057691e-01	1.059312e-01	-1.391593e-01	-5.920513e-02	6.667925e-02	-7.236803e-02	7.542848e-02	5.915096e-03	-3.107000e-02	2.051258e-02	-2.085345e-02	2.017149e-02	1.060234e-02	-1.681744e-02	
2.728089e-02	1.364151e-01	-7.406501e-02	7.682136e-02	-5.562719e-01	4.852564e-01	-4.094643e-01	1.000000e+00	-8.925654e-01	1.225080e-01	-1.139127e-01	9.409036e-02	-2.194875e-02	-1.602721e-01	3.688106e-02	2.213053e-03	1.182029e-03	-7.308650e-03	2.616487e-02	-2.077096e-02	2.240926e-02	-3.197186e-02	4.390371e-02	1.940448e-02	-3.256804e-02	
-1.065027e-02	-1.440097e-01	4.917434e-02	1.988783e-01	1.624405e-01	-8.005464e-02	7.446427e-03	-8.925654e-01	1.000000e+00	-1.830863e-01	1.904084e-01	-1.836801e-01	-6.609683e-03	2.343562e-01	-4.338392e-03	-2.523890e-02	2.465972e-02	-2.074905e-02	-2.413501e-02	2.881726e-02	-2.218632e-02	3.088982e-02	-4.188858e-02	-1.929181e-02	3.268140e-02	
1.105503e-02	3.146989e-02	-3.702206e-01	1.643889e-01	9.200020e-02	-1.051327e-01	1.156281e-01	1.225080e-01	-1.830863e-01	1.000000e+00	-9.831006e-01	9.165094e-01	-6.991095e-01	4.973049e-01	2.302195e-01	7.209641e-02	-7.515759e-02	7.287420e-02	2.417866e-02	-4.680116e-02	1.789282e-01	-2.275992e-01	2.829359e-01	8.209817e-02	-1.459290e-01	
2.205239e-05	-4.132003e-02	4.819923e-01	-2.172347e-01	-1.309568e-01	1.485835e-01	-1.609285e-01	-1.139127e-01	1.904084e-01	-9.831006e-01	1.000000e+00	-9.734839e-01	6.409433e-01	-4.322076e-01	-3.048053e-01	-8.385693e-02	8.833694e-02	-8.620617e-02	-3.230180e-02	5.872484e-02	-2.326949e-01	2.959000e-01	-3.680553e-01	-1.026473e-01	1.860623e-01	
-2.975421e-02	5.960559e-02	-6.117355e-01	2.866377e-01	1.696877e-01	-1.918470e-01	2.057691e-01	9.409036e-02	-1.836801e-01	9.165094e-01	-9.734839e-01	1.000000e+00	-5.249274e-01	3.180198e-01	3.926540e-01	9.529842e-02	-1.015226e-01	9.981966e-02	4.119738e-02	-7.170628e-02	2.953928e-01	-3.759083e-01	4.684269e-01	1.250025e-01	-2.319671e-01	
1.285829e-01	-1.149431e-01	-2.001949e-01	7.748419e-02	9.273766e-02	-1.049120e-01	1.059312e-01	-2.194875e-02	-6.609683e-03	-6.991095e-01	6.409433e-01	-5.249274e-01	1.000000e+00	-9.453689e-01	1.404000e-01	1.153927e-02	-1.532768e-02	1.678917e-02	8.166751e-03	-1.288401e-02	7.601647e-02	-9.489284e-02	1.146081e-01	5.905832e-02	-8.387668e-02	
-9.474270e-02	5.675596e-02	3.243560e-01	-9.952404e-02	-9.716455e-02	1.258887e-01	-1.391593e-01	-1.602721e-01	2.343562e-01	4.973049e-01	-4.322076e-01	3.180198e-01	-9.453689e-01	1.000000e+00	-2.154137e-01	-2.984941e-02	3.512643e-02	-3.621716e-02	-2.201464e-02	3.247920e-02	-1.355573e-01	1.722650e-01	-2.134387e-01	-8.324558e-02	1.321589e-01	
9.194598e-02	-2.036022e-01	-6.713788e-01	5.175592e-01	-5.773974e-02	5.752855e-02	-5.920513e-02	3.688106e-02	-4.338392e-03	2.302195e-01	-3.048053e-01	3.926540e-01	1.404000e-01	-2.154137e-01	1.000000e+00	-4.776196e-01	5.355229e-01	-5.797700e-01	-8.973923e-03	2.345742e-01	1.649720e-01	-2.248639e-01	2.995532e-01	1.073559e-01	-1.541539e-01	
6.388659e-02	-2.165045e-02	-8.389670e-02	2.583776e-02	6.071137e-02	-6.539093e-02	6.667925e-02	2.213053e-03	-2.523890e-02	7.209641e-02	-8.385693e-02	9.529842e-02	1.153927e-02	-2.984941e-02	-4.776196e-01	1.000000e+00	-9.838608e-01	9.398070e-01	-4.949112e-01	1.292632e-01	2.081426e-01	-2.426411e-01	2.708234e-01	4.496022e-02	-8.761279e-02	
-6.386707e-02	2.930787e-02	9.373597e-02	-2.994749e-02	-6.656119e-02	7.124534e-02	-7.236803e-02	1.182029e-03	2.465972e-02	-7.515759e-02	8.833694e-02	-1.015226e-01	-1.532768e-02	3.512643e-02	5.355229e-01	-9.838608e-01	1.000000e+00	-9.853136e-01	4.146192e-01	-3.771870e-02	-2.215877e-01	2.605472e-01	-2.932195e-01	-6.185431e-02	1.159158e-01	
5.492455e-02	-4.181368e-02	-9.339790e-02	2.955716e-02	6.974192e-02	-7.424500e-02	7.542848e-02	-7.308650e-03	-2.074905e-02	7.287420e-02	-8.620617e-02	9.981966e-02	1.678917e-02	-3.621716e-02	-5.797700e-01	9.398070e-01	-9.853136e-01	1.000000e+00	-3.302442e-01	-4.390231e-02	2.245187e-01	-2.661322e-01	3.018058e-01	7.252685e-02	-1.333738e-01	
4.705876e-02	1.414837e-01	-5.467377e-02	1.406553e-02	1.287117e-02	-1.154970e-02	5.915096e-03	2.616487e-02	-2.413501e-02	2.417866e-02	-3.230180e-02	4.119738e-02	8.166751e-03	-2.201464e-02	-8.973923e-03	-4.949112e-01	4.146192e-01	-3.302442e-01	1.000000e+00	-9.104783e-01	2.419193e-02	-2.605503e-02	2.730402e-02	7.265365e-02	-1.608026e-01	
-4.913685e-02	-1.197443e-01	8.077305e-02	-2.232989e-02	-3.594158e-02	3.600113e-02	-3.107000e-02	-2.077096e-02	2.881726e-02	-4.680116e-02	5.872484e-02	-7.170628e-02	-1.288401e-02	3.247920e-02	2.345742e-01	1.292632e-01	-3.771870e-02	-4.390231e-02	-9.104783e-01	1.000000e+00	-1.143250e-01	1.295356e-01	-1.403641e-01	-9.622209e-02	2.221902e-01	
2.874958e-02	-1.765886e-02	-4.187168e-01	2.885359e-01	1.976136e-02	-2.237902e-02	2.051258e-02	2.240926e-02	-2.218632e-02	1.789282e-01	-2.326949e-01	2.953928e-01	7.601647e-02	-1.355573e-01	1.649720e-01	2.081426e-01	-2.215877e-01	2.245187e-01	2.419193e-02	-1.143250e-01	1.000000e+00	-9.837030e-01	9.202740e-01	-6.640749e-01	4.767147e-01	
-1.938973e-02	1.412463e-02	5.338071e-01	-3.683592e-01	-1.987316e-02	2.312223e-02	-2.085345e-02	-3.197186e-02	3.088982e-02	-2.275992e-01	2.959000e-01	-3.759083e-01	-9.489284e-02	1.722650e-01	-2.248639e-01	-2.426411e-01	2.605472e-01	-2.661322e-01	-2.605503e-02	1.295356e-01	-9.837030e-01	1.000000e+00	-9.748981e-01	5.940229e-01	-3.970273e-01	
-1.013141e-02	2.924199e-03	-6.625154e-01	4.574991e-01	1.856561e-02	-2.266990e-02	2.017149e-02	4.390371e-02	-4.188858e-02	2.829359e-01	-3.680553e-01	4.684269e-01	1.146081e-01	-2.134387e-01	2.995532e-01	2.708234e-01	-2.932195e-01	3.018058e-01	2.730402e-02	-1.403641e-01	9.202740e-01	-9.748981e-01	1.000000e+00	-4.686311e-01	2.685467e-01	
1.436712e-01	-1.010062e-01	-2.271739e-01	1.453253e-01	9.303132e-03	-1.141828e-02	1.060234e-02	1.940448e-02	-1.929181e-02	8.209817e-02	-1.026473e-01	1.250025e-01	5.905832e-02	-8.324558e-02	1.073559e-01	4.496022e-02	-6.185431e-02	7.252685e-02	7.265365e-02	-9.622209e-02	-6.640749e-01	5.940229e-01	-4.686311e-01	1.000000e+00	-9.610246e-01	
-1.228271e-01	7.079740e-02	3.735195e-01	-2.421468e-01	-1.521427e-02	1.837425e-02	-1.681744e-02	-3.256804e-02	3.268140e-02	-1.459290e-01	1.860623e-01	-2.319671e-01	-8.387668e-02	1.321589e-01	-1.541539e-01	-8.761279e-02	1.159158e-01	-1.333738e-01	-1.608026e-01	2.221902e-01	4.767147e-01	-3.970273e-01	2.685467e-01	-9.610246e-01	1.000000e+00	

Time taken for mcmc chain: 34.700000 minutes
