Number of steps: 2124032
Number of accepted steps: 1000000
Burn-in number of steps: 320000
Accepted fraction of steps: 0.470803
Convergence Status
R[0]= 1.016046	R[1]= 1.015184	R[2]= 1.008582	R[3]= 1.006947	R[4]= 1.000961	R[5]= 1.000938	R[6]= 1.001117	R[7]= 1.001104	R[8]= 1.000829	R[9]= 1.007072	R[10]= 1.007731	R[11]= 1.008892	R[12]= 1.001129	R[13]= 1.001472	R[14]= 1.008811	R[15]= 1.019012	R[16]= 1.018418	R[17]= 1.016698	R[18]= 1.010531	R[19]= 1.005875	R[20]= 1.007973	R[21]= 1.006839	R[22]= 1.005483	R[23]= 1.005977	R[24]= 1.004720	
<R>= 1.007534

Mean parameters
A[0]= 9.867609e-01 pm 3.218696e-02
A[1]= 1.063719e+00 pm 2.599851e-02
A[2]= 6.424411e-01 pm 3.687515e-01
A[3]= 3.693581e+00 pm 1.076229e+00
A[4]= -1.895240e+03 pm 3.987039e+03
A[5]= 1.086592e+03 pm 2.616025e+03
A[6]= 1.159560e+02 pm 6.152358e+02
A[7]= 2.336381e+00 pm 1.370367e+01
A[8]= -5.889506e-02 pm 1.826708e-01
A[9]= 7.076154e+03 pm 8.620168e+03
A[10]= -3.985192e+03 pm 5.221650e+03
A[11]= 4.960909e+02 pm 1.119890e+03
A[12]= -5.428548e+01 pm 4.959867e+01
A[13]= 1.039447e+00 pm 9.621710e-01
A[14]= 5.600630e+00 pm 1.661895e+00
A[15]= -7.808683e+03 pm 5.456847e+03
A[16]= 6.199488e+03 pm 3.603095e+03
A[17]= -1.274056e+03 pm 8.593566e+02
A[18]= 8.064458e+00 pm 2.101167e+01
A[19]= 1.015849e-01 pm 2.763053e-01
A[20]= 1.734206e+04 pm 1.233343e+04
A[21]= -9.040204e+03 pm 7.449066e+03
A[22]= 1.050479e+03 pm 1.586227e+03
A[23]= -1.159123e+02 pm 7.269448e+01
A[24]= 1.804820e+00 pm 1.404153e+00

Best-fitting parameters
A[0]= 1.001221e+00
A[1]= 1.068451e+00
A[2]= 3.572719e-01
A[3]= 4.002394e+00
A[4]= -1.346092e+03
A[5]= 7.270850e+02
A[6]= 1.893884e+02
A[7]= 9.672121e+00
A[8]= -1.985439e-01
A[9]= 8.054799e+03
A[10]= -5.283188e+03
A[11]= 9.328853e+02
A[12]= -3.690237e+01
A[13]= 5.218539e-01
A[14]= 5.817264e+00
A[15]= -7.178742e+03
A[16]= 5.417853e+03
A[17]= -1.015696e+03
A[18]= 1.252915e+01
A[19]= 2.493630e-02
A[20]= 2.404805e+04
A[21]= -1.387968e+04
A[22]= 2.186113e+03
A[23]= -1.170027e+02
A[24]= 1.438722e+00
chi2_min= 9.280743e+01


Cross-Covariance parameters
1.000000e+00	-4.965187e-01	-2.002858e-01	1.448336e-01	1.933651e-02	-1.072186e-02	-5.897089e-03	5.331856e-02	-3.025357e-02	-2.310143e-02	2.122414e-02	-3.573268e-02	1.383222e-01	-1.118249e-01	6.774411e-02	1.130801e-01	-1.143757e-01	1.038489e-01	4.909422e-02	-8.274770e-02	1.239468e-02	-1.126369e-02	-6.160042e-03	1.864534e-01	-1.816822e-01	
-4.965187e-01	1.000000e+00	1.342547e-01	-1.688692e-01	2.856959e-02	-2.446218e-02	1.166767e-02	7.556095e-02	-1.025407e-01	1.063618e-01	-1.080001e-01	1.138467e-01	-1.467065e-01	8.650008e-02	-1.107531e-01	-1.122939e-01	1.199716e-01	-1.303819e-01	1.597389e-01	-1.123293e-01	-4.113900e-02	3.219959e-02	-8.935524e-03	-8.679158e-02	7.248098e-02	
-2.002858e-01	1.342547e-01	1.000000e+00	-6.511810e-01	-7.329541e-02	8.512713e-02	-8.828926e-02	-3.179168e-02	6.977644e-02	-3.724800e-01	4.950196e-01	-6.382099e-01	-8.036680e-02	2.344815e-01	-7.082742e-01	-2.056263e-02	1.669155e-02	-8.810942e-03	-2.114635e-02	1.846242e-02	-3.714344e-01	4.875012e-01	-6.286381e-01	-1.112470e-01	2.535965e-01	
1.448336e-01	-1.688692e-01	-6.511810e-01	1.000000e+00	-5.412233e-01	5.908161e-01	-6.278460e-01	2.287011e-01	6.881882e-02	1.426069e-01	-1.913142e-01	2.508050e-01	1.007883e-02	-4.726293e-02	4.652413e-01	3.611058e-02	-3.541158e-02	3.148351e-02	-1.967108e-02	1.808841e-02	2.208799e-01	-2.985875e-01	3.935172e-01	1.063046e-01	-1.924889e-01	
1.933651e-02	2.856959e-02	-7.329541e-02	-5.412233e-01	1.000000e+00	-9.851760e-01	9.431052e-01	-6.921977e-01	2.787929e-01	1.096843e-01	-1.632067e-01	2.252765e-01	6.258020e-02	-7.953260e-02	6.584121e-02	-2.142779e-02	2.758484e-02	-3.274435e-02	3.233103e-02	-2.905324e-02	7.191026e-02	-7.399316e-02	7.482348e-02	-4.513361e-02	2.855965e-02	
-1.072186e-02	-2.446218e-02	8.512713e-02	5.908161e-01	-9.851760e-01	1.000000e+00	-9.856456e-01	6.449831e-01	-2.120949e-01	-1.337288e-01	1.914041e-01	-2.581298e-01	-6.740115e-02	1.026779e-01	-7.750898e-02	2.565923e-02	-3.126607e-02	3.550921e-02	-3.284900e-02	2.863675e-02	-7.532023e-02	7.928605e-02	-8.259103e-02	4.248643e-02	-2.262985e-02	
-5.897089e-03	1.166767e-02	-8.828926e-02	-6.278460e-01	9.431052e-01	-9.856456e-01	1.000000e+00	-5.811825e-01	1.448976e-01	1.539664e-01	-2.136798e-01	2.825241e-01	6.453074e-02	-1.143182e-01	8.265318e-02	-2.718624e-02	3.173942e-02	-3.444760e-02	2.673397e-02	-2.240405e-02	7.526258e-02	-8.046278e-02	8.547708e-02	-4.119010e-02	1.991453e-02	
5.331856e-02	7.556095e-02	-3.179168e-02	2.287011e-01	-6.921977e-01	6.449831e-01	-5.811825e-01	1.000000e+00	-8.646870e-01	5.653476e-02	-3.243118e-02	-3.915698e-03	-9.724812e-03	-1.333051e-01	-5.180676e-03	1.334903e-02	-1.817473e-02	2.002303e-02	8.045060e-03	-1.115233e-02	-3.443847e-02	2.537889e-02	-1.300437e-02	6.244681e-02	-6.906618e-02	
-3.025357e-02	-1.025407e-01	6.977644e-02	6.881882e-02	2.787929e-01	-2.120949e-01	1.448976e-01	-8.646870e-01	1.000000e+00	-1.525598e-01	1.540398e-01	-1.447972e-01	-1.243138e-02	2.281442e-01	-2.962096e-02	2.544238e-03	7.846244e-05	-4.737459e-04	-2.291845e-02	2.592304e-02	7.995868e-04	1.030226e-02	-2.493111e-02	-4.138036e-02	6.002715e-02	
-2.310143e-02	1.063618e-01	-3.724800e-01	1.426069e-01	1.096843e-01	-1.337288e-01	1.539664e-01	5.653476e-02	-1.525598e-01	1.000000e+00	-9.823600e-01	9.113000e-01	-7.757356e-01	5.728728e-01	2.592594e-01	1.843049e-02	-1.350267e-02	6.308847e-03	-4.048086e-03	5.411470e-03	1.206639e-01	-1.673408e-01	2.291589e-01	6.796995e-02	-1.268698e-01	
2.122414e-02	-1.080001e-01	4.950196e-01	-1.913142e-01	-1.632067e-01	1.914041e-01	-2.136798e-01	-3.243118e-02	1.540398e-01	-9.823600e-01	1.000000e+00	-9.713329e-01	7.272589e-01	-5.144254e-01	-3.502172e-01	-1.464806e-02	9.081246e-03	-1.200862e-03	-1.597200e-03	-2.146244e-03	-1.700429e-01	2.322781e-01	-3.132028e-01	-7.189928e-02	1.491719e-01	
-3.573268e-02	1.138467e-01	-6.382099e-01	2.508050e-01	2.252765e-01	-2.581298e-01	2.825241e-01	-3.915698e-03	-1.447972e-01	9.113000e-01	-9.713329e-01	1.000000e+00	-6.138045e-01	3.979395e-01	4.584733e-01	5.896613e-03	3.729371e-04	-8.632992e-03	9.222918e-03	-1.462643e-03	2.321770e-01	-3.127455e-01	4.160611e-01	6.877004e-02	-1.683104e-01	
1.383222e-01	-1.467065e-01	-8.036680e-02	1.007883e-02	6.258020e-02	-6.740115e-02	6.453074e-02	-9.724812e-03	-1.243138e-02	-7.757356e-01	7.272589e-01	-6.138045e-01	1.000000e+00	-9.422330e-01	6.729129e-02	-2.424719e-02	2.027083e-02	-1.632442e-02	3.368685e-02	-3.211850e-02	4.770138e-02	-5.001084e-02	4.780212e-02	-1.486128e-03	-1.093473e-02	
-1.118249e-01	8.650008e-02	2.344815e-01	-4.726293e-02	-7.953260e-02	1.026779e-01	-1.143182e-01	-1.333051e-01	2.281442e-01	5.728728e-01	-5.144254e-01	3.979395e-01	-9.422330e-01	1.000000e+00	-1.816601e-01	3.966221e-02	-3.625216e-02	3.324262e-02	-5.023558e-02	4.302351e-02	-9.883155e-02	1.207011e-01	-1.441837e-01	-1.863798e-02	5.758238e-02	
6.774411e-02	-1.107531e-01	-7.082742e-01	4.652413e-01	6.584121e-02	-7.750898e-02	8.265318e-02	-5.180676e-03	-2.962096e-02	2.592594e-01	-3.502172e-01	4.584733e-01	6.729129e-02	-1.816601e-01	1.000000e+00	-4.742787e-01	5.496771e-01	-6.070028e-01	9.867334e-02	1.580962e-01	1.571026e-01	-2.086192e-01	2.810215e-01	5.771247e-02	-1.098450e-01	
1.130801e-01	-1.122939e-01	-2.056263e-02	3.611058e-02	-2.142779e-02	2.565923e-02	-2.718624e-02	1.334903e-02	2.544238e-03	1.843049e-02	-1.464806e-02	5.896613e-03	-2.424719e-02	3.966221e-02	-4.742787e-01	1.000000e+00	-9.812730e-01	9.283250e-01	-6.727580e-01	3.244656e-01	1.653114e-01	-2.063012e-01	2.427022e-01	-3.899765e-03	-2.931203e-02	
-1.143757e-01	1.199716e-01	1.669155e-02	-3.541158e-02	2.758484e-02	-3.126607e-02	3.173942e-02	-1.817473e-02	7.846244e-05	-1.350267e-02	9.081246e-03	3.729371e-04	2.027083e-02	-3.625216e-02	5.496771e-01	-9.812730e-01	1.000000e+00	-9.820189e-01	6.074096e-01	-2.360665e-01	-1.776478e-01	2.237440e-01	-2.652665e-01	-4.070556e-03	4.834129e-02	
1.038489e-01	-1.303819e-01	-8.810942e-03	3.148351e-02	-3.274435e-02	3.550921e-02	-3.444760e-02	2.002303e-02	-4.737459e-04	6.308847e-03	-1.200862e-03	-8.632992e-03	-1.632442e-02	3.324262e-02	-6.070028e-01	9.283250e-01	-9.820189e-01	1.000000e+00	-5.223666e-01	1.441169e-01	1.866580e-01	-2.355497e-01	2.798466e-01	5.214933e-03	-5.760796e-02	
4.909422e-02	1.597389e-01	-2.114635e-02	-1.967108e-02	3.233103e-02	-3.284900e-02	2.673397e-02	8.045060e-03	-2.291845e-02	-4.048086e-03	-1.597200e-03	9.222918e-03	3.368685e-02	-5.023558e-02	9.867334e-02	-6.727580e-01	6.074096e-01	-5.223666e-01	1.000000e+00	-9.025750e-01	-6.867702e-02	8.051793e-02	-9.085280e-02	1.113231e-01	-1.728321e-01	
-8.274770e-02	-1.123293e-01	1.846242e-02	1.808841e-02	-2.905324e-02	2.863675e-02	-2.240405e-02	-1.115233e-02	2.592304e-02	5.411470e-03	-2.146244e-03	-1.462643e-03	-3.211850e-02	4.302351e-02	1.580962e-01	3.244656e-01	-2.360665e-01	1.441169e-01	-9.025750e-01	1.000000e+00	-2.704995e-04	7.201276e-03	-1.304360e-02	-1.336701e-01	2.376942e-01	
1.239468e-02	-4.113900e-02	-3.714344e-01	2.208799e-01	7.191026e-02	-7.532023e-02	7.526258e-02	-3.443847e-02	7.995868e-04	1.206639e-01	-1.700429e-01	2.321770e-01	4.770138e-02	-9.883155e-02	1.571026e-01	1.653114e-01	-1.776478e-01	1.866580e-01	-6.867702e-02	-2.704995e-04	1.000000e+00	-9.831666e-01	9.136495e-01	-7.670126e-01	6.014646e-01	
-1.126369e-02	3.219959e-02	4.875012e-01	-2.985875e-01	-7.399316e-02	7.928605e-02	-8.046278e-02	2.537889e-02	1.030226e-02	-1.673408e-01	2.322781e-01	-3.127455e-01	-5.001084e-02	1.207011e-01	-2.086192e-01	-2.063012e-01	2.237440e-01	-2.355497e-01	8.051793e-02	7.201276e-03	-9.831666e-01	1.000000e+00	-9.717079e-01	7.166069e-01	-5.397085e-01	
-6.160042e-03	-8.935524e-03	-6.286381e-01	3.935172e-01	7.482348e-02	-8.259103e-02	8.547708e-02	-1.300437e-02	-2.493111e-02	2.291589e-01	-3.132028e-01	4.160611e-01	4.780212e-02	-1.441837e-01	2.810215e-01	2.427022e-01	-2.652665e-01	2.798466e-01	-9.085280e-02	-1.304360e-02	9.136495e-01	-9.717079e-01	1.000000e+00	-6.029215e-01	4.192884e-01	
1.864534e-01	-8.679158e-02	-1.112470e-01	1.063046e-01	-4.513361e-02	4.248643e-02	-4.119010e-02	6.244681e-02	-4.138036e-02	6.796995e-02	-7.189928e-02	6.877004e-02	-1.486128e-03	-1.863798e-02	5.771247e-02	-3.899765e-03	-4.070556e-03	5.214933e-03	1.113231e-01	-1.336701e-01	-7.670126e-01	7.166069e-01	-6.029215e-01	1.000000e+00	-9.621836e-01	
-1.816822e-01	7.248098e-02	2.535965e-01	-1.924889e-01	2.855965e-02	-2.262985e-02	1.991453e-02	-6.906618e-02	6.002715e-02	-1.268698e-01	1.491719e-01	-1.683104e-01	-1.093473e-02	5.758238e-02	-1.098450e-01	-2.931203e-02	4.834129e-02	-5.760796e-02	-1.728321e-01	2.376942e-01	6.014646e-01	-5.397085e-01	4.192884e-01	-9.621836e-01	1.000000e+00	

Time taken for mcmc chain: 21.816667 minutes
