Number of steps: 2154476
Number of accepted steps: 1000000
Burn-in number of steps: 320000
Accepted fraction of steps: 0.464150
Convergence Status
R[0]= 1.001006	R[1]= 1.016762	R[2]= 1.085164	R[3]= 1.058002	R[4]= 1.020691	R[5]= 1.021176	R[6]= 1.020816	R[7]= 1.007445	R[8]= 1.005022	R[9]= 1.015687	R[10]= 1.023232	R[11]= 1.033446	R[12]= 1.002431	R[13]= 1.002557	R[14]= 1.052313	R[15]= 1.005706	R[16]= 1.005941	R[17]= 1.006320	R[18]= 1.010309	R[19]= 1.006089	R[20]= 1.011113	R[21]= 1.015700	R[22]= 1.023777	R[23]= 1.011679	R[24]= 1.019273	
<R>= 1.019266

Mean parameters
A[0]= 8.947170e-01 pm 3.557623e-02
A[1]= 1.002541e+00 pm 2.749817e-02
A[2]= 6.310543e-01 pm 4.458825e-01
A[3]= 3.561431e+00 pm 1.199099e+00
A[4]= -2.859919e+03 pm 3.402239e+03
A[5]= 1.385569e+03 pm 2.221617e+03
A[6]= 7.944453e+01 pm 5.158337e+02
A[7]= 1.332031e+01 pm 1.225004e+01
A[8]= -2.283123e-01 pm 1.803076e-01
A[9]= -2.634689e+03 pm 7.912884e+03
A[10]= 1.011360e+03 pm 4.760704e+03
A[11]= -3.212635e+02 pm 1.001449e+03
A[12]= 9.571903e+00 pm 4.527642e+01
A[13]= -2.861272e-01 pm 8.821272e-01
A[14]= 5.258351e+00 pm 1.751290e+00
A[15]= -9.514279e+03 pm 5.079002e+03
A[16]= 6.231393e+03 pm 3.338781e+03
A[17]= -1.070264e+03 pm 7.748760e+02
A[18]= 1.349301e+01 pm 1.798662e+01
A[19]= -1.765240e-02 pm 2.526315e-01
A[20]= -2.767977e+03 pm 1.102974e+04
A[21]= 1.353194e+03 pm 6.710693e+03
A[22]= -6.043010e+02 pm 1.431285e+03
A[23]= 5.193897e+00 pm 6.328066e+01
A[24]= -3.662855e-01 pm 1.253804e+00

Best-fitting parameters
A[0]= 9.073308e-01
A[1]= 9.853643e-01
A[2]= 8.234058e-01
A[3]= 3.885393e+00
A[4]= -5.106960e+03
A[5]= 3.207600e+03
A[6]= -4.033992e+02
A[7]= 9.482197e+00
A[8]= -1.105606e-01
A[9]= -5.093442e+03
A[10]= 3.471192e+03
A[11]= -1.077449e+03
A[12]= -3.809311e+00
A[13]= 3.209452e-01
A[14]= 4.326615e+00
A[15]= -7.629129e+03
A[16]= 5.068116e+03
A[17]= -8.131226e+02
A[18]= 4.905581e+00
A[19]= 9.077466e-02
A[20]= -2.734293e+03
A[21]= 2.068780e+03
A[22]= -9.295406e+02
A[23]= -1.875043e+01
A[24]= 2.818571e-01
chi2_min= 9.930619e+01


Cross-Covariance parameters
1.000000e+00	-4.773932e-01	-3.097726e-02	1.089882e-02	2.148333e-02	-7.507036e-03	-1.289874e-02	3.137456e-02	6.616929e-03	-9.310705e-03	4.115402e-02	-9.870406e-02	3.993325e-02	1.555933e-02	7.997968e-03	-1.105357e-02	1.524541e-02	-2.788696e-02	4.088225e-02	-3.182507e-03	-2.492255e-02	5.984294e-02	-1.207429e-01	6.070708e-02	-1.179447e-02	
-4.773932e-01	1.000000e+00	2.145484e-01	-2.560525e-01	-3.990758e-03	-1.229777e-02	1.892181e-02	1.631776e-01	-1.654019e-01	-6.073604e-03	-1.761875e-03	2.151264e-02	-1.020139e-01	5.003500e-02	-2.371023e-01	1.579707e-02	-7.758604e-03	-6.042346e-03	1.490085e-01	-1.559291e-01	1.505976e-02	-1.105373e-02	1.754804e-02	-1.307655e-01	9.441528e-02	
-3.097726e-02	2.145484e-01	1.000000e+00	-6.999074e-01	-5.221352e-02	5.193163e-02	-4.599488e-02	1.467246e-02	-2.325721e-02	-3.934960e-01	5.118517e-01	-6.454905e-01	-1.584268e-01	2.788290e-01	-6.763048e-01	-1.161666e-01	1.159527e-01	-1.101902e-01	6.546656e-03	1.923423e-02	-4.266613e-01	5.407490e-01	-6.698291e-01	-2.363791e-01	3.849796e-01	
1.089882e-02	-2.560525e-01	-6.999074e-01	1.000000e+00	-4.794618e-01	5.421964e-01	-5.869745e-01	-3.114814e-03	2.456497e-01	1.676819e-01	-2.326755e-01	3.151022e-01	9.230441e-02	-1.106062e-01	5.049819e-01	8.405998e-02	-8.469229e-02	8.371287e-02	-4.462497e-02	2.235418e-02	2.988885e-01	-3.829697e-01	4.771479e-01	1.596152e-01	-2.531789e-01	
2.148333e-02	-3.990758e-03	-5.221352e-02	-4.794618e-01	1.000000e+00	-9.825817e-01	9.355594e-01	-5.438095e-01	1.811737e-01	1.041707e-01	-1.438469e-01	1.814179e-01	8.368674e-02	-9.310217e-02	3.777796e-02	1.291419e-02	-9.381506e-03	5.430926e-03	1.051630e-02	-7.182503e-03	5.833052e-02	-5.835184e-02	5.609233e-02	-6.690010e-03	-1.125944e-02	
-7.507036e-03	-1.229777e-02	5.193163e-02	5.421964e-01	-9.825817e-01	1.000000e+00	-9.843746e-01	4.690682e-01	-9.352669e-02	-1.224906e-01	1.664413e-01	-2.081661e-01	-8.961595e-02	1.180858e-01	-3.992108e-02	-5.642071e-03	2.909055e-03	2.589356e-04	-2.092177e-02	1.675515e-02	-5.022634e-02	5.109652e-02	-5.101792e-02	-4.409530e-03	2.357427e-02	
-1.289874e-02	1.892181e-02	-4.599488e-02	-5.869745e-01	9.355594e-01	-9.843746e-01	1.000000e+00	-3.884602e-01	1.549328e-02	1.383869e-01	-1.844619e-01	2.280997e-01	8.474208e-02	-1.277133e-01	3.819239e-02	-1.518007e-03	2.983126e-03	-4.727161e-03	2.701500e-02	-2.286083e-02	3.804980e-02	-3.945767e-02	4.127417e-02	1.439661e-02	-3.329834e-02	
3.137456e-02	1.631776e-01	1.467246e-02	-3.114814e-03	-5.438095e-01	4.690682e-01	-3.884602e-01	1.000000e+00	-9.039492e-01	1.273462e-01	-1.060408e-01	7.267268e-02	-5.485260e-02	-1.179512e-01	-3.246078e-02	-1.164809e-02	8.040603e-03	-9.029225e-03	5.126496e-02	-4.850688e-02	-3.121091e-02	3.063275e-02	-2.661072e-02	3.200355e-02	-3.360263e-02	
6.616929e-03	-1.654019e-01	-2.325721e-02	2.456497e-01	1.811737e-01	-9.352669e-02	1.549328e-02	-9.039492e-01	1.000000e+00	-1.857280e-01	1.771031e-01	-1.531173e-01	3.613214e-02	1.804931e-01	2.855164e-02	2.027534e-02	-1.633801e-02	1.628100e-02	-5.554548e-02	5.252934e-02	3.082578e-02	-3.079542e-02	2.677487e-02	-2.964716e-02	3.508394e-02	
-9.310705e-03	-6.073604e-03	-3.934960e-01	1.676819e-01	1.041707e-01	-1.224906e-01	1.383869e-01	1.273462e-01	-1.857280e-01	1.000000e+00	-9.826049e-01	9.144125e-01	-7.181214e-01	5.241595e-01	2.700390e-01	2.642914e-02	-2.799788e-02	2.632943e-02	3.216453e-02	-3.760795e-02	1.663680e-01	-2.160142e-01	2.724654e-01	8.963754e-02	-1.534253e-01	
4.115402e-02	-1.761875e-03	5.118517e-01	-2.326755e-01	-1.438469e-01	1.664413e-01	-1.844619e-01	-1.060408e-01	1.771031e-01	-9.826049e-01	1.000000e+00	-9.729030e-01	6.590391e-01	-4.593580e-01	-3.523891e-01	-4.106674e-02	4.182444e-02	-3.879307e-02	-3.523101e-02	4.450339e-02	-2.236989e-01	2.876671e-01	-3.610946e-01	-1.141842e-01	1.990024e-01	
-9.870406e-02	2.151264e-02	-6.454905e-01	3.151022e-01	1.814179e-01	-2.081661e-01	2.280997e-01	7.267268e-02	-1.531173e-01	9.144125e-01	-9.729030e-01	1.000000e+00	-5.412186e-01	3.442430e-01	4.448879e-01	6.016089e-02	-6.018169e-02	5.591178e-02	3.688319e-02	-5.193665e-02	2.898627e-01	-3.707923e-01	4.648478e-01	1.426690e-01	-2.527237e-01	
3.993325e-02	-1.020139e-01	-1.584268e-01	9.230441e-02	8.368674e-02	-8.961595e-02	8.474208e-02	-5.485260e-02	3.613214e-02	-7.181214e-01	6.590391e-01	-5.412186e-01	1.000000e+00	-9.470087e-01	1.134727e-01	3.408791e-02	-3.467152e-02	3.513980e-02	-2.265533e-02	1.539668e-02	7.590667e-02	-9.025250e-02	1.066779e-01	4.956023e-02	-7.084734e-02	
1.555933e-02	5.003500e-02	2.788290e-01	-1.106062e-01	-9.310217e-02	1.180858e-01	-1.277133e-01	-1.179512e-01	1.804931e-01	5.241595e-01	-4.593580e-01	3.442430e-01	-9.470087e-01	1.000000e+00	-1.969319e-01	-3.640552e-02	3.813567e-02	-3.904734e-02	5.306295e-03	2.886097e-03	-1.266768e-01	1.584290e-01	-1.964629e-01	-7.712062e-02	1.216796e-01	
7.997968e-03	-2.371023e-01	-6.763048e-01	5.049819e-01	3.777796e-02	-3.992108e-02	3.819239e-02	-3.246078e-02	2.855164e-02	2.700390e-01	-3.523891e-01	4.448879e-01	1.134727e-01	-1.969319e-01	1.000000e+00	-4.659829e-01	5.244379e-01	-5.667491e-01	-1.140931e-02	2.478857e-01	1.854977e-01	-2.480692e-01	3.257688e-01	1.107776e-01	-1.656183e-01	
-1.105357e-02	1.579707e-02	-1.161666e-01	8.405998e-02	1.291419e-02	-5.642071e-03	-1.518007e-03	-1.164809e-02	2.027534e-02	2.642914e-02	-4.106674e-02	6.016089e-02	3.408791e-02	-3.640552e-02	-4.659829e-01	1.000000e+00	-9.849072e-01	9.432806e-01	-5.225545e-01	1.502907e-01	2.246227e-01	-2.601644e-01	2.903595e-01	3.362023e-02	-8.027120e-02	
1.524541e-02	-7.758604e-03	1.159527e-01	-8.469229e-02	-9.381506e-03	2.909055e-03	2.983126e-03	8.040603e-03	-1.633801e-02	-2.799788e-02	4.182444e-02	-6.018169e-02	-3.467152e-02	3.813567e-02	5.244379e-01	-9.849072e-01	1.000000e+00	-9.860465e-01	4.509091e-01	-6.562629e-02	-2.258786e-01	2.650608e-01	-2.994563e-01	-5.609375e-02	1.102219e-01	
-2.788696e-02	-6.042346e-03	-1.101902e-01	8.371287e-02	5.430926e-03	2.589356e-04	-4.727161e-03	-9.029225e-03	1.628100e-02	2.632943e-02	-3.879307e-02	5.591178e-02	3.513980e-02	-3.904734e-02	-5.667491e-01	9.432806e-01	-9.860465e-01	1.000000e+00	-3.740568e-01	-1.064548e-02	2.198464e-01	-2.616882e-01	2.996474e-01	7.297155e-02	-1.309271e-01	
4.088225e-02	1.490085e-01	6.546656e-03	-4.462497e-02	1.051630e-02	-2.092177e-02	2.701500e-02	5.126496e-02	-5.554548e-02	3.216453e-02	-3.523101e-02	3.688319e-02	-2.265533e-02	5.306295e-03	-1.140931e-02	-5.225545e-01	4.509091e-01	-3.740568e-01	1.000000e+00	-9.058295e-01	-2.766517e-02	3.501955e-02	-4.252191e-02	9.115585e-02	-1.662441e-01	
-3.182507e-03	-1.559291e-01	1.923423e-02	2.235418e-02	-7.182503e-03	1.675515e-02	-2.286083e-02	-4.850688e-02	5.252934e-02	-3.760795e-02	4.450339e-02	-5.193665e-02	1.539668e-02	2.886097e-03	2.478857e-01	1.502907e-01	-6.562629e-02	-1.064548e-02	-9.058295e-01	1.000000e+00	-5.539578e-02	6.140903e-02	-6.512074e-02	-1.239695e-01	2.363662e-01	
-2.492255e-02	1.505976e-02	-4.266613e-01	2.988885e-01	5.833052e-02	-5.022634e-02	3.804980e-02	-3.121091e-02	3.082578e-02	1.663680e-01	-2.236989e-01	2.898627e-01	7.590667e-02	-1.266768e-01	1.854977e-01	2.246227e-01	-2.258786e-01	2.198464e-01	-2.766517e-02	-5.539578e-02	1.000000e+00	-9.840858e-01	9.202975e-01	-6.578943e-01	4.707420e-01	
5.984294e-02	-1.105373e-02	5.407490e-01	-3.829697e-01	-5.835184e-02	5.109652e-02	-3.945767e-02	3.063275e-02	-3.079542e-02	-2.160142e-01	2.876671e-01	-3.707923e-01	-9.025250e-02	1.584290e-01	-2.480692e-01	-2.601644e-01	2.650608e-01	-2.616882e-01	3.501955e-02	6.140903e-02	-9.840858e-01	1.000000e+00	-9.744377e-01	5.861959e-01	-3.895987e-01	
-1.207429e-01	1.754804e-02	-6.698291e-01	4.771479e-01	5.609233e-02	-5.101792e-02	4.127417e-02	-2.661072e-02	2.677487e-02	2.724654e-01	-3.610946e-01	4.648478e-01	1.066779e-01	-1.964629e-01	3.257688e-01	2.903595e-01	-2.994563e-01	2.996474e-01	-4.252191e-02	-6.512074e-02	9.202975e-01	-9.744377e-01	1.000000e+00	-4.568081e-01	2.568888e-01	
6.070708e-02	-1.307655e-01	-2.363791e-01	1.596152e-01	-6.690010e-03	-4.409530e-03	1.439661e-02	3.200355e-02	-2.964716e-02	8.963754e-02	-1.141842e-01	1.426690e-01	4.956023e-02	-7.712062e-02	1.107776e-01	3.362023e-02	-5.609375e-02	7.297155e-02	9.115585e-02	-1.239695e-01	-6.578943e-01	5.861959e-01	-4.568081e-01	1.000000e+00	-9.620789e-01	
-1.179447e-02	9.441528e-02	3.849796e-01	-2.531789e-01	-1.125944e-02	2.357427e-02	-3.329834e-02	-3.360263e-02	3.508394e-02	-1.534253e-01	1.990024e-01	-2.527237e-01	-7.084734e-02	1.216796e-01	-1.656183e-01	-8.027120e-02	1.102219e-01	-1.309271e-01	-1.662441e-01	2.363662e-01	4.707420e-01	-3.895987e-01	2.568888e-01	-9.620789e-01	1.000000e+00	

Time taken for mcmc chain: 20.333333 minutes
