Number of steps: 5247504
Number of accepted steps: 1000000
Burn-in number of steps: 320000
Accepted fraction of steps: 0.190567
Convergence Status
R[0]= 1.001602	R[1]= 1.000342	R[2]= 1.032487	R[3]= 1.021346	R[4]= 1.006320	R[5]= 1.006469	R[6]= 1.006388	R[7]= 1.001167	R[8]= 1.000985	R[9]= 1.002527	R[10]= 1.004765	R[11]= 1.009138	R[12]= 1.000559	R[13]= 1.000997	R[14]= 1.012703	R[15]= 1.010048	R[16]= 1.012307	R[17]= 1.013816	R[18]= 1.000268	R[19]= 1.002230	R[20]= 1.012621	R[21]= 1.019142	R[22]= 1.027948	R[23]= 1.000290	R[24]= 1.001274	
<R>= 1.008310

Mean parameters
A[0]= 8.547015e-01 pm 3.523074e-02
A[1]= 9.957365e-01 pm 2.618227e-02
A[2]= 4.852572e-01 pm 3.385779e-01
A[3]= 3.891092e+00 pm 1.223763e+00
A[4]= -2.463066e+03 pm 3.507428e+03
A[5]= 1.108104e+03 pm 2.281994e+03
A[6]= 1.154298e+02 pm 5.232367e+02
A[7]= 6.948723e+00 pm 1.192087e+01
A[8]= -1.326638e-01 pm 1.756410e-01
A[9]= -7.240339e+03 pm 7.168141e+03
A[10]= 3.203233e+03 pm 4.220182e+03
A[11]= -6.313832e+02 pm 8.564244e+02
A[12]= 4.219128e+01 pm 4.112683e+01
A[13]= -8.103223e-01 pm 7.901762e-01
A[14]= 5.611648e+00 pm 1.562516e+00
A[15]= -9.847951e+03 pm 4.775144e+03
A[16]= 6.286703e+03 pm 3.160330e+03
A[17]= -1.079264e+03 pm 7.350878e+02
A[18]= 1.479260e+01 pm 1.719677e+01
A[19]= -4.060120e-02 pm 2.487516e-01
A[20]= 1.858883e+02 pm 1.012348e+04
A[21]= -4.811327e+02 pm 6.081551e+03
A[22]= -1.895112e+02 pm 1.262354e+03
A[23]= 2.354546e+00 pm 5.876079e+01
A[24]= -4.096811e-01 pm 1.155056e+00

Best-fitting parameters
A[0]= 8.660772e-01
A[1]= 9.976791e-01
A[2]= 1.449779e-01
A[3]= 4.855936e+00
A[4]= -2.214246e+03
A[5]= 1.125007e+03
A[6]= 6.887506e+01
A[7]= 6.370681e+00
A[8]= -1.039084e-01
A[9]= -3.862252e+03
A[10]= 9.436500e+02
A[11]= -8.757754e+01
A[12]= 5.439996e+01
A[13]= -1.107274e+00
A[14]= 7.449669e+00
A[15]= -1.204500e+04
A[16]= 7.656190e+03
A[17]= -1.386400e+03
A[18]= 1.815424e+01
A[19]= -2.280821e-02
A[20]= 5.437436e+03
A[21]= -4.293150e+03
A[22]= 7.866202e+02
A[23]= 3.342637e+00
A[24]= -4.399853e-01
chi2_min= 1.076629e+02


Cross-Covariance parameters
1.000000e+00	-5.152856e-01	-3.123224e-02	3.675864e-02	1.628431e-02	3.011928e-06	-2.062414e-02	-1.489571e-02	5.640298e-02	5.752465e-03	2.805424e-02	-9.169640e-02	1.763213e-03	7.250626e-02	-6.273122e-02	9.542752e-02	-9.296607e-02	8.224262e-02	2.790990e-02	-3.010494e-02	-6.626232e-03	3.904773e-02	-1.002317e-01	6.392561e-02	-1.256215e-02	
-5.152856e-01	1.000000e+00	9.235535e-02	-1.609678e-01	1.186854e-02	-1.280304e-02	4.953265e-03	1.562194e-01	-1.669838e-01	4.659429e-02	-6.139641e-02	9.136258e-02	-7.506857e-02	-6.595344e-03	-1.094034e-01	-5.789684e-02	6.379737e-02	-7.571301e-02	1.365984e-01	-1.047440e-01	6.601886e-03	-2.677951e-02	6.531981e-02	-8.582058e-02	3.942069e-02	
-3.123224e-02	9.235535e-02	1.000000e+00	-6.432375e-01	1.202166e-02	-1.338870e-02	2.180223e-02	-3.476988e-02	7.930886e-03	-3.496432e-01	4.669818e-01	-6.084220e-01	-1.629677e-01	2.778721e-01	-5.511526e-01	-1.860672e-01	2.012883e-01	-2.047409e-01	-4.451671e-02	9.579672e-02	-4.191896e-01	5.292245e-01	-6.575073e-01	-2.120041e-01	3.424978e-01	
3.675864e-02	-1.609678e-01	-6.432375e-01	1.000000e+00	-5.859062e-01	6.485615e-01	-6.950041e-01	1.824507e-02	2.703058e-01	1.240631e-01	-1.865094e-01	2.730873e-01	5.868587e-02	-6.321248e-02	3.766150e-01	1.215298e-01	-1.315768e-01	1.352271e-01	1.701402e-04	-3.602930e-02	2.722758e-01	-3.425130e-01	4.232483e-01	1.340448e-01	-2.140314e-01	
1.628431e-02	1.186854e-02	1.202166e-02	-5.859062e-01	1.000000e+00	-9.852607e-01	9.447346e-01	-5.263535e-01	1.413556e-01	5.931931e-02	-8.121463e-02	9.916941e-02	1.043447e-01	-9.695544e-02	-1.547894e-02	-5.565463e-03	3.922700e-03	-2.296925e-03	1.679044e-02	-1.329470e-02	-1.524302e-02	1.764639e-02	-1.995571e-02	1.488815e-02	-1.300685e-02	
3.011928e-06	-1.280304e-02	-1.338870e-02	6.485615e-01	-9.852607e-01	1.000000e+00	-9.864539e-01	4.535469e-01	-5.757137e-02	-7.107139e-02	9.491858e-02	-1.145439e-01	-1.112266e-01	1.203231e-01	1.448040e-02	6.174215e-03	-4.405688e-03	2.435286e-03	-1.555003e-02	1.299427e-02	1.493286e-02	-1.718264e-02	1.891023e-02	-1.438504e-02	1.316509e-02	
-2.062414e-02	4.953265e-03	2.180223e-02	-6.950041e-01	9.447346e-01	-9.864539e-01	1.000000e+00	-3.765432e-01	-1.634976e-02	7.893707e-02	-1.030474e-01	1.226351e-01	1.108983e-01	-1.322426e-01	-1.558071e-02	-8.372330e-03	6.501088e-03	-3.938856e-03	1.090411e-02	-9.475791e-03	-1.805777e-02	2.095965e-02	-2.302030e-02	1.251094e-02	-1.077833e-02	
-1.489571e-02	1.562194e-01	-3.476988e-02	1.824507e-02	-5.263535e-01	4.535469e-01	-3.765432e-01	1.000000e+00	-8.983686e-01	1.823603e-01	-1.738544e-01	1.498956e-01	-1.204905e-01	-7.862123e-02	-5.029773e-03	1.589511e-02	-1.430260e-02	9.812454e-03	4.057590e-02	-4.138656e-02	2.971845e-02	-3.674324e-02	4.526420e-02	-5.203058e-03	-7.595831e-03	
5.640298e-02	-1.669838e-01	7.930886e-03	2.703058e-01	1.413556e-01	-5.757137e-02	-1.634976e-02	-8.983686e-01	1.000000e+00	-2.310347e-01	2.301335e-01	-2.092532e-01	9.957709e-02	1.388927e-01	1.830108e-02	-7.326433e-03	6.379434e-03	-3.377050e-03	-4.086565e-02	4.076277e-02	-1.582195e-02	2.063893e-02	-2.781053e-02	5.274795e-03	6.272321e-03	
5.752465e-03	4.659429e-02	-3.496432e-01	1.240631e-01	5.931931e-02	-7.107139e-02	7.893707e-02	1.823603e-01	-2.310347e-01	1.000000e+00	-9.837776e-01	9.172928e-01	-7.445692e-01	5.569695e-01	1.698795e-01	8.746907e-02	-9.445671e-02	9.564258e-02	4.013845e-02	-6.446113e-02	1.684387e-01	-2.098326e-01	2.572838e-01	6.849645e-02	-1.241896e-01	
2.805424e-02	-6.139641e-02	4.669818e-01	-1.865094e-01	-8.121463e-02	9.491858e-02	-1.030474e-01	-1.738544e-01	2.301335e-01	-9.837776e-01	1.000000e+00	-9.729708e-01	6.993460e-01	-5.055118e-01	-2.401690e-01	-1.022698e-01	1.108444e-01	-1.125429e-01	-4.586075e-02	7.409352e-02	-2.172735e-01	2.729615e-01	-3.381695e-01	-9.084042e-02	1.637875e-01	
-9.169640e-02	9.136258e-02	-6.084220e-01	2.730873e-01	9.916941e-02	-1.145439e-01	1.226351e-01	1.498956e-01	-2.092532e-01	9.172928e-01	-9.729708e-01	1.000000e+00	-5.952282e-01	4.031687e-01	3.270554e-01	1.180883e-01	-1.286250e-01	1.311633e-01	5.103805e-02	-8.401652e-02	2.753595e-01	-3.491633e-01	4.374866e-01	1.177703e-01	-2.123953e-01	
1.763213e-03	-7.506857e-02	-1.629677e-01	5.868587e-02	1.043447e-01	-1.112266e-01	1.108983e-01	-1.204905e-01	9.957709e-02	-7.445692e-01	6.993460e-01	-5.952282e-01	1.000000e+00	-9.428924e-01	1.046509e-01	1.578914e-02	-1.886745e-02	2.140718e-02	-3.421431e-03	-3.020331e-03	5.096453e-02	-6.664617e-02	8.597040e-02	4.993078e-02	-6.491817e-02	
7.250626e-02	-6.595344e-03	2.778721e-01	-6.321248e-02	-9.695544e-02	1.203231e-01	-1.322426e-01	-7.862123e-02	1.388927e-01	5.569695e-01	-5.055118e-01	4.031687e-01	-9.428924e-01	1.000000e+00	-1.628498e-01	-3.532427e-02	4.038299e-02	-4.336574e-02	-1.670608e-02	2.940536e-02	-1.068100e-01	1.387088e-01	-1.787701e-01	-6.884885e-02	1.071533e-01	
-6.273122e-02	-1.094034e-01	-5.511526e-01	3.766150e-01	-1.547894e-02	1.448040e-02	-1.558071e-02	-5.029773e-03	1.830108e-02	1.698795e-01	-2.401690e-01	3.270554e-01	1.046509e-01	-1.628498e-01	1.000000e+00	-5.120074e-01	5.716557e-01	-6.148478e-01	-6.073698e-02	2.916355e-01	1.165065e-01	-1.640289e-01	2.341728e-01	5.820857e-02	-9.013483e-02	
9.542752e-02	-5.789684e-02	-1.860672e-01	1.215298e-01	-5.565463e-03	6.174215e-03	-8.372330e-03	1.589511e-02	-7.326433e-03	8.746907e-02	-1.022698e-01	1.180883e-01	1.578914e-02	-3.532427e-02	-5.120074e-01	1.000000e+00	-9.844348e-01	9.424834e-01	-4.372033e-01	8.136037e-02	2.161158e-01	-2.508265e-01	2.758849e-01	7.351172e-02	-1.066808e-01	
-9.296607e-02	6.379737e-02	2.012883e-01	-1.315768e-01	3.922700e-03	-4.405688e-03	6.501088e-03	-1.430260e-02	6.379434e-03	-9.445671e-02	1.108444e-01	-1.286250e-01	-1.886745e-02	4.038299e-02	5.716557e-01	-9.844348e-01	1.000000e+00	-9.861082e-01	3.518463e-01	1.164654e-02	-2.283640e-01	2.674504e-01	-2.967354e-01	-9.368326e-02	1.365484e-01	
8.224262e-02	-7.571301e-02	-2.047409e-01	1.352271e-01	-2.296925e-03	2.435286e-03	-3.938856e-03	9.812454e-03	-3.377050e-03	9.564258e-02	-1.125429e-01	1.311633e-01	2.140718e-02	-4.336574e-02	-6.148478e-01	9.424834e-01	-9.861082e-01	1.000000e+00	-2.668354e-01	-9.149918e-02	2.306667e-01	-2.725679e-01	3.048605e-01	1.076518e-01	-1.563904e-01	
2.790990e-02	1.365984e-01	-4.451671e-02	1.701402e-04	1.679044e-02	-1.555003e-02	1.090411e-02	4.057590e-02	-4.086565e-02	4.013845e-02	-4.586075e-02	5.103805e-02	-3.421431e-03	-1.670608e-02	-6.073698e-02	-4.372033e-01	3.518463e-01	-2.668354e-01	1.000000e+00	-9.169878e-01	4.291405e-02	-4.752672e-02	4.936236e-02	6.112864e-02	-1.549179e-01	
-3.010494e-02	-1.047440e-01	9.579672e-02	-3.602930e-02	-1.329470e-02	1.299427e-02	-9.475791e-03	-4.138656e-02	4.076277e-02	-6.446113e-02	7.409352e-02	-8.401652e-02	-3.020331e-03	2.940536e-02	2.916355e-01	8.136037e-02	1.164654e-02	-9.149918e-02	-9.169878e-01	1.000000e+00	-1.286324e-01	1.445097e-01	-1.526578e-01	-8.977135e-02	2.132693e-01	
-6.626232e-03	6.601886e-03	-4.191896e-01	2.722758e-01	-1.524302e-02	1.493286e-02	-1.805777e-02	2.971845e-02	-1.582195e-02	1.684387e-01	-2.172735e-01	2.753595e-01	5.096453e-02	-1.068100e-01	1.165065e-01	2.161158e-01	-2.283640e-01	2.306667e-01	4.291405e-02	-1.286324e-01	1.000000e+00	-9.846646e-01	9.232180e-01	-6.767885e-01	5.070458e-01	
3.904773e-02	-2.677951e-02	5.292245e-01	-3.425130e-01	1.764639e-02	-1.718264e-02	2.095965e-02	-3.674324e-02	2.063893e-02	-2.098326e-01	2.729615e-01	-3.491633e-01	-6.664617e-02	1.387088e-01	-1.640289e-01	-2.508265e-01	2.674504e-01	-2.725679e-01	-4.752672e-02	1.445097e-01	-9.846646e-01	1.000000e+00	-9.753006e-01	6.207521e-01	-4.444644e-01	
-1.002317e-01	6.531981e-02	-6.575073e-01	4.232483e-01	-1.995571e-02	1.891023e-02	-2.302030e-02	4.526420e-02	-2.781053e-02	2.572838e-01	-3.381695e-01	4.374866e-01	8.597040e-02	-1.787701e-01	2.341728e-01	2.758849e-01	-2.967354e-01	3.048605e-01	4.936236e-02	-1.526578e-01	9.232180e-01	-9.753006e-01	1.000000e+00	-5.110204e-01	3.336984e-01	
6.392561e-02	-8.582058e-02	-2.120041e-01	1.340448e-01	1.488815e-02	-1.438504e-02	1.251094e-02	-5.203058e-03	5.274795e-03	6.849645e-02	-9.084042e-02	1.177703e-01	4.993078e-02	-6.884885e-02	5.820857e-02	7.351172e-02	-9.368326e-02	1.076518e-01	6.112864e-02	-8.977135e-02	-6.767885e-01	6.207521e-01	-5.110204e-01	1.000000e+00	-9.642020e-01	
-1.256215e-02	3.942069e-02	3.424978e-01	-2.140314e-01	-1.300685e-02	1.316509e-02	-1.077833e-02	-7.595831e-03	6.272321e-03	-1.241896e-01	1.637875e-01	-2.123953e-01	-6.491817e-02	1.071533e-01	-9.013483e-02	-1.066808e-01	1.365484e-01	-1.563904e-01	-1.549179e-01	2.132693e-01	5.070458e-01	-4.444644e-01	3.336984e-01	-9.642020e-01	1.000000e+00	

Time taken for mcmc chain: 30.700000 minutes
