0.0001365185278461	4860.420590074021
0.0021324349883683827	3913.344391164712
0.004128351448890665	5987.264105836621
0.006124267909412948	7180.31174654995
0.00812018436993523	7799.837717944159
0.010116100830457513	8042.292320979104
0.012112017290979797	8031.418720877958
0.014107933751502079	7850.0146011340785
0.01610385021202436	7553.383514929548
0.018099766672546643	7180.553088088085
0.020095683133068924	6761.128458314923
0.022091599593591207	6318.349988716415
0.02408751605411349	5869.452683088495
0.02608343251463577	5427.78890815347
0.028079348975158056	5024.85232944983
0.030075265435680336	4611.513000043324
0.03207118189620262	4234.835268468643
0.034067098356724904	3897.678637554437
0.03606301481724719	3594.562369622318
0.03805893127776947	3327.681415346339
0.04005484773829175	3101.9114383163705
0.04205076419881404	2910.22060762803
0.04404668065933632	2745.959722729657
0.0460425971198586	2603.7890983764364
0.04803851358038089	2479.149233672495
0.05003443004090317	2368.4263175688893
0.05203034650142545	2268.5711757905538
0.05402626296194773	2177.0536453709456
0.056022179422470016	2091.7781387761775
0.058018095882992296	2011.060312467123
0.060014012343514576	1933.3721343208595
0.062009928804036864	1857.865980753036
0.06400584526455914	1784.4137537485117
0.06600176172508143	1713.3850524109866
0.0679976781856037	1644.5113778003895
0.06999359464612599	1578.1097071388785
0.07198951110664828	1514.25977666794
0.07398542756717055	1452.777927124276
0.07598134402769284	1394.1626211985877
0.07797726048821513	1338.0838227724068
0.0799731769487374	1284.2972982280737
0.08196909340925969	1232.5051615530099
0.08396500986978198	1184.070397793334
0.08596092633030425	1137.7095824384492
0.08795684279082654	1092.9842393118042
0.08995275925134882	1051.9261910586617
0.0919486757118711	1012.1971284438453
0.09394459217239338	974.7579188842013
0.09594050863291567	939.5778969897618
0.09793642509343795	905.4248098423722
0.09993234155396023	874.2025695221475
0.1019282580144825	843.8252327272085
0.1039241744750048	815.2980204906861
0.10592009093552708	788.2576366914345
0.10791600739604935	762.1802619861496
0.10991192385657164	738.0969591464941
0.11190784031709393	714.6119950302517
0.1139037567776162	692.7932713088272
0.11589967323813849	671.8295218618262
0.11789558969866078	651.8630913053919
0.11989150615918305	633.152424019253
0.12188742261970534	614.9112870238793
0.12388333908022763	598.1332893017153
0.1258792555407499	581.7435498908202
0.12787517200127219	566.2477579685974
0.12987108846179446	551.3892092783916
0.13186700492231676	536.9876844606301
0.13386292138283903	523.3890747957503
0.1358588378433613	510.0308376047689
0.1378547543038836	497.3522023378307
0.13985067076440588	484.95475591542413
0.14184658722492816	472.9453860817937
0.14384250368545046	461.33013904900315
0.14583842014597273	449.8843776695283
0.147834336606495	438.90035771310727
0.1498302530670173	428.0282404410887
0.15182616952753958	417.4494127934096
0.15382208598806185	407.0749880699333
0.15581800244858415	396.87710598132685
0.15781391890910643	387.01800802336714
0.1598098353696287	377.2775848923821
0.161805751830151	367.9395992562733
0.16380166829067327	358.77630869410035
0.16579758475119555	349.905724156426
0.16779350121171785	341.35167328711697
0.16978941767224012	332.9659661963608
0.1717853341327624	325.0440940951854
0.1737812505932847	317.2630043335818
0.17577716705380697	309.8817455173815
0.17777308351432924	302.75148604222204
0.17976899997485155	295.88252239595374
0.18176491643537382	289.40962260045717
0.1837608328958961	283.0797682895115
0.1857567493564184	277.2269169102325
0.18775266581694067	271.5168644550813
0.18974858227746294	266.1006207120078
0.19174449873798524	260.90733888427525
0.19374041519850752	255.8589595772447
0.1957363316590298	251.08203845138968
0.19773224811955206	246.38175611354072
0.19972816458007436	241.8923165300827
0.20172408104059664	237.4932112500447
0.2037199975011189	233.20760088311022
0.2057159139616412	229.0381032363489
0.20771183042216348	224.9134180428402
0.20970774688268576	220.9110954589936
0.21170366334320806	216.9335877683477
0.21369957980373033	213.01980803078058
0.2156954962642526	209.1418288066551
0.2176914127247749	205.2920609050175
0.21968732918529718	201.5037868860164
0.22168324564581945	197.73818615553893
0.22367916210634176	194.0539309656575
0.22567507856686403	190.41270245035741
0.2276709950273863	186.83700884250734
0.2296669114879086	183.34425415999192
0.23166282794843088	179.89136937012202
0.23365874440895315	176.5674438616438
0.23565466086947545	173.28369163258867
0.23765057732999773	170.11164807966333
0.23964649379052	167.01890143437933
0.2416424102510423	164.0016167803538
0.24363832671156457	161.11287043500462
0.24563424317208685	158.2698719223714
0.24763015963260915	155.58355100490303
0.24962607609313142	152.95415756954648
0.2516219925536537	150.43075627827443
0.25361790901417597	147.9980111799603
0.25561382547469824	145.61886833837067
0.2576097419352205	143.35439666173502
0.2596056583957428	141.12213730852505
0.26160157485626506	138.9793975387405
0.2635974913167874	136.8809334042836
0.26559340777730966	134.83331822215402
0.26758932423783194	132.84638812532165
0.2695852406983542	130.88191013194532
0.2715811571588765	128.98491060059342
0.27357707361939876	127.10538539559231
0.2755729900799211	125.26615952660308
0.27756890654044336	123.45452269499077
0.27956482300096563	121.66274431163521
0.2815607394614879	119.90385131748256
0.2835566559220102	118.15520986210926
0.28555257238253245	116.43691811506443
0.2875484888430548	114.73484635841716
0.28954440530357706	113.05531488770002
0.29154032176409933	111.4052148963219
0.2935362382246216	109.76788092343408
0.2955321546851439	108.17472059289588
0.29752807114566615	106.59486592916133
0.2995239876061885	105.05068666609978
0.30151990406671075	103.53337209405022
0.303515820527233	102.0394572397073
0.3055117369877553	100.58809502877901
0.3075076534482776	99.1514909602052
0.30950356990879985	97.76396702204464
0.3114994863693222	96.39709603014582
0.31349540282984445	95.06517140148954
0.3154913192903667	93.77002975395214
0.317487235750889	92.49465455136433
0.31948315221141127	91.26906816196343
0.32147906867193354	90.05735730015661
0.3234749851324559	88.88398618784211
0.32547090159297815	87.73188457127567
0.3274668180535004	86.60214814524356
0.3294627345140227	85.50243801842355
0.33145865097454497	84.41346981317959
0.33345456743506724	83.35794679209513
0.33545048389558957	82.31254416824953
0.33744640035611184	81.28821568871231
0.3394423168166341	80.28055861044098
0.3414382332771564	79.28385821387458
0.34343414973767866	78.30861688664258
0.34543006619820094	77.33976280948262
0.34742598265872326	76.38923708266209
0.34942189911924554	75.44830314570295
0.3514178155797678	74.51955705961599
0.3534137320402901	73.60677030400804
0.35540964850081236	72.70020862346166
0.35740556496133463	71.8161379411841
0.35940148142185696	70.93843155859791
0.36139739788237923	70.07721066482506
0.3633933143429015	69.22881254650221
0.3653892308034238	68.39063888033937
0.36738514726394605	67.57187311781553
0.36938106372446833	66.75960533068508
0.37137698018499066	65.96803916821996
0.37337289664551293	65.18570694817454
0.3753688131060352	64.41761637375888
0.3773647295665575	63.66535213372981
0.37936064602707975	62.920800997926065
0.381356562487602	62.19865570195557
0.38335247894812435	61.482930321523675
0.3853483954086466	60.78482842725774
0.3873443118691689	60.097652569765785
0.3893402283296912	59.421003626359244
0.39133614479021345	58.760150803175094
0.3933320612507357	58.104798789864056
0.395327977711258	57.466893591446855
0.3973238941717803	56.835030410846
0.3993198106323026	56.21457409219043
0.40131572709282487	55.604287359217516
0.40331164355334714	55.000095654723445
0.4053075600138694	54.40960177981186
0.4073034764743917	53.82314130458371
0.409299392934914	53.24819402576732
0.4112953093954363	52.6793038280072
0.41329122585595857	52.11746078700686
0.41528714231648084	51.5647948511991
0.4172830587770031	51.01558380394803
0.4192789752375254	50.47853677397684
0.4212748916980477	49.94525510235755
0.42327080815857	49.420793416035465
0.42526672461909226	48.90369262531138
0.42726264107961454	48.39196223679714
0.4292585575401368	47.89125009469759
0.4312544740006591	47.39413800666123
0.4332503904611814	46.90821811134236
0.4352463069217037	46.42771078303146
0.43724222338222596	45.95482901079848
0.43923813984274823	45.49104141686755
0.4412340563032705	45.03126137392727
0.4432299727637928	44.58427599649135
0.4452258892243151	44.14096653997228
0.4472218056848374	43.70751371399638
0.44921772214535965	43.27906854864211
0.45121363860588193	42.85504494052845
0.4532095550664042	42.43569758398557
0.4552054715269265	42.018285501570624
0.4572013879874488	41.60945436409489
0.4591973044479711	41.20416182767961
0.46119322090849335	40.80494550384959
0.4631891373690156	40.41174817475886
0.4651850538295379	40.021834465671105
0.46718097029006017	39.64008536846092
0.4691768867505825	39.26067303448119
0.4711728032111048	38.88779306829547
0.47316871967162705	38.518715690148426
0.4751646361321493	38.15369267841239
0.4771605525926716	37.79469458800086
0.47915646905319387	37.437908139812954
0.4811523855137162	37.08888291926049
0.48314830197423847	36.74253819463008
0.48514421843476074	36.40186520592228
0.487140134895283	36.06613315033209
0.4891360513558053	35.73369620014717
0.49113196781632756	35.40812046292334
0.4931278842768499	35.08460472891112
0.49512380073737217	34.76703413061121
0.49711971719789444	34.45226782775137
0.4991156336584167	34.14111630449808
0.501111550118939	33.83428510521491
0.5031074665794614	33.52916879187636
0.5051033830399836	33.230019351081154
0.5070992995005059	32.93264079636044
0.5090952159610281	32.639876546947455
0.5110911324215505	32.35078643476106
0.5130870488820728	32.064668542716255
0.515082965342595	31.784196251993873
0.5170788818031173	31.505595156703528
0.5190747982636396	31.232850100863896
0.5210707147241619	30.96244660425244
0.5230666311846841	30.695709317424793
0.5250625476452064	30.432562629157204
0.5270584641057288	30.171194553834848
0.529054380566251	29.914442851500013
0.5310502970267733	29.658992207100923
0.5330462134872955	29.407110887506086
0.5350421299478179	29.1576185354703
0.5370380464083402	28.910461409507768
0.5390339628688624	28.66716465338362
0.5410298793293847	28.426053321738777
0.543025795789907	28.201506383173825
0.5450217122504293	27.97695944460886
0.5470176287109515	27.752412506043907
0.5490135451714738	27.52786556747894
0.5510094616319962	27.303318628913978
0.5530053780925184	27.078771690349026
0.5550012945530407	26.85422475178406
0.5569972110135629	26.629677813219107
0.5589931274740852	26.40513087465414
0.5609890439346076	26.180583936089178
0.5629849603951298	25.956036997524226
0.5649808768556521	25.75218982720054
0.5669767933161743	25.556232710588425
0.5689727097766967	25.360275593976304
0.5709686262372189	25.16431847736419
0.5729645426977412	24.96836136075207
0.5749604591582635	24.772404244139945
0.5769563756187858	24.576447127527835
0.5789522920793081	24.38049001091571
0.5809482085398303	24.1845328943036
0.5829441250003526	23.988575777691477
0.584940041460875	23.792618661079356
0.5869359579213972	23.596661544467242
0.5889318743819195	23.410255477479804
0.5909277908424417	23.2398523623424
0.5929237073029641	23.069449247204986
0.5949196237634863	22.899046132067582
0.5969155402240086	22.728643016930167
0.5989114566845309	22.558239901792756
0.6009073731450532	22.38783678665535
0.6029032896055755	22.217433671517938
0.6048992060660977	22.047030556380534
0.60689512252662	21.87662744124312
0.6088910389871424	21.706224326105705
0.6108869554476646	21.5358212109683
0.6128828719081869	21.365418095830886
0.6148787883687091	21.195014980693482
0.6168747048292315	21.04291980688679
0.6188706212897537	20.896263765432284
0.620866537750276	20.749607723977768
0.6228624542107983	20.602951682523255
0.6248583706713206	20.45629564106875
0.6268542871318429	20.309639599614236
0.6288502035923651	20.16298355815973
0.6308461200528874	20.016327516705218
0.6328420365134098	19.8696714752507
0.634837952973932	19.723015433796196
0.6368338694344543	19.576359392341683
0.6388297858949765	19.429703350887177
0.6408257023554988	19.283047309432664
0.6428216188160211	19.13639126797816
0.6448175352765434	18.989735226523646
0.6468134517370657	18.855571499848615
0.6488093681975879	18.730791383114003
0.6508052846581103	18.60601126637938
0.6528012011186325	18.481231149644763
0.6547971175791548	18.356451032910144
0.656793034039677	18.231670916175528
0.6587889505001994	18.106890799440908
0.6607848669607217	17.982110682706285
0.6627807834212439	17.85733056597167
0.6647766998817662	17.73255044923705
0.6667726163422885	17.607770332502433
0.6687685328028108	17.482990215767813
0.6707644492633331	17.35821009903319
0.6727603657238553	17.233429982298574
0.6747562821843777	17.108649865563955
0.6767521986448999	16.98386974882934
0.6787481151054222	16.859089632094715
0.6807440315659444	16.739649140479816
0.6827399480264668	16.635243916534673
0.6847358644869891	16.530838692589533
0.6867317809475113	16.426433468644394
0.6887276974080336	16.322028244699254
0.6907236138685559	16.217623020754115
0.6927195303290782	16.113217796808975
0.6947154467896005	16.00881257286383
0.6967113632501227	15.904407348918694
0.6987072797106451	15.800002124973552
0.7007031961711673	15.695596901028415
0.7026991126316896	15.591191677083273
0.7046950290922118	15.486786453138135
0.7066909455527342	15.382381229192994
0.7086868620132565	15.27797600524785
0.7106827784737787	15.173570781302715
0.712678694934301	15.069165557357572
0.7146746113948232	14.964760333412436
0.7166705278553456	14.860355109467292
0.7186664443158679	14.75594988552215
0.7206623607763901	14.652352308722573
0.7226582772369124	14.566851009336492
0.7246541936974347	14.481349709950416
0.726650110157957	14.395848410564335
0.7286460266184792	14.31034711117826
0.7306419430790015	14.224845811792179
0.7326378595395239	14.139344512406097
0.7346337760000461	14.053843213020022
0.7366296924605684	13.968341913633942
0.7386256089210906	13.882840614247865
0.740621525381613	13.797339314861786
0.7426174418421353	13.711838015475704
0.7446133583026575	13.626336716089629
0.7466092747631798	13.540835416703548
0.7486051912237021	13.455334117317472
0.7506011076842244	13.36983281793139
0.7525970241447466	13.284331518545315
0.7545929406052689	13.198830219159234
0.7565888570657913	13.113328919773153
0.7585847735263135	13.027827620387077
0.7605806899868358	12.942326321000996
0.762576606447358	12.85682502161492
0.7645725229078804	12.77132372222884
0.7665684393684027	12.68582242284276
0.7685643558289249	12.600321123456684
0.7705602722894472	12.52511903141419
0.7725561887499695	12.457498973565908
0.7745521052104918	12.389878915717624
0.776548021671014	12.322258857869343
0.7785439381315363	12.254638800021057
0.7805398545920587	12.187018742172773
0.7825357710525809	12.11939868432449
0.7845316875131032	12.051778626476207
0.7865276039736254	11.984158568627926
0.7885235204341478	11.91653851077964
0.79051943689467	11.84891845293136
0.7925153533551923	11.781298395083073
0.7945112698157146	11.71367833723479
0.7965071862762368	11.646058279386507
0.7985031027367592	11.578438221538223
0.8004990191972814	11.51081816368994
0.8024949356578037	11.443198105841656
0.804490852118326	11.375578047993372
0.8064867685788483	11.30795799014509
0.8084826850393706	11.240337932296805
0.8104786014998928	11.172717874448523
0.8124745179604151	11.105097816600239
0.8144704344209374	11.037477758751958
0.8164663508814597	10.969857700903672
0.818462267341982	10.902237643055388
0.8204581838025042	10.834617585207106
0.8224541002630266	10.766997527358821
0.8244500167235488	10.699377469510539
0.8264459331840711	10.631757411662255
0.8284418496445934	10.564137353813969
0.8304377661051157	10.496517295965688
0.832433682565638	10.436492790444643
0.8344295990261602	10.385769212885533
0.8364255154866825	10.33504563532642
0.8384214319472048	10.28432205776731
0.8404173484077271	10.233598480208197
0.8424132648682494	10.182874902649084
0.8444091813287716	10.132151325089975
0.846405097789294	10.081427747530862
0.8484010142498162	10.030704169971752
0.8503969307103385	9.97998059241264
0.8523928471708608	9.929257014853526
0.854388763631383	9.878533437294417
0.8563846800919054	9.827809859735304
0.8583805965524276	9.777086282176194
0.8603765130129499	9.726362704617081
0.8623724294734721	9.675639127057972
0.8643683459339945	9.624915549498859
0.8663642623945168	9.574191971939745
0.868360178855039	9.523468394380636
0.8703560953155614	9.472744816821523
0.8723520117760836	9.422021239262413
0.8743479282366059	9.3712976617033
0.8763438446971282	9.320574084144187
0.8783397611576504	9.269850506585078
0.8803356776181728	9.219126929025965
0.882331594078695	9.168403351466855
0.8843275105392173	9.117679773907742
0.8863234269997395	9.066956196348633
0.8883193434602619	9.01623261878952
0.8903152599207842	8.965509041230407
0.8923111763813064	8.914785463671297
0.8943070928418287	8.864061886112184
0.896303009302351	8.813338308553075
0.8982989257628733	8.762614730993961
0.9002948422233955	8.711891153434852
0.9022907586839178	8.661167575875739
0.9042866751444402	8.610443998316626
0.9062825916049624	8.559720420757516
0.9082785080654847	8.508996843198403
0.9102744245260069	8.458273265639294
0.9122703409865293	8.40754968808018
0.9142662574470516	8.356826110521068
0.9162621739075738	8.306102532961958
0.9182580903680961	8.269852212916634
0.9202540068286184	8.235007782679592
0.9222499232891407	8.20016335244255
0.9242458397496629	8.16531892220551
0.9262417562101852	8.130474491968467
0.9282376726707076	8.095630061731423
0.9302335891312298	8.060785631494383
0.9322295055917521	8.025941201257341
0.9342254220522743	7.9910967710203
0.9362213385127967	7.956252340783258
0.938217254973319	7.921407910546215
0.9402131714338412	7.886563480309174
0.9422090878943635	7.8517190500721314
0.9442050043548857	7.816874619835091
0.9462009208154081	7.782030189598048
0.9481968372759303	7.747185759361008
0.9501927537364526	7.712341329123965
0.952188670196975	7.677496898886923
0.9541845866574972	7.642652468649882
0.9561805031180195	7.6078080384128395
0.9581764195785417	7.572963608175798
0.960172336039064	7.538119177938756
0.9621682524995864	7.503274747701713
0.9641641689601086	7.468430317464673
0.9661600854206309	7.43358588722763
0.9681560018811531	7.39874145699059
0.9701519183416755	7.363897026753547
0.9721478348021977	7.329052596516506
0.97414375126272	7.294208166279463
0.9761396677232423	7.259363736042421
0.9781355841837646	7.22451930580538
0.9801315006442869	7.189674875568338
0.9821274171048091	7.154830445331298
0.9841233335653314	7.119986015094255
0.9861192500258538	7.085141584857212
0.988115166486376	7.050297154620171
0.9901110829468983	7.015452724383128
0.9921069994074205	6.980608294146088
0.9941029158679429	6.945763863909045
0.9960988323284651	6.910919433672005
0.9980947487889874	6.876075003434962
1.0000906652495096	6.8412305731979215
1.002086581710032	6.8063861429608785
1.0040824981705543	6.771541712723836
1.0060784146310766	6.7366972824867934
1.0080743310915987	6.701852852249755
1.010070247552121	6.667008422012712
1.0120661640126434	6.63216399177567
1.0140620804731657	6.597319561538627
1.016057996933688	6.562475131301585
1.0180539133942101	6.527630701064545
1.0200498298547325	6.492786270827503
1.0220457463152548	6.457941840590461
1.0240416627757771	6.423097410353418
1.0260375792362995	6.388252980116375
1.0280334956968216	6.353408549879337
1.030029412157344	6.318564119642295
1.0320253286178662	6.283719689405252
1.0340212450783886	6.248875259168209
1.0360171615389109	6.2140308289311665
1.038013077999433	6.179186398694128
1.0400089944599553	6.144341968457085
1.0420049109204776	6.109497538220042
1.044000827381	6.074653107983
