Number of steps: 10902983
Number of accepted steps: 1000000
Burn-in number of steps: 320000
Accepted fraction of steps: 0.091718
Convergence Status
R[0]= 1.000940	R[1]= 1.003338	R[2]= 1.043833	R[3]= 1.010798	R[4]= 1.001296	R[5]= 1.001965	R[6]= 1.002545	R[7]= 1.000537	R[8]= 1.000870	R[9]= 1.008844	R[10]= 1.013077	R[11]= 1.018421	R[12]= 1.002490	R[13]= 1.005269	R[14]= 1.022124	R[15]= 1.004745	R[16]= 1.005709	R[17]= 1.006511	R[18]= 1.000564	R[19]= 1.002687	R[20]= 1.001074	R[21]= 1.001893	R[22]= 1.003465	R[23]= 1.000370	R[24]= 1.000610	
<R>= 1.006559

Mean parameters
A[0]= 9.572654e-01 pm 3.119677e-02
A[1]= 1.058023e+00 pm 2.584270e-02
A[2]= 6.100655e-01 pm 4.375124e-01
A[3]= 4.017192e+00 pm 1.168984e+00
A[4]= -4.593664e+03 pm 3.765338e+03
A[5]= 2.511419e+03 pm 2.475975e+03
A[6]= -1.532967e+02 pm 5.824300e+02
A[7]= 7.113472e+00 pm 1.320792e+01
A[8]= -7.720570e-02 pm 1.781546e-01
A[9]= -5.717552e+02 pm 8.709822e+03
A[10]= -3.004406e+02 pm 5.351184e+03
A[11]= -5.408847e+01 pm 1.162594e+03
A[12]= -2.229901e+01 pm 4.834610e+01
A[13]= 5.180710e-01 pm 9.361536e-01
A[14]= 5.214366e+00 pm 1.694577e+00
A[15]= -5.299490e+03 pm 5.202647e+03
A[16]= 4.293097e+03 pm 3.431879e+03
A[17]= -7.981305e+02 pm 8.140162e+02
A[18]= 2.844278e-01 pm 1.925764e+01
A[19]= 1.484810e-01 pm 2.606939e-01
A[20]= 8.509690e+03 pm 1.140913e+04
A[21]= -4.396357e+03 pm 6.864860e+03
A[22]= 3.353641e+02 pm 1.444751e+03
A[23]= -4.544348e+01 pm 6.751647e+01
A[24]= 5.042245e-01 pm 1.307337e+00

Best-fitting parameters
A[0]= 9.707834e-01
A[1]= 1.051458e+00
A[2]= 4.342572e-01
A[3]= 4.463739e+00
A[4]= -5.903188e+03
A[5]= 3.465068e+03
A[6]= -3.758274e+02
A[7]= 1.843682e+01
A[8]= -2.166678e-01
A[9]= 3.612981e+03
A[10]= -2.682273e+03
A[11]= 4.186376e+02
A[12]= -3.614521e+01
A[13]= 5.911885e-01
A[14]= 5.487139e+00
A[15]= -5.027555e+03
A[16]= 3.987541e+03
A[17]= -7.109262e+02
A[18]= -2.953301e+00
A[19]= 1.837777e-01
A[20]= 3.371860e+03
A[21]= -1.772911e+03
A[22]= -3.196218e+01
A[23]= -5.784848e+00
A[24]= -2.163864e-01
chi2_min= 1.135665e+02


Cross-Covariance parameters
1.000000e+00	-5.023819e-01	-2.136936e-01	1.131570e-01	6.596905e-02	-7.322809e-02	6.926689e-02	5.205833e-02	-6.207111e-02	1.751453e-02	-2.286405e-02	1.438943e-02	1.662434e-01	-1.538901e-01	1.016981e-01	4.157234e-02	-4.207379e-02	3.393995e-02	7.722389e-02	-7.576659e-02	6.384551e-03	-7.521122e-03	-7.756033e-03	1.573964e-01	-1.440314e-01	
-5.023819e-01	1.000000e+00	2.554742e-01	-2.097250e-01	-5.087390e-02	6.698238e-02	-8.775995e-02	1.236917e-01	-9.982135e-02	-4.264944e-02	5.194945e-02	-5.508899e-02	-1.156030e-01	8.848874e-02	-2.651175e-01	4.989086e-02	-5.494847e-02	5.311027e-02	1.110136e-01	-1.434534e-01	-2.238467e-02	2.146274e-02	-9.454030e-03	-7.173002e-02	4.279336e-02	
-2.136936e-01	2.554742e-01	1.000000e+00	-7.027702e-01	-1.155568e-01	1.341705e-01	-1.391921e-01	-3.156216e-03	4.966751e-02	-4.631244e-01	5.849368e-01	-7.170604e-01	-1.071403e-01	2.829949e-01	-7.116092e-01	6.030219e-02	-7.421097e-02	9.308525e-02	-2.801615e-02	-3.129916e-02	-3.445034e-01	4.464745e-01	-5.728410e-01	-1.215990e-01	2.374261e-01	
1.131570e-01	-2.097250e-01	-7.027702e-01	1.000000e+00	-4.492146e-01	4.911511e-01	-5.255831e-01	1.701141e-01	7.222156e-02	2.691719e-01	-3.370920e-01	4.143270e-01	2.505745e-02	-1.118416e-01	5.246810e-01	-2.157530e-02	3.007621e-02	-4.155932e-02	-1.477249e-03	3.505402e-02	2.695941e-01	-3.486889e-01	4.462726e-01	7.913916e-02	-1.695422e-01	
6.596905e-02	-5.087390e-02	-1.155568e-01	-4.492146e-01	1.000000e+00	-9.849191e-01	9.424000e-01	-6.826490e-01	2.973130e-01	9.458189e-02	-1.414187e-01	1.917146e-01	1.099161e-01	-1.142100e-01	8.171043e-02	-1.521984e-02	1.581954e-02	-1.681490e-02	1.067103e-02	-3.360681e-03	3.248064e-02	-4.149033e-02	5.264795e-02	2.100532e-02	-2.985857e-02	
-7.322809e-02	6.698238e-02	1.341705e-01	4.911511e-01	-9.849191e-01	1.000000e+00	-9.855563e-01	6.320042e-01	-2.288594e-01	-1.113514e-01	1.628911e-01	-2.183124e-01	-1.204942e-01	1.395918e-01	-9.538911e-02	1.564524e-02	-1.637035e-02	1.763014e-02	-1.007251e-02	2.554420e-03	-3.744897e-02	4.820343e-02	-6.142818e-02	-2.530254e-02	3.608077e-02	
6.926689e-02	-8.775995e-02	-1.391921e-01	-5.255831e-01	9.424000e-01	-9.855563e-01	1.000000e+00	-5.684500e-01	1.630758e-01	1.261239e-01	-1.793598e-01	2.364058e-01	1.175951e-01	-1.471397e-01	1.019416e-01	-1.649387e-02	1.724886e-02	-1.839736e-02	5.655592e-03	1.626771e-03	3.827493e-02	-4.934120e-02	6.291070e-02	2.620341e-02	-3.716122e-02	
5.205833e-02	1.236917e-01	-3.156216e-03	1.701141e-01	-6.826490e-01	6.320042e-01	-5.684500e-01	1.000000e+00	-8.805819e-01	9.100522e-02	-6.710025e-02	3.033220e-02	-7.570218e-02	-7.421159e-02	-2.753409e-02	2.332774e-02	-2.529224e-02	2.354543e-02	4.184761e-02	-5.154944e-02	9.248333e-03	-1.317841e-02	1.750227e-02	1.355306e-02	-2.409331e-02	
-6.207111e-02	-9.982135e-02	4.966751e-02	7.222156e-02	2.973130e-01	-2.288594e-01	1.630758e-01	-8.805819e-01	1.000000e+00	-1.683568e-01	1.633826e-01	-1.435409e-01	4.082825e-02	1.680425e-01	-5.898809e-03	-1.599584e-02	1.797774e-02	-1.635187e-02	-4.544324e-02	5.270101e-02	-2.249839e-02	3.026976e-02	-3.965279e-02	-2.066908e-02	3.533995e-02	
1.751453e-02	-4.264944e-02	-4.631244e-01	2.691719e-01	9.458189e-02	-1.113514e-01	1.261239e-01	9.100522e-02	-1.683568e-01	1.000000e+00	-9.824350e-01	9.150579e-01	-7.252865e-01	5.119162e-01	3.318058e-01	-2.335778e-02	2.818809e-02	-3.591380e-02	3.128267e-02	-1.080584e-02	1.781466e-01	-2.304702e-01	2.969948e-01	4.912692e-02	-1.140608e-01	
-2.286405e-02	5.194945e-02	5.849368e-01	-3.370920e-01	-1.414187e-01	1.628911e-01	-1.793598e-01	-6.710025e-02	1.633826e-01	-9.824350e-01	1.000000e+00	-9.735209e-01	6.603947e-01	-4.370371e-01	-4.186898e-01	2.727533e-02	-3.345291e-02	4.331569e-02	-3.352401e-02	8.096380e-03	-2.237688e-01	2.900597e-01	-3.742607e-01	-6.299630e-02	1.445263e-01	
1.438943e-02	-5.508899e-02	-7.170604e-01	4.143270e-01	1.917146e-01	-2.183124e-01	2.364058e-01	3.033220e-02	-1.435409e-01	9.150579e-01	-9.735209e-01	1.000000e+00	-5.354729e-01	3.100251e-01	5.143908e-01	-3.214680e-02	3.982688e-02	-5.190347e-02	3.363595e-02	-2.483753e-03	2.746731e-01	-3.565967e-01	4.607949e-01	7.568368e-02	-1.757416e-01	
1.662434e-01	-1.156030e-01	-1.071403e-01	2.505745e-02	1.099161e-01	-1.204942e-01	1.175951e-01	-7.570218e-02	4.082825e-02	-7.252865e-01	6.603947e-01	-5.354729e-01	1.000000e+00	-9.421623e-01	7.950136e-02	3.067556e-03	-1.796202e-03	-3.282705e-04	-4.859554e-03	1.144021e-02	2.961784e-02	-3.789985e-02	4.539604e-02	3.157794e-02	-3.683464e-02	
-1.538901e-01	8.848874e-02	2.829949e-01	-1.118416e-01	-1.142100e-01	1.395918e-01	-1.471397e-01	-7.421159e-02	1.680425e-01	5.119162e-01	-4.370371e-01	3.100251e-01	-9.421623e-01	1.000000e+00	-2.016312e-01	3.618868e-03	-6.323514e-03	1.133321e-02	-1.203576e-02	-1.118070e-03	-9.935605e-02	1.291230e-01	-1.643906e-01	-5.025339e-02	8.293995e-02	
1.016981e-01	-2.651175e-01	-7.116092e-01	5.246810e-01	8.171043e-02	-9.538911e-02	1.019416e-01	-2.753409e-02	-5.898809e-03	3.318058e-01	-4.186898e-01	5.143908e-01	7.950136e-02	-2.016312e-01	1.000000e+00	-5.313551e-01	6.010228e-01	-6.549220e-01	8.730411e-02	2.023699e-01	1.610580e-01	-2.164741e-01	2.925512e-01	5.257624e-02	-9.652060e-02	
4.157234e-02	4.989086e-02	6.030219e-02	-2.157530e-02	-1.521984e-02	1.564524e-02	-1.649387e-02	2.332774e-02	-1.599584e-02	-2.335778e-02	2.727533e-02	-3.214680e-02	3.067556e-03	3.618868e-03	-5.313551e-01	1.000000e+00	-9.830012e-01	9.352412e-01	-6.190464e-01	2.434907e-01	1.484676e-01	-1.768670e-01	2.016963e-01	1.259699e-02	-3.906743e-02	
-4.207379e-02	-5.494847e-02	-7.421097e-02	3.007621e-02	1.581954e-02	-1.637035e-02	1.724886e-02	-2.529224e-02	1.797774e-02	2.818809e-02	-3.345291e-02	3.982688e-02	-1.796202e-03	-6.323514e-03	6.010228e-01	-9.830012e-01	1.000000e+00	-9.838533e-01	5.519079e-01	-1.578079e-01	-1.556493e-01	1.878254e-01	-2.164829e-01	-2.307486e-02	5.855875e-02	
3.393995e-02	5.311027e-02	9.308525e-02	-4.155932e-02	-1.681490e-02	1.763014e-02	-1.839736e-02	2.354543e-02	-1.635187e-02	-3.591380e-02	4.331569e-02	-5.190347e-02	-3.282705e-04	1.133321e-02	-6.549220e-01	9.352412e-01	-9.838533e-01	1.000000e+00	-4.700264e-01	7.275996e-02	1.562560e-01	-1.904273e-01	2.212063e-01	2.827296e-02	-6.950534e-02	
7.722389e-02	1.110136e-01	-2.801615e-02	-1.477249e-03	1.067103e-02	-1.007251e-02	5.655592e-03	4.184761e-02	-4.544324e-02	3.128267e-02	-3.352401e-02	3.363595e-02	-4.859554e-03	-1.203576e-02	8.730411e-02	-6.190464e-01	5.519079e-01	-4.700264e-01	1.000000e+00	-8.969361e-01	-3.018263e-02	3.624827e-02	-4.338502e-02	8.090055e-02	-1.541479e-01	
-7.576659e-02	-1.434534e-01	-3.129916e-02	3.505402e-02	-3.360681e-03	2.554420e-03	1.626771e-03	-5.154944e-02	5.270101e-02	-1.080584e-02	8.096380e-03	-2.483753e-03	1.144021e-02	-1.118070e-03	2.023699e-01	2.434907e-01	-1.578079e-01	7.275996e-02	-8.969361e-01	1.000000e+00	-3.373332e-02	3.858842e-02	-3.905716e-02	-9.823218e-02	2.070787e-01	
6.384551e-03	-2.238467e-02	-3.445034e-01	2.695941e-01	3.248064e-02	-3.744897e-02	3.827493e-02	9.248333e-03	-2.249839e-02	1.781466e-01	-2.237688e-01	2.746731e-01	2.961784e-02	-9.935605e-02	1.610580e-01	1.484676e-01	-1.556493e-01	1.562560e-01	-3.018263e-02	-3.373332e-02	1.000000e+00	-9.845697e-01	9.205641e-01	-7.570370e-01	5.999982e-01	
-7.521122e-03	2.146274e-02	4.464745e-01	-3.486889e-01	-4.149033e-02	4.820343e-02	-4.934120e-02	-1.317841e-02	3.026976e-02	-2.304702e-01	2.900597e-01	-3.565967e-01	-3.789985e-02	1.291230e-01	-2.164741e-01	-1.768670e-01	1.878254e-01	-1.904273e-01	3.624827e-02	3.858842e-02	-9.845697e-01	1.000000e+00	-9.738528e-01	7.075882e-01	-5.411692e-01	
-7.756033e-03	-9.454030e-03	-5.728410e-01	4.462726e-01	5.264795e-02	-6.142818e-02	6.291070e-02	1.750227e-02	-3.965279e-02	2.969948e-01	-3.742607e-01	4.607949e-01	4.539604e-02	-1.643906e-01	2.925512e-01	2.016963e-01	-2.164829e-01	2.212063e-01	-4.338502e-02	-3.905716e-02	9.205641e-01	-9.738528e-01	1.000000e+00	-5.973732e-01	4.260109e-01	
1.573964e-01	-7.173002e-02	-1.215990e-01	7.913916e-02	2.100532e-02	-2.530254e-02	2.620341e-02	1.355306e-02	-2.066908e-02	4.912692e-02	-6.299630e-02	7.568368e-02	3.157794e-02	-5.025339e-02	5.257624e-02	1.259699e-02	-2.307486e-02	2.827296e-02	8.090055e-02	-9.823218e-02	-7.570370e-01	7.075882e-01	-5.973732e-01	1.000000e+00	-9.649336e-01	
-1.440314e-01	4.279336e-02	2.374261e-01	-1.695422e-01	-2.985857e-02	3.608077e-02	-3.716122e-02	-2.409331e-02	3.533995e-02	-1.140608e-01	1.445263e-01	-1.757416e-01	-3.683464e-02	8.293995e-02	-9.652060e-02	-3.906743e-02	5.855875e-02	-6.950534e-02	-1.541479e-01	2.070787e-01	5.999982e-01	-5.411692e-01	4.260109e-01	-9.649336e-01	1.000000e+00	

Time taken for mcmc chain: 54.983333 minutes
