0.0004219262775278	1.0000000000000016
0.0022097994863915357	1.000000000000002
0.003997672695255272	1.0
0.005785545904119007	0.999999999999999
0.007573419112982743	0.9999999999999977
0.009361292321846479	0.9999999999999977
0.011149165530710214	0.9999999999999967
0.01293703873957395	0.9999999999999998
0.014724911948437686	0.9999999999999981
0.01651278515730142	0.9999999999999998
0.018300658366165155	1.0
0.020088531575028892	1.0000000000000018
0.021876404783892626	0.9999999999999998
0.023664277992756364	1.0000000000000018
0.0254521512016201	1.0000000000000002
0.027240024410483836	0.9999999999999976
0.02902789761934757	1.0000381667287976
0.030815770828211304	0.9999980171958783
0.032603644037075045	1.0000022178867247
0.03439151724593878	1.0000013592393588
0.036179390454802514	1.000001030721499
0.037967263663666255	1.0000009949225428
0.03975513687252999	1.0000001486856605
0.04154301008139372	1.0000000697557452
0.04333088329025746	0.9999988214036069
0.04511875649912119	0.9999984428206635
0.04690662970798493	0.9999995327519308
0.04869450291684867	0.9994890750741022
0.0504823761257124	0.9981546501461042
0.052270249334576135	0.9963049498429024
0.05405812254343988	0.9942096937861519
0.05584599575230361	0.9921207925740437
0.057633868961167345	0.9902377384607897
0.05942174217003108	0.9887304224389424
0.06120961537889481	0.9877232619411775
0.06299748858775854	0.9873122423334411
0.06478536179662228	0.9875638265090482
0.06657323500548602	0.9884855661068548
0.06836110821434975	0.9901050168596074
0.07014898142321349	0.9924004271810167
0.07193685463207722	0.9953195855477834
0.07372472784094096	0.9988417509313856
0.0755126010498047	1.0029450240635787
0.07730047425866843	1.007422149193768
0.07908834746753217	1.012082522441676
0.0808762206763959	1.0167176879051336
0.08266409388525964	1.0210799351681308
0.08445196709412338	1.0250853332804337
0.0862398403029871	1.0286636329008942
0.08802771351185085	1.0312906359981924
0.08981558672071457	1.0335076997760313
0.09160345992957832	1.0345254029853348
0.09339133313844206	1.0349312572085094
0.09517920634730578	1.03426676419113
0.09696707955616952	1.0328312618055868
0.09875495276503327	1.0304460218431144
0.100542825973897	1.0273634699183858
0.10233069918276073	1.0234396096383738
0.10411857239162446	1.0190505543003021
0.1059064456004882	1.0139695420910855
0.10769431880935194	1.008690160525616
0.10948219201821567	1.002974956556723
0.11127006522707941	0.9972563431534268
0.11305793843594314	0.9915239907267558
0.11484581164480688	0.9858375452508232
0.11663368485367062	0.9807690540667251
0.11842155806253435	0.975700562882627
0.12020943127139809	0.971793582206859
0.12199730448026182	0.9679744405478938
0.12378517768912556	0.9654630368556587
0.12557305089798929	0.9633115305740022
0.12736092410685304	0.9623579750298441
0.12914879731571677	0.9620930882725017
0.1309366705245805	0.9627442760133583
0.13272454373344425	0.9643741050804153
0.13451241694230798	0.9665666600318089
0.1363002901511717	0.9698985114677802
0.13808816336003543	0.9734659595390363
0.1398760365688992	0.9781295414405647
0.14166390977776291	0.982811703649269
0.14345178298662664	0.9882944256885836
0.1452396561954904	0.9937771477278983
0.14702752940435412	0.9994567339204652
0.14881540261321785	1.0051662214867343
0.1506032758220816	1.0106037168036124
0.15239114903094533	1.0159319439869514
0.15417902223980906	1.020737259737665
0.15596689544867282	1.0251292862490018
0.15775476865753654	1.0289621009435272
0.15954264186640027	1.031968619902389
0.161330515075264	1.034559121562411
0.16311838828412775	1.0358924479921512
0.16490626149299148	1.0370592376283603
0.1666941347018552	1.0366138613454132
0.16848200791071896	1.0361684850624662
0.1702698811195827	1.0341387387694738
0.17205775432844642	1.0320053477583266
0.17384562753731017	1.0287594983543111
0.1756335007461739	1.0252063538119893
0.17742137395503763	1.0210202030485913
0.17920924716390135	1.0164598975070327
0.1809971203727651	1.0116631906430724
0.18278499358162884	1.0066035649493912
0.18457286679049256	1.0015573753567928
0.18636073999935632	0.9965399509017455
0.18814861320822004	0.9916091690208931
0.18993648641708377	0.9871222773148208
0.19172435962594753	0.982643085721653
0.19351223283481125	0.9790907594025513
0.19530010604367498	0.9755384330834496
0.19708797925253874	0.973042054262137
0.19887585246140246	0.9707274138918905
0.2006637256702662	0.9694028572119856
0.20245159887912992	0.9685065059079783
0.20423947208799367	0.9684038066594677
0.2060273452968574	0.9689690591539912
0.20781521850572113	0.9700685932527288
0.20960309171458488	0.9720111585869987
0.2113909649234486	0.9742343358090283
0.21317883813231234	0.977382130137771
0.2149667113411761	0.9805937716126495
0.21675458455003982	0.9845628650008266
0.21854245775890355	0.9885319583890035
0.22033033096776727	0.9928628378538525
0.22211820417663103	0.9972240485094263
0.22390607738549476	1.0015261336849173
0.22569395059435848	1.0058103133157525
0.22748182380322224	1.0097968407612758
0.22926969701208597	1.0135950248789671
0.2310575702209497	1.0170169821292463
0.23284544342981345	1.0199925634733982
0.23463331663867718	1.0226451652223096
0.2364211898475409	1.0245522071244102
0.23820906305640466	1.0262817411607805
0.23999693626526838	1.0269825777165085
0.2417848094741321	1.0276834142722362
0.24357268268299584	1.0271666972989657
0.2453605558918596	1.026640235894294
0.24714842910072332	1.0251700163472
0.24893630230958705	1.0235159482374017
0.2507241755184508	1.0212269405737726
0.25251204872731453	1.018641674028184
0.2542999219361783	1.0157153794582205
0.256087795145042	1.0124826887824623
0.25787566835390574	1.0091350463056177
0.2596635415627695	1.005593044881339
0.2614514147716332	1.0020632676421153
0.26323928798049695	0.9985777211457039
0.2650271611893607	0.9951150513672472
0.2668150343982244	0.9920019668539919
0.26860290760708816	0.9888888823407365
0.2703907808159519	0.9863428633772298
0.2721786540248156	0.9838554653124769
0.27396652723367937	0.9819815663710119
0.27575440044254307	0.9803108630379579
0.2775422736514068	0.9791943020101781
0.2793301468602706	0.9784532354811675
0.2811180200691343	0.9781340771007048
0.28290589327799803	0.978349781528387
0.2846937664868618	0.9788229273202355
0.2864816396957255	0.9799392293839562
0.28826951290458924	0.9811557752402291
0.290057386113453	0.9830388159723236
0.2918452593223167	0.9849218567044178
0.29363313253118045	0.9873580870843919
0.2954210057400442	0.9898081389293605
0.2972088789489079	0.9925179536716835
0.29899675215777166	0.9952845939172565
0.3007846253666354	0.9980732605035958
0.3025724985754991	1.0008730037232236
0.30436037178436287	1.0035534578630585
0.3061482449932266	1.006119424559918
0.3079361182020903	1.0085250206162928
0.3097239914109541	1.0106394299908654
0.31151186461981784	1.0126292771586034
0.31329973782868153	1.01412096840264
0.3150876110375453	1.0155796319339532
0.316875484246409	1.0163358847260495
0.31866335745527274	1.017092137518146
0.3204512306641365	1.0171605427547394
0.3222391038730002	1.017143748340045
0.32402697708186395	1.01658761095327
0.3258148502907277	1.015836681988937
0.3276027234995914	1.0147228051166846
0.32939059670845516	1.0133456095482938
0.3311784699173189	1.011770101500916
0.3329663431261826	1.0099256492845827
0.3347542163350464	1.0080092052191092
0.33654208954391013	1.0058974182363518
0.3383299627527738	1.0037802614175055
0.3401178359616376	1.0016214408355477
0.34190570917050134	0.9994626202535901
0.34369358237936504	0.9974543659666119
0.3454814555882288	0.9954525414286268
0.34726932879709255	0.99370517744455
0.34905720200595625	0.9920198777916335
0.35084507521482	0.990622471983913
0.35263294842368376	0.9893809095668868
0.35442082163254746	0.9884012094240605
0.3562086948414112	0.9876900901586292
0.3579965680502749	0.9871724007866309
0.35978444125913867	0.9870326464855999
0.3615723144680024	0.9869953769069311
0.3633601876768661	0.9874143887153642
0.3651480608857299	0.9878473716441964
0.36693593409459363	0.9887603298056336
0.36872380730345733	0.9896732879670705
0.3705116805123211	0.9909239849791014
0.37229955372118484	0.9922237453763028
0.37408742693004854	0.9936998741574702
0.3758753001389123	0.9952452634895987
0.37766317334777605	0.9968395850453838
0.37945104655663975	0.9984719033913153
0.3812389197655035	1.0000733734535387
0.38302679297436726	1.0016300404626168
0.38481466618323096	1.0031355982246635
0.3866025393920947	1.0044899640245477
0.38839041260095847	1.005814789879485
0.39017828580982217	1.0068662103833357
0.3919661590186859	1.0079176308871864
0.3937540322275497	1.00861340652107
0.3955419054364134	1.009287436394504
0.39732977864527713	1.0096291865635283
0.39911765185414083	1.0098811387707498
0.4009055250630046	1.0098636682115163
0.40269339827186834	1.0096893971985288
0.40448127148073204	1.0093278730089181
0.4062691446895958	1.0087610254020116
0.40805701789845955	1.008090545134557
0.40984489110732325	1.0072017102324071
0.411632764316187	1.006275772866158
0.41342063752505076	1.0051643959201542
0.41520851073391446	1.0040518319952876
0.4169963839427782	1.002838029836696
0.41878425715164197	1.001624227678104
0.42057213036050567	1.0004280689078098
0.4223600035693694	0.9992348672089223
0.4241478767782332	0.9981427189677236
0.4259357499870969	0.997093607004531
0.42772362319596063	0.996183047951416
0.4295114964048244	0.9953876076919007
0.4312993696136881	0.9947273882957625
0.43308724282255184	0.9942777316050554
0.4348751160314156	0.9939265745923492
0.4366629892402793	0.9938944263238421
0.43845086244914305	0.9939000316046257
0.44023873565800675	0.9943351960452845
0.4420266088668705	0.9947703604859435
0.44381448207573426	0.9956633851540089
0.44560235528459796	0.9965931836969406
0.4473902284934617	0.997903377435676
0.44917810170232547	0.999326862364857
0.45096597491118917	0.9999102326377514
0.4527538481200529	0.9999685326087854
0.4545417213289167	1.0000000000000004
0.4563295945377804	1.0000000000000013
0.45811746774664414	1.0000000000000018
0.4599053409555079	1.000000000000001
0.4616932141643716	1.0000000000000004
0.46348108737323535	1.0
0.4652689605820991	0.9999999999999997
0.4670568337909628	0.9999999999999997
0.46884470699982655	0.9999999999999997
0.4706325802086903	0.9999999999999997
0.472420453417554	0.9999999999999996
0.47420832662641776	1.0
0.4759961998352815	1.0000000000000007
0.4777840730441452	1.0000000000000004
0.479571946253009	0.9999999999999997
0.4813598194618727	0.9999999999999991
0.48314769267073643	0.9999999999999992
0.4849355658796002	0.9999999999999996
0.4867234390884639	1.0000000000000009
0.48851131229732764	1.000000000000002
0.4902991855061914	1.0000000000000007
0.4920870587150551	0.9999999999999994
0.49387493192391885	0.9999999999999997
0.4956628051327826	0.9999999999999999
0.4974506783416463	1.0000000000000002
0.49923855155051006	1.0000000000000004
0.5010264247593738	1.000000000000001
0.5028142979682375	1.0000000000000018
0.5046021711771013	1.0000000000000018
0.506390044385965	1.000000000000001
0.5081779175948288	1.0000000000000004
0.5099657908036924	1.0000000000000007
0.5117536640125562	1.0000000000000009
0.5135415372214199	1.0000000000000007
0.5153294104302837	1.0000000000000004
0.5171172836391474	1.0000000000000002
0.5189051568480112	1.0
0.5206930300568748	0.9999999999999993
0.5224809032657386	0.9999999999999984
0.5242687764746023	0.9999999999999986
0.5260566496834661	0.9999999999999992
0.5278445228923299	0.9999999999999996
0.5296323961011936	0.9999999999999997
0.5314202693100573	0.9999999999999997
0.533208142518921	0.9999999999999994
0.5349960157277848	0.9999999999999993
0.5367838889366485	0.9999999999999999
0.5385717621455123	1.0000000000000004
0.540359635354376	0.9999999999999999
0.5421475085632397	0.9999999999999994
0.5439353817721034	0.9999999999999997
0.5457232549809672	1.0000000000000002
0.5475111281898309	1.0000000000000004
0.5492990013986947	1.0000000000000009
0.5510868746075583	1.0000000000000007
0.5528747478164221	1.0000000000000002
0.5546626210252859	1.0
0.5564504942341496	1.0000000000000009
0.5582383674430134	1.000000000000001
0.5600262406518771	0.9999999999999998
0.5618141138607408	0.9999999999999989
0.5636019870696045	0.9999999999999998
0.5653898602784683	1.0000000000000007
0.567177733487332	1.0000000000000013
0.5689656066961958	1.000000000000002
0.5707534799050595	1.0000000000000016
0.5725413531139232	1.0000000000000009
0.5743292263227869	1.0000000000000002
0.5761170995316507	0.9999999999999998
0.5779049727405144	0.9999999999999994
0.5796928459493782	0.9999999999999991
0.581480719158242	0.9999999999999992
0.5832685923671056	1.0000000000000002
0.5850564655759694	1.0000000000000009
0.5868443387848331	1.0000000000000007
0.5886322119936969	1.0000000000000004
0.5904200852025606	1.0
0.5922079584114243	0.9999999999999997
0.593995831620288	0.9999999999999996
0.5957837048291518	0.9999999999999993
0.5975715780380155	0.9999999999999998
0.5993594512468793	1.0000000000000004
0.601147324455743	1.0000000000000002
0.6029351976646067	0.9999999999999996
0.6047230708734704	0.9999999999999994
0.6065109440823342	1.0000000000000002
0.608298817291198	1.0000000000000004
0.6100866905000617	0.9999999999999993
0.6118745637089255	0.9999999999999983
0.6136624369177891	0.9999999999999987
0.6154503101266529	0.999999999999999
0.6172381833355166	0.9999999999999994
0.6190260565443804	0.9999999999999998
0.6208139297532441	0.9999999999999994
0.6226018029621079	0.999999999999999
0.6243896761709715	0.9999999999999989
0.6261775493798353	0.999999999999999
0.627965422588699	0.999999999999999
0.6297532957975628	0.999999999999999
0.6315411690064265	0.999999999999999
0.6333290422152902	0.9999999999999988
0.6351169154241539	0.9999999999999988
0.6369047886330177	0.9999999999999998
0.6386926618418814	1.0000000000000007
0.6404805350507452	0.9999999999999998
0.642268408259609	0.9999999999999989
0.6440562814684726	0.999999999999999
0.6458441546773364	0.9999999999999991
0.6476320278862001	0.9999999999999996
0.6494199010950639	1.0
0.6512077743039276	1.0
0.6529956475127914	0.9999999999999998
0.654783520721655	0.9999999999999996
0.6565713939305188	0.9999999999999994
0.6583592671393825	0.9999999999999993
0.6601471403482463	0.9999999999999992
0.66193501355711	0.9999999999999992
0.6637228867659738	0.9999999999999987
0.6655107599748374	0.9999999999999982
0.6672986331837012	0.9999999999999989
0.669086506392565	0.9999999999999996
0.6708743796014287	0.9999999999999992
0.6726622528102925	0.9999999999999988
0.6744501260191561	0.9999999999999988
0.6762379992280199	0.9999999999999991
0.6780258724368836	0.9999999999999993
0.6798137456457474	0.9999999999999994
0.6816016188546111	0.9999999999999996
0.6833894920634749	1.0
0.6851773652723385	1.0000000000000004
0.6869652384812023	0.9999999999999998
0.688753111690066	0.9999999999999991
0.6905409848989298	1.0000000000000002
0.6923288581077935	1.000000000000001
0.6941167313166573	1.0000000000000007
0.6959046045255209	0.9999999999999999
0.6976924777343847	0.9999999999999994
0.6994803509432485	0.9999999999999992
0.7012682241521122	0.9999999999999993
0.703056097360976	0.9999999999999998
0.7048439705698397	0.9999999999999999
0.7066318437787034	0.9999999999999997
0.7084197169875671	0.9999999999999997
0.7102075901964309	1.0000000000000004
0.7119954634052946	1.000000000000001
0.7137833366141584	1.000000000000001
0.715571209823022	1.0000000000000009
0.7173590830318858	1.000000000000001
0.7191469562407495	1.0000000000000013
0.7209348294496133	1.000000000000001
0.722722702658477	1.0000000000000009
0.7245105758673408	1.0000000000000009
0.7262984490762044	1.0000000000000009
0.7280863222850682	1.0000000000000009
0.729874195493932	1.0000000000000004
0.7316620687027957	1.0000000000000002
0.7334499419116595	0.9999999999999998
0.7352378151205232	0.9999999999999996
0.7370256883293869	1.0
0.7388135615382506	1.0000000000000007
0.7406014347471144	1.0000000000000002
0.7423893079559781	0.9999999999999997
0.7441771811648419	0.9999999999999997
0.7459650543737056	0.9999999999999998
0.7477529275825693	0.9999999999999998
0.749540800791433	0.9999999999999998
0.7513286740002968	0.9999999999999999
0.7531165472091605	1.0
0.7549044204180243	1.0000000000000002
0.756692293626888	1.0000000000000004
0.7584801668357517	1.0000000000000004
0.7602680400446155	1.0000000000000007
0.7620559132534792	1.0000000000000007
0.763843786462343	1.000000000000001
0.7656316596712067	1.0000000000000018
0.7674195328800704	1.0000000000000009
0.7692074060889341	1.0
0.7709952792977979	0.9999999999999994
0.7727831525066616	0.9999999999999991
0.7745710257155254	0.999999999999999
0.7763588989243891	0.9999999999999992
0.7781467721332528	0.9999999999999996
0.7799346453421165	1.0
0.7817225185509803	1.0000000000000002
0.783510391759844	0.9999999999999999
0.7852982649687078	0.9999999999999996
0.7870861381775716	1.0000000000000002
0.7888740113864352	1.0000000000000009
0.790661884595299	1.0000000000000007
0.7924497578041627	1.0000000000000004
0.7942376310130265	1.0
0.7960255042218902	0.9999999999999996
0.7978133774307539	0.9999999999999997
0.7996012506396176	1.0
0.8013891238484814	1.0
0.8031769970573451	0.9999999999999998
0.8049648702662089	0.9999999999999996
0.8067527434750726	0.9999999999999998
0.8085406166839363	0.9999999999999999
0.8103284898928	0.9999999999999998
0.8121163631016638	0.9999999999999997
0.8139042363105276	0.9999999999999997
0.8156921095193913	0.9999999999999998
0.8174799827282551	1.0
0.8192678559371187	1.0000000000000002
0.8210557291459825	1.0
0.8228436023548462	0.9999999999999998
0.82463147556371	1.0
0.8264193487725737	1.0000000000000007
0.8282072219814375	1.0000000000000009
0.8299950951903011	1.0000000000000007
0.8317829683991649	1.0000000000000002
0.8335708416080286	0.9999999999999999
0.8353587148168924	0.9999999999999996
0.8371465880257561	1.0
0.8389344612346198	1.0000000000000007
0.8407223344434835	1.0000000000000002
0.8425102076523473	0.9999999999999996
0.844298080861211	0.9999999999999999
0.8460859540700748	1.0000000000000004
0.8478738272789386	1.0000000000000004
0.8496617004878022	1.0
0.851449573696666	1.0000000000000002
0.8532374469055297	1.0000000000000009
0.8550253201143935	1.0000000000000013
0.8568131933232572	1.0000000000000002
0.858601066532121	0.9999999999999997
0.8603889397409846	1.0
0.8621768129498484	1.0000000000000004
0.8639646861587121	0.9999999999999998
0.8657525593675759	0.9999999999999992
0.8675404325764396	0.9999999999999998
0.8693283057853034	1.0000000000000004
0.871116178994167	1.0000000000000004
0.8729040522030308	1.0000000000000002
0.8746919254118946	1.0
0.8764797986207583	1.0
0.8782676718296221	0.9999999999999999
0.8800555450384857	0.9999999999999997
0.8818434182473495	0.9999999999999994
0.8836312914562132	0.9999999999999993
0.885419164665077	0.9999999999999992
0.8872070378739407	0.9999999999999999
0.8889949110828045	1.0000000000000004
0.8907827842916681	0.9999999999999994
0.8925706575005319	0.9999999999999983
0.8943585307093956	0.9999999999999988
0.8961464039182594	0.9999999999999997
0.8979342771271231	1.0
0.8997221503359869	1.0000000000000002
0.9015100235448505	0.9999999999999999
0.9032978967537143	0.9999999999999993
0.9050857699625781	0.999999999999999
0.9068736431714418	0.9999999999999994
0.9086615163803056	0.9999999999999999
0.9104493895891693	0.9999999999999999
0.912237262798033	0.9999999999999999
0.9140251360068967	0.9999999999999999
0.9158130092157605	1.0
0.9176008824246242	0.9999999999999999
0.919388755633488	0.9999999999999997
0.9211766288423516	0.9999999999999996
0.9229645020512154	0.9999999999999993
0.9247523752600791	0.9999999999999992
0.9265402484689429	0.9999999999999992
0.9283281216778067	0.9999999999999991
0.9301159948866704	0.999999999999999
0.931903868095534	0.9999999999999989
0.9336917413043978	0.9999999999999991
0.9354796145132616	0.9999999999999992
0.9372674877221253	0.9999999999999997
0.9390553609309891	1.0000000000000002
0.9408432341398528	1.0000000000000004
0.9426311073487165	1.0000000000000007
0.9444189805575802	1.000000000000001
0.946206853766444	1.0000000000000016
0.9479947269753077	1.0000000000000016
0.9497826001841715	1.0000000000000009
0.9515704733930352	1.0000000000000007
0.9533583466018989	1.0000000000000004
0.9551462198107626	1.0000000000000004
0.9569340930196264	1.0000000000000004
0.9587219662284902	1.0000000000000004
0.9605098394373539	0.9999999999999996
0.9622977126462176	0.9999999999999988
0.9640855858550813	0.9999999999999988
0.9658734590639451	0.9999999999999988
0.9676613322728088	0.9999999999999988
0.9694492054816726	0.9999999999999989
0.9712370786905363	0.9999999999999993
0.9730249518994	1.0
0.9748128251082637	1.0000000000000004
0.9766006983171275	1.0000000000000007
0.9783885715259912	1.0000000000000009
0.980176444734855	1.000000000000001
0.9819643179437187	1.000000000000001
0.9837521911525824	1.0000000000000004
0.9855400643614461	0.9999999999999998
0.9873279375703099	1.0000000000000004
0.9891158107791737	1.000000000000001
0.9909036839880374	1.0000000000000004
0.9926915571969012	0.9999999999999999
0.9944794304057648	0.9999999999999999
0.9962673036146286	1.0000000000000002
0.9980551768234923	1.0000000000000004
0.9998430500323561	1.0000000000000009
1.0016309232412197	1.000000000000001
1.0034187964500836	1.0000000000000009
1.0052066696589472	1.0000000000000009
1.006994542867811	1.0000000000000007
1.0087824160766747	1.0000000000000004
1.0105702892855384	1.0000000000000007
1.0123581624944022	1.0000000000000009
1.014146035703266	1.0000000000000007
1.0159339089121298	1.0000000000000004
1.0177217821209934	1.0000000000000004
1.019509655329857	1.0000000000000002
1.021297528538721	1.0000000000000002
1.0230854017475846	1.0000000000000002
1.0248732749564484	1.0000000000000002
1.026661148165312	1.0000000000000002
1.028449021374176	1.0
1.0302368945830396	0.9999999999999992
1.0320247677919032	0.9999999999999988
1.033812641000767	0.9999999999999999
1.0356005142096307	1.0000000000000009
1.0373883874184946	0.9999999999999999
1.0391762606273582	0.9999999999999989
1.0409641338362219	0.9999999999999992
1.0427520070450857	0.9999999999999999
1.0445398802539494	1.0
1.0463277534628133	1.0
1.048115626671677	1.0
1.0499034998805405	1.0
1.0516913730894044	1.0000000000000002
1.053479246298268	1.0000000000000007
1.055267119507132	1.000000000000001
1.0570549927159956	1.000000000000001
1.0588428659248594	1.000000000000001
1.060630739133723	1.0000000000000004
1.0624186123425867	1.0
1.0642064855514506	1.0
1.0659943587603142	1.0
1.067782231969178	0.9999999999999997
1.0695701051780417	0.9999999999999992
1.0713579783869054	0.9999999999999993
1.0731458515957693	0.9999999999999998
1.074933724804633	0.9999999999999999
1.0767215980134968	0.9999999999999996
1.0785094712223604	0.9999999999999994
1.0802973444312243	0.9999999999999999
1.082085217640088	1.0000000000000002
1.0838730908489516	1.0000000000000004
1.0856609640578154	1.0000000000000004
1.087448837266679	1.0000000000000007
1.089236710475543	1.0000000000000009
1.0910245836844066	1.0000000000000007
1.0928124568932702	1.0000000000000002
1.094600330102134	1.0000000000000004
1.0963882033109977	1.0000000000000009
1.0981760765198616	1.0000000000000009
1.0999639497287252	1.0000000000000004
1.1017518229375889	1.0000000000000002
1.1035396961464528	0.9999999999999999
1.1053275693553164	0.9999999999999998
1.1071154425641803	1.0
1.108903315773044	1.0000000000000002
1.1106911889819078	1.0
1.1124790621907714	1.0
1.114266935399635	0.9999999999999999
1.116054808608499	0.9999999999999997
1.1178426818173626	1.0
1.1196305550262264	1.0000000000000007
1.12141842823509	1.0000000000000009
1.1232063014439537	1.0000000000000009
1.1249941746528176	1.0000000000000004
1.1267820478616812	0.9999999999999998
1.128569921070545	0.9999999999999994
1.1303577942794087	0.9999999999999998
1.1321456674882724	1.0
1.1339335406971363	1.0000000000000002
1.135721413906	1.0000000000000002
