Number of steps: 2464115
Number of accepted steps: 960000
Burn-in number of steps: 320000
Accepted fraction of steps: 0.389592
Convergence Status
R[0]= 1.002918	R[1]= 1.020724	R[2]= 1.039333	R[3]= 1.052250	R[4]= 1.015281	R[5]= 1.019448	R[6]= 1.023405	R[7]= 1.008020	R[8]= 1.014232	R[9]= 1.002723	R[10]= 1.002713	R[11]= 1.001922	R[12]= 1.014723	R[13]= 1.014189	R[14]= 1.024441	R[15]= 1.007094	R[16]= 1.009606	R[17]= 1.012227	R[18]= 1.000095	R[19]= 1.000512	R[20]= 1.000347	R[21]= 1.001551	R[22]= 1.004381	R[23]= 1.002124	R[24]= 1.002797	
<R>= 1.011882

Mean parameters
A[0]= 9.263881e-01 pm 3.461158e-02
A[1]= 1.047541e+00 pm 2.955340e-02
A[2]= 6.513981e-01 pm 4.139405e-01
A[3]= 3.502699e+00 pm 1.132396e+00
A[4]= -3.940420e+03 pm 3.686577e+03
A[5]= 1.966680e+03 pm 2.411498e+03
A[6]= -1.731131e+01 pm 5.648201e+02
A[7]= 1.645417e+01 pm 1.302576e+01
A[8]= -2.598132e-01 pm 1.795231e-01
A[9]= -4.493985e+03 pm 8.334034e+03
A[10]= 2.052006e+03 pm 5.040262e+03
A[11]= -5.167678e+02 pm 1.063006e+03
A[12]= 2.188256e+01 pm 4.793997e+01
A[13]= -5.843968e-01 pm 9.173549e-01
A[14]= 5.047448e+00 pm 1.685785e+00
A[15]= -6.684121e+03 pm 5.261019e+03
A[16]= 4.890967e+03 pm 3.472600e+03
A[17]= -8.625549e+02 pm 8.153368e+02
A[18]= 1.700521e+00 pm 1.934510e+01
A[19]= 1.533184e-01 pm 2.653271e-01
A[20]= 6.134692e+03 pm 1.167430e+04
A[21]= -3.433739e+03 pm 7.051850e+03
A[22]= 2.339846e+02 pm 1.482911e+03
A[23]= -5.083028e+01 pm 6.928067e+01
A[24]= 7.424920e-01 pm 1.357943e+00

Best-fitting parameters
A[0]= 9.163366e-01
A[1]= 1.056697e+00
A[2]= 4.145049e-01
A[3]= 4.051873e+00
A[4]= -5.421470e+03
A[5]= 2.931237e+03
A[6]= -2.432567e+02
A[7]= 2.725612e+01
A[8]= -4.106443e-01
A[9]= -4.134102e+02
A[10]= -6.971561e+02
A[11]= 1.292837e+02
A[12]= 5.213193e+00
A[13]= -3.778345e-01
A[14]= 5.260705e+00
A[15]= -7.119634e+03
A[16]= 4.874389e+03
A[17]= -8.045395e+02
A[18]= 1.011064e+01
A[19]= 2.628863e-03
A[20]= 1.160854e+04
A[21]= -7.050005e+03
A[22]= 1.058414e+03
A[23]= -5.554993e+01
A[24]= 5.727606e-01
chi2_min= 8.813596e+01


Cross-Covariance parameters
1.000000e+00	-4.829280e-01	-1.291097e-01	5.792740e-02	3.583107e-02	-3.696340e-02	2.926965e-02	5.977531e-02	-5.335808e-02	-1.057398e-02	2.642987e-02	-6.263414e-02	1.277284e-01	-9.777824e-02	3.158576e-02	4.048988e-02	-4.953414e-02	5.041157e-02	7.513696e-02	-7.863718e-02	1.029839e-02	7.223308e-03	-4.897849e-02	1.305866e-01	-1.071689e-01	
-4.829280e-01	1.000000e+00	1.562927e-01	-1.690240e-01	-4.414037e-02	4.492772e-02	-5.500188e-02	1.782767e-01	-1.700412e-01	-1.826835e-02	9.575534e-03	1.299966e-02	-5.945960e-02	8.868957e-03	-2.678977e-01	8.466559e-02	-9.195757e-02	8.826858e-02	1.369469e-01	-1.700324e-01	1.824807e-03	-1.469891e-02	4.288610e-02	-3.709102e-02	-9.714468e-03	
-1.291097e-01	1.562927e-01	1.000000e+00	-6.960349e-01	-3.177443e-02	3.098360e-02	-2.315847e-02	-3.590073e-02	3.672977e-02	-4.385117e-01	5.382976e-01	-6.577357e-01	-6.085406e-02	2.045701e-01	-6.815381e-01	1.525141e-02	-1.397993e-02	1.905761e-02	-8.484856e-02	7.739696e-02	-3.820432e-01	4.899149e-01	-6.187529e-01	-1.241386e-01	2.646921e-01	
5.792740e-02	-1.690240e-01	-6.960349e-01	1.000000e+00	-5.098104e-01	5.711766e-01	-6.166399e-01	1.380711e-01	1.399063e-01	2.316910e-01	-2.809037e-01	3.460655e-01	-1.448977e-02	-3.924608e-02	4.840816e-01	1.491409e-02	-1.389337e-02	6.935477e-03	2.386020e-02	-3.125219e-02	2.923220e-01	-3.650660e-01	4.505043e-01	7.635729e-02	-1.828426e-01	
3.583107e-02	-4.414037e-02	-3.177443e-02	-5.098104e-01	1.000000e+00	-9.837527e-01	9.382671e-01	-6.481066e-01	2.541887e-01	7.842551e-02	-1.154142e-01	1.531776e-01	9.285016e-02	-8.892762e-02	4.085665e-02	-1.167040e-02	1.124522e-02	-8.866916e-03	-9.719656e-03	1.591991e-02	-6.256142e-03	-2.330229e-03	1.286869e-02	3.204084e-03	1.158132e-03	
-3.696340e-02	4.492772e-02	3.098360e-02	5.711766e-01	-9.837527e-01	1.000000e+00	-9.846194e-01	5.909851e-01	-1.806640e-01	-8.535962e-02	1.269276e-01	-1.698485e-01	-1.029696e-01	1.110990e-01	-4.243407e-02	1.523996e-02	-1.411449e-02	1.069627e-02	7.926536e-03	-1.516540e-02	2.688502e-03	5.294472e-03	-1.517865e-02	-6.364450e-04	-4.370778e-03	
2.926965e-02	-5.500188e-02	-2.315847e-02	-6.166399e-01	9.382671e-01	-9.846194e-01	1.000000e+00	-5.231113e-01	1.130281e-01	9.229419e-02	-1.362896e-01	1.817652e-01	1.008898e-01	-1.173232e-01	4.244127e-02	-1.998004e-02	1.849818e-02	-1.408150e-02	-9.936638e-03	1.786627e-02	-2.459059e-03	-4.098422e-03	1.244321e-02	-3.477846e-03	1.027968e-02	
5.977531e-02	1.782767e-01	-3.590073e-02	1.380711e-01	-6.481066e-01	5.909851e-01	-5.231113e-01	1.000000e+00	-8.817773e-01	1.085110e-01	-8.726758e-02	5.557032e-02	-5.779027e-02	-9.993200e-02	-2.716027e-02	2.448259e-02	-2.667799e-02	2.507448e-02	7.911733e-02	-8.381187e-02	2.109883e-02	-2.626098e-02	3.209083e-02	3.714724e-02	-5.299646e-02	
-5.335808e-02	-1.700412e-01	3.672977e-02	1.399063e-01	2.541887e-01	-1.806640e-01	1.130281e-01	-8.817773e-01	1.000000e+00	-1.793302e-01	1.726186e-01	-1.522829e-01	3.556567e-02	1.727011e-01	1.433688e-02	-1.547136e-02	1.722397e-02	-1.705391e-02	-7.699253e-02	7.620631e-02	-1.026760e-02	1.925482e-02	-3.033350e-02	-3.780635e-02	4.971837e-02	
-1.057398e-02	-1.826835e-02	-4.385117e-01	2.316910e-01	7.842551e-02	-8.535962e-02	9.229419e-02	1.085110e-01	-1.793302e-01	1.000000e+00	-9.849787e-01	9.249284e-01	-7.614469e-01	5.753503e-01	3.003552e-01	6.756814e-03	-5.498982e-03	9.464292e-04	4.820085e-02	-5.670003e-02	1.700965e-01	-2.232285e-01	2.867179e-01	6.315551e-02	-1.347159e-01	
2.642987e-02	9.575534e-03	5.382976e-01	-2.809037e-01	-1.154142e-01	1.269276e-01	-1.362896e-01	-8.726758e-02	1.726186e-01	-9.849787e-01	1.000000e+00	-9.757979e-01	7.205085e-01	-5.287496e-01	-3.720612e-01	-3.474044e-03	2.109455e-03	3.025356e-03	-5.606555e-02	6.346253e-02	-2.155030e-01	2.803952e-01	-3.588354e-01	-6.740028e-02	1.560452e-01	
-6.263414e-02	1.299966e-02	-6.577357e-01	3.460655e-01	1.531776e-01	-1.698485e-01	1.817652e-01	5.557032e-02	-1.522829e-01	9.249284e-01	-9.757979e-01	1.000000e+00	-6.229512e-01	4.312828e-01	4.562742e-01	-2.527036e-04	1.160255e-03	-6.430992e-03	6.368813e-02	-6.973273e-02	2.715791e-01	-3.511464e-01	4.484964e-01	6.944796e-02	-1.789251e-01	
1.277284e-01	-5.945960e-02	-6.085406e-02	-1.448977e-02	9.285016e-02	-1.029696e-01	1.008898e-01	-5.779027e-02	3.556567e-02	-7.614469e-01	7.205085e-01	-6.229512e-01	1.000000e+00	-9.481105e-01	2.565963e-02	2.079408e-02	-2.432003e-02	2.703434e-02	-9.575257e-03	1.046852e-02	2.454077e-02	-2.853560e-02	3.189010e-02	1.605108e-02	-1.476227e-02	
-9.777824e-02	8.868957e-03	2.045701e-01	-3.924608e-02	-8.892762e-02	1.110990e-01	-1.173232e-01	-9.993200e-02	1.727011e-01	5.753503e-01	-5.287496e-01	4.312828e-01	-9.481105e-01	1.000000e+00	-1.137301e-01	-3.318890e-02	3.563715e-02	-3.617138e-02	-1.329948e-02	1.626535e-02	-8.531172e-02	1.091635e-01	-1.373444e-01	-3.380102e-02	5.916743e-02	
3.158576e-02	-2.678977e-01	-6.815381e-01	4.840816e-01	4.085665e-02	-4.243407e-02	4.244127e-02	-2.716027e-02	1.433688e-02	3.003552e-01	-3.720612e-01	4.562742e-01	2.565963e-02	-1.137301e-01	1.000000e+00	-5.240328e-01	5.907534e-01	-6.418669e-01	5.766244e-02	2.030282e-01	1.740136e-01	-2.257838e-01	2.942174e-01	2.066407e-03	-5.062698e-02	
4.048988e-02	8.466559e-02	1.525141e-02	1.491409e-02	-1.167040e-02	1.523996e-02	-1.998004e-02	2.448259e-02	-1.547136e-02	6.756814e-03	-3.474044e-03	-2.527036e-04	2.079408e-02	-3.318890e-02	-5.240328e-01	1.000000e+00	-9.835171e-01	9.377952e-01	-5.733581e-01	1.935276e-01	1.659118e-01	-1.914740e-01	2.134168e-01	5.316405e-02	-8.840983e-02	
-4.953414e-02	-9.195757e-02	-1.397993e-02	-1.389337e-02	1.124522e-02	-1.411449e-02	1.849818e-02	-2.667799e-02	1.722397e-02	-5.498982e-03	2.109455e-03	1.160255e-03	-2.432003e-02	3.563715e-02	5.907534e-01	-9.835171e-01	1.000000e+00	-9.846373e-01	4.977181e-01	-1.024166e-01	-1.695489e-01	2.000093e-01	-2.271375e-01	-7.269254e-02	1.163886e-01	
5.041157e-02	8.826858e-02	1.905761e-02	6.935477e-03	-8.866916e-03	1.069627e-02	-1.408150e-02	2.507448e-02	-1.705391e-02	9.464292e-04	3.025356e-03	-6.430992e-03	2.703434e-02	-3.617138e-02	-6.418669e-01	9.377952e-01	-9.846373e-01	1.000000e+00	-4.119451e-01	1.576311e-02	1.652210e-01	-1.988227e-01	2.295858e-01	8.618965e-02	-1.343098e-01	
7.513696e-02	1.369469e-01	-8.484856e-02	2.386020e-02	-9.719656e-03	7.926536e-03	-9.936638e-03	7.911733e-02	-7.699253e-02	4.820085e-02	-5.606555e-02	6.368813e-02	-9.575257e-03	-1.329948e-02	5.766244e-02	-5.733581e-01	4.977181e-01	-4.119451e-01	1.000000e+00	-9.003655e-01	8.548727e-03	-9.031070e-03	8.790969e-03	7.679874e-02	-1.608500e-01	
-7.863718e-02	-1.700324e-01	7.739696e-02	-3.125219e-02	1.591991e-02	-1.516540e-02	1.786627e-02	-8.381187e-02	7.620631e-02	-5.670003e-02	6.346253e-02	-6.973273e-02	1.046852e-02	1.626535e-02	2.030282e-01	1.935276e-01	-1.024166e-01	1.576311e-02	-9.003655e-01	1.000000e+00	-8.660983e-02	9.932644e-02	-1.089086e-01	-1.191570e-01	2.423039e-01	
1.029839e-02	1.824807e-03	-3.820432e-01	2.923220e-01	-6.256142e-03	2.688502e-03	-2.459059e-03	2.109883e-02	-1.026760e-02	1.700965e-01	-2.155030e-01	2.715791e-01	2.454077e-02	-8.531172e-02	1.740136e-01	1.659118e-01	-1.695489e-01	1.652210e-01	8.548727e-03	-8.660983e-02	1.000000e+00	-9.852887e-01	9.249602e-01	-7.349586e-01	5.628045e-01	
7.223308e-03	-1.469891e-02	4.899149e-01	-3.650660e-01	-2.330229e-03	5.294472e-03	-4.098422e-03	-2.626098e-02	1.925482e-02	-2.232285e-01	2.803952e-01	-3.511464e-01	-2.853560e-02	1.091635e-01	-2.257838e-01	-1.914740e-01	2.000093e-01	-1.988227e-01	-9.031070e-03	9.932644e-02	-9.852887e-01	1.000000e+00	-9.755168e-01	6.850306e-01	-5.029562e-01	
-4.897849e-02	4.288610e-02	-6.187529e-01	4.505043e-01	1.286869e-02	-1.517865e-02	1.244321e-02	3.209083e-02	-3.033350e-02	2.867179e-01	-3.588354e-01	4.484964e-01	3.189010e-02	-1.373444e-01	2.942174e-01	2.134168e-01	-2.271375e-01	2.295858e-01	8.790969e-03	-1.089086e-01	9.249602e-01	-9.755168e-01	1.000000e+00	-5.794917e-01	3.916586e-01	
1.305866e-01	-3.709102e-02	-1.241386e-01	7.635729e-02	3.204084e-03	-6.364450e-04	-3.477846e-03	3.714724e-02	-3.780635e-02	6.315551e-02	-6.740028e-02	6.944796e-02	1.605108e-02	-3.380102e-02	2.066407e-03	5.316405e-02	-7.269254e-02	8.618965e-02	7.679874e-02	-1.191570e-01	-7.349586e-01	6.850306e-01	-5.794917e-01	1.000000e+00	-9.625461e-01	
-1.071689e-01	-9.714468e-03	2.646921e-01	-1.828426e-01	1.158132e-03	-4.370778e-03	1.027968e-02	-5.299646e-02	4.971837e-02	-1.347159e-01	1.560452e-01	-1.789251e-01	-1.476227e-02	5.916743e-02	-5.062698e-02	-8.840983e-02	1.163886e-01	-1.343098e-01	-1.608500e-01	2.423039e-01	5.628045e-01	-5.029562e-01	3.916586e-01	-9.625461e-01	1.000000e+00	

Time taken for mcmc chain: 29.683333 minutes
