Number of steps: 15028631
Number of accepted steps: 960000
Burn-in number of steps: 320000
Accepted fraction of steps: 0.063878
Convergence Status
R[0]= 1.001222	R[1]= 1.000949	R[2]= 1.008969	R[3]= 1.004634	R[4]= 1.000655	R[5]= 1.000706	R[6]= 1.000761	R[7]= 1.000283	R[8]= 1.000056	R[9]= 1.001568	R[10]= 1.001778	R[11]= 1.002184	R[12]= 1.002552	R[13]= 1.002961	R[14]= 1.002075	R[15]= 1.000864	R[16]= 1.000984	R[17]= 1.001116	R[18]= 1.000202	R[19]= 1.000589	R[20]= 1.001002	R[21]= 1.001649	R[22]= 1.002554	R[23]= 1.000289	R[24]= 1.000679	
<R>= 1.001651

Mean parameters
A[0]= 9.254137e-01 pm 3.501634e-02
A[1]= 1.048565e+00 pm 3.039357e-02
A[2]= 6.514620e-01 pm 4.439739e-01
A[3]= 3.531081e+00 pm 1.219520e+00
A[4]= -3.911417e+03 pm 3.877488e+03
A[5]= 1.960990e+03 pm 2.555425e+03
A[6]= -1.946031e+01 pm 6.002297e+02
A[7]= 1.649514e+01 pm 1.322644e+01
A[8]= -2.627369e-01 pm 1.812136e-01
A[9]= -3.995956e+03 pm 8.443541e+03
A[10]= 1.733314e+03 pm 5.059582e+03
A[11]= -4.486247e+02 pm 1.062183e+03
A[12]= 1.863349e+01 pm 4.851708e+01
A[13]= -5.360378e-01 pm 9.426722e-01
A[14]= 5.034730e+00 pm 1.654876e+00
A[15]= -6.737034e+03 pm 5.298595e+03
A[16]= 4.915338e+03 pm 3.494534e+03
A[17]= -8.669604e+02 pm 8.226875e+02
A[18]= 2.119775e+00 pm 1.922590e+01
A[19]= 1.466956e-01 pm 2.618471e-01
A[20]= 5.883252e+03 pm 1.168534e+04
A[21]= -3.292641e+03 pm 7.078348e+03
A[22]= 2.118098e+02 pm 1.503564e+03
A[23]= -4.942992e+01 pm 6.784385e+01
A[24]= 7.091221e-01 pm 1.331658e+00

Best-fitting parameters
A[0]= 9.324774e-01
A[1]= 1.014181e+00
A[2]= 8.146857e-01
A[3]= 3.026698e+00
A[4]= -3.478290e+03
A[5]= 1.671334e+03
A[6]= 6.327724e+01
A[7]= 1.617937e+01
A[8]= -2.863728e-01
A[9]= -2.033612e+03
A[10]= 1.243949e+03
A[11]= -5.608131e+02
A[12]= -9.363756e-01
A[13]= -1.409947e-01
A[14]= 4.779186e+00
A[15]= -8.316295e+03
A[16]= 5.970688e+03
A[17]= -1.098414e+03
A[18]= 5.331875e+00
A[19]= 8.461009e-02
A[20]= 3.059449e+03
A[21]= -9.126393e+02
A[22]= -5.142543e+02
A[23]= -5.337409e+01
A[24]= 7.383075e-01
chi2_min= 8.897261e+01


Cross-Covariance parameters
1.000000e+00	-5.243806e-01	-1.579057e-01	9.602491e-02	2.236599e-02	-2.213644e-02	1.384541e-02	6.227584e-02	-4.810695e-02	-1.511638e-02	2.463882e-02	-5.289396e-02	1.491782e-01	-1.208490e-01	5.714823e-02	7.845370e-02	-8.007354e-02	7.330484e-02	5.535906e-02	-6.528926e-02	1.996116e-02	-8.611995e-03	-2.468812e-02	1.391114e-01	-1.169791e-01	
-5.243806e-01	1.000000e+00	2.027777e-01	-1.864927e-01	-1.679483e-02	2.430647e-02	-3.830877e-02	1.128411e-01	-1.102237e-01	6.823848e-03	-1.056992e-02	2.268807e-02	-1.204716e-01	7.476283e-02	-2.357368e-01	-2.460829e-03	5.608973e-03	-1.553120e-02	1.300190e-01	-1.296129e-01	-3.543330e-02	3.056359e-02	-1.158845e-02	-7.781367e-02	4.899601e-02	
-1.579057e-01	2.027777e-01	1.000000e+00	-7.009830e-01	9.830357e-03	-5.816092e-03	1.038362e-02	-6.394947e-02	4.649483e-02	-3.892379e-01	5.024892e-01	-6.361432e-01	-1.332681e-01	2.760144e-01	-6.683288e-01	-8.955186e-02	9.637958e-02	-9.401415e-02	-3.720316e-02	6.519392e-02	-3.996951e-01	5.137175e-01	-6.469978e-01	-1.814771e-01	3.277954e-01	
9.602491e-02	-1.864927e-01	-7.009830e-01	1.000000e+00	-5.462729e-01	5.973915e-01	-6.364133e-01	1.856517e-01	1.108284e-01	2.054066e-01	-2.644638e-01	3.400993e-01	2.794491e-02	-8.505497e-02	4.926414e-01	6.332178e-02	-6.955868e-02	7.004759e-02	1.481959e-02	-3.526051e-02	2.905360e-01	-3.737357e-01	4.710232e-01	1.235709e-01	-2.258865e-01	
2.236599e-02	-1.679483e-02	9.830357e-03	-5.462729e-01	1.000000e+00	-9.853329e-01	9.447645e-01	-6.526437e-01	2.468021e-01	6.069869e-02	-9.730494e-02	1.359354e-01	1.114604e-01	-1.035520e-01	-3.014998e-03	1.108743e-03	1.406257e-04	-1.482671e-03	-5.292282e-03	2.798285e-03	-1.097941e-02	1.318632e-02	-1.625622e-02	8.778286e-03	-9.136187e-03	
-2.213644e-02	2.430647e-02	-5.816092e-03	5.973915e-01	-9.853329e-01	1.000000e+00	-9.863627e-01	5.983886e-01	-1.761632e-01	-7.095212e-02	1.113637e-01	-1.542219e-01	-1.237027e-01	1.287465e-01	-1.235436e-03	-5.276985e-04	-6.850894e-04	1.855132e-03	6.526580e-03	-4.503979e-03	8.152421e-03	-1.011090e-02	1.308553e-02	-7.941120e-03	9.032148e-03	
1.384541e-02	-3.830877e-02	1.038362e-02	-6.364133e-01	9.447645e-01	-9.863627e-01	1.000000e+00	-5.340910e-01	1.110624e-01	8.122386e-02	-1.228634e-01	1.668366e-01	1.226750e-01	-1.369472e-01	1.999262e-03	-2.127192e-03	3.351532e-03	-4.039051e-03	-1.096488e-02	9.868988e-03	-9.206837e-03	1.184746e-02	-1.569826e-02	4.619501e-03	-4.710799e-03	
6.227584e-02	1.128411e-01	-6.394947e-02	1.856517e-01	-6.526437e-01	5.983886e-01	-5.340910e-01	1.000000e+00	-8.758163e-01	1.085188e-01	-9.400092e-02	6.761809e-02	-6.024064e-02	-9.867776e-02	1.116463e-02	2.045601e-02	-2.149573e-02	1.893573e-02	4.205330e-02	-4.375965e-02	3.201878e-02	-4.098937e-02	5.085301e-02	1.561754e-02	-2.734331e-02	
-4.810695e-02	-1.102237e-01	4.649483e-02	1.108284e-01	2.468021e-01	-1.761632e-01	1.110624e-01	-8.758163e-01	1.000000e+00	-1.624049e-01	1.635371e-01	-1.505853e-01	1.601315e-02	1.921373e-01	-3.983682e-03	-1.760252e-02	1.802202e-02	-1.510120e-02	-3.313347e-02	3.470373e-02	-2.354650e-02	3.044075e-02	-3.801001e-02	-1.214018e-02	2.225776e-02	
-1.511638e-02	6.823848e-03	-3.892379e-01	2.054066e-01	6.069869e-02	-7.095212e-02	8.122386e-02	1.085188e-01	-1.624049e-01	1.000000e+00	-9.835616e-01	9.168287e-01	-7.415867e-01	5.490182e-01	2.715879e-01	2.349506e-02	-2.598243e-02	2.517890e-02	2.535624e-02	-3.222919e-02	1.672142e-01	-2.157100e-01	2.742915e-01	6.004100e-02	-1.255582e-01	
2.463882e-02	-1.056992e-02	5.024892e-01	-2.644638e-01	-9.730494e-02	1.113637e-01	-1.228634e-01	-9.400092e-02	1.635371e-01	-9.835616e-01	1.000000e+00	-9.730641e-01	6.871056e-01	-4.862452e-01	-3.480904e-01	-3.556550e-02	3.902817e-02	-3.798102e-02	-3.033380e-02	4.182532e-02	-2.169128e-01	2.803258e-01	-3.566880e-01	-7.718609e-02	1.624118e-01	
-5.289396e-02	2.268807e-02	-6.361432e-01	3.400993e-01	1.359354e-01	-1.542219e-01	1.668366e-01	6.761809e-02	-1.505853e-01	9.168287e-01	-9.730641e-01	1.000000e+00	-5.718080e-01	3.696513e-01	4.384634e-01	4.943476e-02	-5.409786e-02	5.291866e-02	3.476645e-02	-5.192503e-02	2.758736e-01	-3.574038e-01	4.557249e-01	9.583610e-02	-2.049370e-01	
1.491782e-01	-1.204716e-01	-1.332681e-01	2.794491e-02	1.114604e-01	-1.237027e-01	1.226750e-01	-6.024064e-02	1.601315e-02	-7.415867e-01	6.871056e-01	-5.718080e-01	1.000000e+00	-9.471951e-01	8.516409e-02	2.336434e-02	-2.308100e-02	2.084770e-02	1.846255e-03	-7.316195e-03	3.867267e-02	-4.875076e-02	5.805147e-02	4.617454e-02	-5.694223e-02	
-1.208490e-01	7.476283e-02	2.760144e-01	-8.505497e-02	-1.035520e-01	1.287465e-01	-1.369472e-01	-9.867776e-02	1.921373e-01	5.490182e-01	-4.862452e-01	3.696513e-01	-9.471951e-01	1.000000e+00	-1.788035e-01	-3.432843e-02	3.474702e-02	-3.144923e-02	-1.744721e-02	2.635984e-02	-9.972645e-02	1.289174e-01	-1.619204e-01	-6.851444e-02	1.054573e-01	
5.714823e-02	-2.357368e-01	-6.683288e-01	4.926414e-01	-3.014998e-03	-1.235436e-03	1.999262e-03	1.116463e-02	-3.983682e-03	2.715879e-01	-3.480904e-01	4.384634e-01	8.516409e-02	-1.788035e-01	1.000000e+00	-4.753571e-01	5.344191e-01	-5.803511e-01	6.767362e-02	1.785670e-01	1.833798e-01	-2.383965e-01	3.108016e-01	5.410423e-02	-1.109282e-01	
7.845370e-02	-2.460829e-03	-8.955186e-02	6.332178e-02	1.108743e-03	-5.276985e-04	-2.127192e-03	2.045601e-02	-1.760252e-02	2.349506e-02	-3.556550e-02	4.943476e-02	2.336434e-02	-3.432843e-02	-4.753571e-01	1.000000e+00	-9.837779e-01	9.381956e-01	-5.855087e-01	2.113822e-01	1.844367e-01	-2.230176e-01	2.567155e-01	5.587435e-02	-9.196074e-02	
-8.007354e-02	5.608973e-03	9.637958e-02	-6.955868e-02	1.406257e-04	-6.850894e-04	3.351532e-03	-2.149573e-02	1.802202e-02	-2.598243e-02	3.902817e-02	-5.409786e-02	-2.308100e-02	3.474702e-02	5.344191e-01	-9.837779e-01	1.000000e+00	-9.845933e-01	5.169530e-01	-1.267730e-01	-1.947095e-01	2.384938e-01	-2.775197e-01	-7.178481e-02	1.174256e-01	
7.330484e-02	-1.553120e-02	-9.401415e-02	7.004759e-02	-1.482671e-03	1.855132e-03	-4.039051e-03	1.893573e-02	-1.510120e-02	2.517890e-02	-3.798102e-02	5.291866e-02	2.084770e-02	-3.144923e-02	-5.803511e-01	9.381956e-01	-9.845933e-01	1.000000e+00	-4.368179e-01	4.530747e-02	1.968190e-01	-2.437581e-01	2.862581e-01	8.154039e-02	-1.330677e-01	
5.535906e-02	1.300190e-01	-3.720316e-02	1.481959e-02	-5.292282e-03	6.526580e-03	-1.096488e-02	4.205330e-02	-3.313347e-02	2.535624e-02	-3.033380e-02	3.476645e-02	1.846255e-03	-1.744721e-02	6.767362e-02	-5.855087e-01	5.169530e-01	-4.368179e-01	1.000000e+00	-9.002770e-01	-1.582697e-02	1.944243e-02	-2.307775e-02	7.551071e-02	-1.522617e-01	
-6.528926e-02	-1.296129e-01	6.519392e-02	-3.526051e-02	2.798285e-03	-4.503979e-03	9.868988e-03	-4.375965e-02	3.470373e-02	-3.222919e-02	4.182532e-02	-5.192503e-02	-7.316195e-03	2.635984e-02	1.785670e-01	2.113822e-01	-1.267730e-01	4.530747e-02	-9.002770e-01	1.000000e+00	-6.577996e-02	7.926623e-02	-8.971493e-02	-1.134126e-01	2.292453e-01	
1.996116e-02	-3.543330e-02	-3.996951e-01	2.905360e-01	-1.097941e-02	8.152421e-03	-9.206837e-03	3.201878e-02	-2.354650e-02	1.672142e-01	-2.169128e-01	2.758736e-01	3.867267e-02	-9.972645e-02	1.833798e-01	1.844367e-01	-1.947095e-01	1.968190e-01	-1.582697e-02	-6.577996e-02	1.000000e+00	-9.836287e-01	9.178291e-01	-7.063653e-01	5.312191e-01	
-8.611995e-03	3.056359e-02	5.137175e-01	-3.737357e-01	1.318632e-02	-1.011090e-02	1.184746e-02	-4.098937e-02	3.044075e-02	-2.157100e-01	2.803258e-01	-3.574038e-01	-4.875076e-02	1.289174e-01	-2.383965e-01	-2.230176e-01	2.384938e-01	-2.437581e-01	1.944243e-02	7.926623e-02	-9.836287e-01	1.000000e+00	-9.735343e-01	6.446507e-01	-4.588075e-01	
-2.468812e-02	-1.158845e-02	-6.469978e-01	4.710232e-01	-1.625622e-02	1.308553e-02	-1.569826e-02	5.085301e-02	-3.801001e-02	2.742915e-01	-3.566880e-01	4.557249e-01	5.805147e-02	-1.619204e-01	3.108016e-01	2.567155e-01	-2.775197e-01	2.862581e-01	-2.307775e-02	-8.971493e-02	9.178291e-01	-9.735343e-01	1.000000e+00	-5.235204e-01	3.323973e-01	
1.391114e-01	-7.781367e-02	-1.814771e-01	1.235709e-01	8.778286e-03	-7.941120e-03	4.619501e-03	1.561754e-02	-1.214018e-02	6.004100e-02	-7.718609e-02	9.583610e-02	4.617454e-02	-6.851444e-02	5.410423e-02	5.587435e-02	-7.178481e-02	8.154039e-02	7.551071e-02	-1.134126e-01	-7.063653e-01	6.446507e-01	-5.235204e-01	1.000000e+00	-9.626901e-01	
-1.169791e-01	4.899601e-02	3.277954e-01	-2.258865e-01	-9.136187e-03	9.032148e-03	-4.710799e-03	-2.734331e-02	2.225776e-02	-1.255582e-01	1.624118e-01	-2.049370e-01	-5.694223e-02	1.054573e-01	-1.109282e-01	-9.196074e-02	1.174256e-01	-1.330677e-01	-1.522617e-01	2.292453e-01	5.312191e-01	-4.588075e-01	3.323973e-01	-9.626901e-01	1.000000e+00	

Time taken for mcmc chain: 1.177500 hours
