Number of steps: 2377945
Number of accepted steps: 960000
Burn-in number of steps: 320000
Accepted fraction of steps: 0.403710
Convergence Status
R[0]= 1.010738	R[1]= 1.015232	R[2]= 1.050293	R[3]= 1.029619	R[4]= 1.013781	R[5]= 1.014701	R[6]= 1.015128	R[7]= 1.007237	R[8]= 1.002019	R[9]= 1.005384	R[10]= 1.008381	R[11]= 1.013203	R[12]= 1.016768	R[13]= 1.018228	R[14]= 1.024674	R[15]= 1.009744	R[16]= 1.010613	R[17]= 1.012875	R[18]= 1.005692	R[19]= 1.010995	R[20]= 1.041286	R[21]= 1.051716	R[22]= 1.063070	R[23]= 1.002997	R[24]= 1.004607	
<R>= 1.018359

Mean parameters
A[0]= 9.208505e-01 pm 3.392951e-02
A[1]= 1.051039e+00 pm 3.030243e-02
A[2]= 7.443272e-01 pm 5.601852e-01
A[3]= 3.412233e+00 pm 1.321864e+00
A[4]= -3.835497e+03 pm 3.691384e+03
A[5]= 1.891362e+03 pm 2.429663e+03
A[6]= 1.330425e+00 pm 5.730813e+02
A[7]= 1.604647e+01 pm 1.285981e+01
A[8]= -2.621129e-01 pm 1.778673e-01
A[9]= -4.249552e+03 pm 8.557627e+03
A[10]= 1.921167e+03 pm 5.134910e+03
A[11]= -4.948961e+02 pm 1.084621e+03
A[12]= 1.613464e+01 pm 4.963529e+01
A[13]= -4.739559e-01 pm 9.893802e-01
A[14]= 4.777176e+00 pm 1.677693e+00
A[15]= -6.716512e+03 pm 5.415532e+03
A[16]= 4.874073e+03 pm 3.585526e+03
A[17]= -8.491583e+02 pm 8.452899e+02
A[18]= 2.813434e+00 pm 1.923713e+01
A[19]= 1.283612e-01 pm 2.642233e-01
A[20]= 5.096011e+03 pm 1.204398e+04
A[21]= -2.758995e+03 pm 7.509647e+03
A[22]= 8.140035e+01 pm 1.650971e+03
A[23]= -5.279976e+01 pm 6.798123e+01
A[24]= 7.726082e-01 pm 1.350184e+00

Best-fitting parameters
A[0]= 9.226548e-01
A[1]= 1.067100e+00
A[2]= 6.536483e-01
A[3]= 3.070790e+00
A[4]= -2.003172e+03
A[5]= 7.802552e+02
A[6]= 2.330463e+02
A[7]= 1.179618e+01
A[8]= -2.272402e-01
A[9]= -7.195232e+03
A[10]= 3.770628e+03
A[11]= -8.672111e+02
A[12]= 5.045987e+01
A[13]= -1.198348e+00
A[14]= 4.428321e+00
A[15]= -7.173886e+03
A[16]= 4.904300e+03
A[17]= -8.068712e+02
A[18]= 1.251710e+01
A[19]= -3.259076e-02
A[20]= 2.710999e+03
A[21]= -1.393337e+03
A[22]= -1.120415e+02
A[23]= -2.937397e+01
A[24]= 4.887049e-01
chi2_min= 8.984226e+01


Cross-Covariance parameters
1.000000e+00	-5.417219e-01	-2.192262e-01	1.450680e-01	3.018459e-02	-2.147414e-02	3.406368e-03	5.206988e-02	-3.303365e-02	9.401025e-03	7.156390e-04	-2.692058e-02	1.820274e-01	-1.617083e-01	1.078247e-01	1.116690e-01	-1.101855e-01	1.003335e-01	3.792675e-02	-6.125491e-02	3.536218e-02	-3.953813e-02	2.758354e-02	1.668536e-01	-1.527663e-01	
-5.417219e-01	1.000000e+00	2.758396e-01	-1.981448e-01	-4.966910e-02	5.785326e-02	-6.789742e-02	8.621337e-02	-5.701242e-02	-6.244136e-02	5.806652e-02	-4.438960e-02	-1.404467e-01	1.283789e-01	-2.542428e-01	-6.723839e-02	7.595261e-02	-8.792101e-02	1.280401e-01	-9.465331e-02	-5.625518e-02	6.901769e-02	-7.218291e-02	-1.391372e-01	1.261316e-01	
-2.192262e-01	2.758396e-01	1.000000e+00	-7.776673e-01	8.581276e-02	-9.811152e-02	1.176560e-01	-1.414750e-01	8.744416e-02	-4.198961e-01	5.218433e-01	-6.432304e-01	-1.979143e-01	3.526696e-01	-6.916281e-01	-1.565508e-01	1.791945e-01	-1.861171e-01	-6.932655e-02	1.409224e-01	-4.871994e-01	6.017962e-01	-7.222810e-01	-1.879617e-01	3.533438e-01	
1.450680e-01	-1.981448e-01	-7.776673e-01	1.000000e+00	-5.190794e-01	5.791137e-01	-6.260716e-01	2.206459e-01	5.448303e-02	2.793674e-01	-3.466751e-01	4.335077e-01	1.012623e-01	-1.947682e-01	5.619356e-01	1.295442e-01	-1.464454e-01	1.516746e-01	4.894930e-02	-1.059102e-01	3.838353e-01	-4.810395e-01	5.848611e-01	1.396609e-01	-2.674073e-01	
3.018459e-02	-4.966910e-02	8.581276e-02	-5.190794e-01	1.000000e+00	-9.825204e-01	9.341027e-01	-6.574799e-01	2.666288e-01	3.183098e-03	-3.283200e-02	6.159329e-02	9.438620e-02	-6.041178e-02	-8.739407e-02	1.448915e-02	-1.193858e-02	9.473838e-03	-2.858948e-02	2.174439e-02	-1.279668e-02	3.278432e-02	-5.840122e-02	-4.356110e-02	5.599124e-02	
-2.147414e-02	5.785326e-02	-9.811152e-02	5.791137e-01	-9.825204e-01	1.000000e+00	-9.837191e-01	6.003866e-01	-1.907651e-01	-1.166229e-02	4.385808e-02	-7.510443e-02	-1.026433e-01	8.023043e-02	8.563512e-02	-3.604968e-03	5.981585e-04	1.544459e-03	3.485557e-02	-3.339600e-02	1.993813e-02	-4.228130e-02	7.027408e-02	4.379596e-02	-5.745665e-02	
3.406368e-03	-6.789742e-02	1.176560e-01	-6.260716e-01	9.341027e-01	-9.837191e-01	1.000000e+00	-5.316447e-01	1.210760e-01	2.246476e-02	-5.441901e-02	8.477001e-02	9.419039e-02	-8.053098e-02	-8.767136e-02	-8.431105e-03	1.167864e-02	-1.299537e-02	-4.333183e-02	4.740978e-02	-3.026564e-02	5.524030e-02	-8.574063e-02	-4.611505e-02	6.222996e-02	
5.206988e-02	8.621337e-02	-1.414750e-01	2.206459e-01	-6.574799e-01	6.003866e-01	-5.316447e-01	1.000000e+00	-8.810277e-01	1.444517e-01	-1.355846e-01	1.170688e-01	-1.958091e-02	-1.502318e-01	1.034673e-01	-1.204941e-02	6.260692e-03	-4.011985e-03	6.187130e-02	-5.620248e-02	2.966282e-02	-5.216040e-02	8.075653e-02	7.142477e-02	-9.338334e-02	
-3.303365e-02	-5.701242e-02	8.744416e-02	5.448303e-02	2.666288e-01	-1.907651e-01	1.210760e-01	-8.810277e-01	1.000000e+00	-1.650880e-01	1.686835e-01	-1.593568e-01	-2.399023e-02	2.277308e-01	-6.084279e-02	2.237171e-02	-1.648173e-02	1.305449e-02	-4.281386e-02	3.421126e-02	3.269093e-04	1.206900e-02	-3.000622e-02	-6.177623e-02	7.270488e-02	
9.401025e-03	-6.244136e-02	-4.198961e-01	2.793674e-01	3.183098e-03	-1.166229e-02	2.246476e-02	1.444517e-01	-1.650880e-01	1.000000e+00	-9.840839e-01	9.185923e-01	-6.935125e-01	4.901228e-01	2.885566e-01	7.799893e-02	-8.874291e-02	9.350428e-02	2.646504e-02	-6.236292e-02	2.300154e-01	-2.831911e-01	3.393222e-01	5.712517e-02	-1.342307e-01	
7.156390e-04	5.806652e-02	5.218433e-01	-3.466751e-01	-3.283200e-02	4.385808e-02	-5.441901e-02	-1.355846e-01	1.686835e-01	-9.840839e-01	1.000000e+00	-9.734360e-01	6.331949e-01	-4.214401e-01	-3.594130e-01	-9.251107e-02	1.061875e-01	-1.121603e-01	-3.467134e-02	7.745021e-02	-2.869440e-01	3.525354e-01	-4.221924e-01	-6.811107e-02	1.658378e-01	
-2.692058e-02	-4.438960e-02	-6.432304e-01	4.335077e-01	6.159329e-02	-7.510443e-02	8.477001e-02	1.170688e-01	-1.593568e-01	9.185923e-01	-9.734360e-01	1.000000e+00	-5.119722e-01	2.994150e-01	4.465632e-01	1.056648e-01	-1.226582e-01	1.299678e-01	4.580775e-02	-9.560962e-02	3.549173e-01	-4.353643e-01	5.215479e-01	7.951362e-02	-2.024751e-01	
1.820274e-01	-1.404467e-01	-1.979143e-01	1.012623e-01	9.438620e-02	-1.026433e-01	9.419039e-02	-1.958091e-02	-2.399023e-02	-6.935125e-01	6.331949e-01	-5.119722e-01	1.000000e+00	-9.488914e-01	1.611997e-01	1.908575e-02	-1.858637e-02	1.392856e-02	-3.491763e-03	2.106739e-04	7.371984e-02	-8.920575e-02	1.045381e-01	5.651236e-02	-7.832861e-02	
-1.617083e-01	1.283789e-01	3.526696e-01	-1.947682e-01	-6.041178e-02	8.023043e-02	-8.053098e-02	-1.502318e-01	2.277308e-01	4.901228e-01	-4.214401e-01	2.994150e-01	-9.488914e-01	1.000000e+00	-2.699220e-01	-4.060868e-02	4.380058e-02	-4.028460e-02	-4.139212e-03	1.690800e-02	-1.427897e-01	1.789232e-01	-2.182950e-01	-9.032064e-02	1.392767e-01	
1.078247e-01	-2.542428e-01	-6.916281e-01	5.619356e-01	-8.739407e-02	8.563512e-02	-8.767136e-02	1.034673e-01	-6.084279e-02	2.885566e-01	-3.594130e-01	4.465632e-01	1.611997e-01	-2.699220e-01	1.000000e+00	-4.034024e-01	4.445968e-01	-4.798969e-01	8.679552e-02	1.224931e-01	2.547917e-01	-3.183457e-01	3.921208e-01	5.317919e-02	-1.225672e-01	
1.116690e-01	-6.723839e-02	-1.565508e-01	1.295442e-01	1.448915e-02	-3.604968e-03	-8.431105e-03	-1.204941e-02	2.237171e-02	7.799893e-02	-9.251107e-02	1.056648e-01	1.908575e-02	-4.060868e-02	-4.034024e-01	1.000000e+00	-9.848784e-01	9.428503e-01	-5.671321e-01	1.772697e-01	2.205948e-01	-2.664036e-01	3.035934e-01	9.364751e-02	-1.527769e-01	
-1.101855e-01	7.595261e-02	1.791945e-01	-1.464454e-01	-1.193858e-02	5.981585e-04	1.167864e-02	6.260692e-03	-1.648173e-02	-8.874291e-02	1.061875e-01	-1.226582e-01	-1.858637e-02	4.380058e-02	4.445968e-01	-9.848784e-01	1.000000e+00	-9.858532e-01	4.979060e-01	-9.307760e-02	-2.358883e-01	2.872388e-01	-3.304713e-01	-1.189883e-01	1.903307e-01	
1.003335e-01	-8.792101e-02	-1.861171e-01	1.516746e-01	9.473838e-03	1.544459e-03	-1.299537e-02	-4.011985e-03	1.305449e-02	9.350428e-02	-1.121603e-01	1.299678e-01	1.392856e-02	-4.028460e-02	-4.798969e-01	9.428503e-01	-9.858532e-01	1.000000e+00	-4.199922e-01	1.423905e-02	2.400554e-01	-2.943427e-01	3.412391e-01	1.367675e-01	-2.154573e-01	
3.792675e-02	1.280401e-01	-6.932655e-02	4.894930e-02	-2.858948e-02	3.485557e-02	-4.333183e-02	6.187130e-02	-4.281386e-02	2.646504e-02	-3.467134e-02	4.580775e-02	-3.491763e-03	-4.139212e-03	8.679552e-02	-5.671321e-01	4.979060e-01	-4.199922e-01	1.000000e+00	-8.969025e-01	1.914613e-02	-1.461724e-02	1.100959e-02	6.847400e-02	-1.459531e-01	
-6.125491e-02	-9.465331e-02	1.409224e-01	-1.059102e-01	2.174439e-02	-3.339600e-02	4.740978e-02	-5.620248e-02	3.421126e-02	-6.236292e-02	7.745021e-02	-9.560962e-02	2.106739e-04	1.690800e-02	1.224931e-01	1.772697e-01	-9.307760e-02	1.423905e-02	-8.969025e-01	1.000000e+00	-1.208305e-01	1.372622e-01	-1.506384e-01	-1.334738e-01	2.590592e-01	
3.536218e-02	-5.625518e-02	-4.871994e-01	3.838353e-01	-1.279668e-02	1.993813e-02	-3.026564e-02	2.966282e-02	3.269093e-04	2.300154e-01	-2.869440e-01	3.549173e-01	7.371984e-02	-1.427897e-01	2.547917e-01	2.205948e-01	-2.358883e-01	2.400554e-01	1.914613e-02	-1.208305e-01	1.000000e+00	-9.833738e-01	9.214766e-01	-6.346492e-01	4.275015e-01	
-3.953813e-02	6.901769e-02	6.017962e-01	-4.810395e-01	3.278432e-02	-4.228130e-02	5.524030e-02	-5.216040e-02	1.206900e-02	-2.831911e-01	3.525354e-01	-4.353643e-01	-8.920575e-02	1.789232e-01	-3.183457e-01	-2.664036e-01	2.872388e-01	-2.943427e-01	-1.461724e-02	1.372622e-01	-9.833738e-01	1.000000e+00	-9.760253e-01	5.539357e-01	-3.368668e-01	
2.758354e-02	-7.218291e-02	-7.222810e-01	5.848611e-01	-5.840122e-02	7.027408e-02	-8.574063e-02	8.075653e-02	-3.000622e-02	3.393222e-01	-4.221924e-01	5.215479e-01	1.045381e-01	-2.182950e-01	3.921208e-01	3.035934e-01	-3.304713e-01	3.412391e-01	1.100959e-02	-1.506384e-01	9.214766e-01	-9.760253e-01	1.000000e+00	-4.221419e-01	2.026742e-01	
1.668536e-01	-1.391372e-01	-1.879617e-01	1.396609e-01	-4.356110e-02	4.379596e-02	-4.611505e-02	7.142477e-02	-6.177623e-02	5.712517e-02	-6.811107e-02	7.951362e-02	5.651236e-02	-9.032064e-02	5.317919e-02	9.364751e-02	-1.189883e-01	1.367675e-01	6.847400e-02	-1.334738e-01	-6.346492e-01	5.539357e-01	-4.221419e-01	1.000000e+00	-9.584536e-01	
-1.527663e-01	1.261316e-01	3.533438e-01	-2.674073e-01	5.599124e-02	-5.745665e-02	6.222996e-02	-9.338334e-02	7.270488e-02	-1.342307e-01	1.658378e-01	-2.024751e-01	-7.832861e-02	1.392767e-01	-1.225672e-01	-1.527769e-01	1.903307e-01	-2.154573e-01	-1.459531e-01	2.590592e-01	4.275015e-01	-3.368668e-01	2.026742e-01	-9.584536e-01	1.000000e+00	

Time taken for mcmc chain: 16.350000 minutes
