Number of steps: 4192171
Number of accepted steps: 1000000
Burn-in number of steps: 320000
Accepted fraction of steps: 0.238540
Convergence Status
R[0]= 1.000149	R[1]= 1.004013	R[2]= 1.047399	R[3]= 1.039666	R[4]= 1.000482	R[5]= 1.000579	R[6]= 1.000706	R[7]= 1.001013	R[8]= 1.001388	R[9]= 1.000351	R[10]= 1.000952	R[11]= 1.002208	R[12]= 1.004104	R[13]= 1.002502	R[14]= 1.033958	R[15]= 1.002426	R[16]= 1.002483	R[17]= 1.002519	R[18]= 1.001479	R[19]= 1.001501	R[20]= 1.000608	R[21]= 1.000912	R[22]= 1.001577	R[23]= 1.004491	R[24]= 1.003827	
<R>= 1.006452

Mean parameters
A[0]= 1.019687e+00 pm 4.060509e-02
A[1]= 1.149429e+00 pm 3.429026e-02
A[2]= 5.776558e-01 pm 4.414938e-01
A[3]= 2.887409e+00 pm 9.772913e-01
A[4]= 2.858920e+03 pm 2.740678e+03
A[5]= -3.377045e+03 pm 1.548519e+03
A[6]= 1.483846e+03 pm 2.925728e+02
A[7]= -9.456500e+00 pm 1.323460e+01
A[8]= -2.185228e-01 pm 1.843067e-01
A[9]= 4.613268e+02 pm 7.671148e+03
A[10]= -1.557336e+03 pm 4.261953e+03
A[11]= 3.890637e+02 pm 7.657925e+02
A[12]= 1.288947e+01 pm 4.999906e+01
A[13]= -6.638196e-01 pm 9.337689e-01
A[14]= 3.826677e+00 pm 1.280354e+00
A[15]= 3.334496e+03 pm 3.856321e+03
A[16]= -3.012321e+03 pm 2.165707e+03
A[17]= 1.349417e+03 pm 4.064477e+02
A[18]= -3.167157e+01 pm 2.027572e+01
A[19]= 1.644786e-01 pm 2.657387e-01
A[20]= 1.227758e+04 pm 1.053611e+04
A[21]= -8.060632e+03 pm 5.873695e+03
A[22]= 1.432478e+03 pm 1.059610e+03
A[23]= -5.396418e+01 pm 6.984203e+01
A[24]= 4.467779e-01 pm 1.303028e+00

Best-fitting parameters
A[0]= 1.008614e+00
A[1]= 1.149296e+00
A[2]= 2.247842e-01
A[3]= 4.041304e+00
A[4]= 8.102594e+02
A[5]= -2.265053e+03
A[6]= 1.307420e+03
A[7]= -1.163800e+01
A[8]= -1.534116e-01
A[9]= 1.004773e+04
A[10]= -6.850839e+03
A[11]= 1.334710e+03
A[12]= -2.481199e+01
A[13]= 5.974431e-02
A[14]= 5.463752e+00
A[15]= 1.499784e+03
A[16]= -1.791449e+03
A[17]= 1.078292e+03
A[18]= -2.904789e+01
A[19]= 1.114828e-01
A[20]= 1.648246e+04
A[21]= -1.070875e+04
A[22]= 1.983178e+03
A[23]= -6.098968e+01
A[24]= 5.505272e-01
chi2_min= 9.397962e+01


Cross-Covariance parameters
1.000000e+00	-5.037112e-01	-1.642647e-01	8.204501e-02	-6.280681e-03	6.691709e-03	-1.410035e-02	6.433517e-02	-5.460223e-02	-2.390250e-02	3.406245e-02	-5.621779e-02	6.935701e-02	-6.000931e-02	7.012476e-02	7.979572e-03	-6.347774e-03	-7.899722e-04	6.300802e-02	-5.346373e-02	-4.300074e-02	5.166420e-02	-7.281145e-02	9.419496e-02	-8.558263e-02	
-5.037112e-01	1.000000e+00	2.199973e-01	-1.918766e-01	-5.885708e-02	6.618759e-02	-8.034664e-02	1.007126e-01	-9.237266e-02	2.368231e-02	-3.179347e-02	4.517703e-02	-7.578804e-02	3.759755e-02	-2.544014e-01	-2.549902e-02	2.704682e-02	-3.696318e-02	1.318839e-01	-1.289313e-01	3.074500e-02	-3.489030e-02	4.558240e-02	-5.914659e-02	3.164336e-02	
-1.642647e-01	2.199973e-01	1.000000e+00	-6.562773e-01	5.534832e-03	2.892381e-03	-2.838216e-03	-4.895576e-02	3.763791e-02	-1.345195e-01	1.783767e-01	-2.298453e-01	-2.624028e-01	2.456413e-01	-6.099055e-01	-6.113369e-02	6.798488e-02	-6.704777e-02	-3.735237e-02	3.007789e-02	-1.095664e-01	1.510213e-01	-1.980096e-01	-2.817993e-01	2.671498e-01	
8.204501e-02	-1.918766e-01	-6.562773e-01	1.000000e+00	-3.797186e-01	4.404523e-01	-4.886041e-01	-1.792876e-01	1.923133e-01	1.022951e-01	-1.246940e-01	1.545646e-01	8.306204e-02	-5.150066e-02	4.381144e-01	4.527845e-02	-4.871238e-02	4.778689e-02	2.161266e-02	-1.868794e-02	6.986830e-02	-9.834346e-02	1.307802e-01	2.025736e-01	-1.925452e-01	
-6.280681e-03	-5.885708e-02	5.534832e-03	-3.797186e-01	1.000000e+00	-9.859651e-01	9.386313e-01	-5.188672e-01	4.106070e-01	-6.997720e-02	6.022323e-02	-4.749665e-02	1.175840e-01	-4.123569e-02	4.950582e-03	1.464894e-02	-1.594102e-02	1.876725e-02	-3.325992e-02	3.167114e-02	1.396807e-03	-1.906715e-03	2.448882e-03	-1.156085e-02	1.460838e-02	
6.691709e-03	6.618759e-02	2.892381e-03	4.404523e-01	-9.859651e-01	1.000000e+00	-9.817128e-01	4.837077e-01	-3.879259e-01	8.250397e-02	-7.056002e-02	5.474864e-02	-1.424963e-01	6.446117e-02	-1.043195e-02	-1.474478e-02	1.644824e-02	-1.972224e-02	3.424337e-02	-3.250831e-02	-1.888053e-03	2.686255e-03	-3.640095e-03	9.406189e-03	-1.297917e-02	
-1.410035e-02	-8.034664e-02	-2.838216e-03	-4.886041e-01	9.386313e-01	-9.817128e-01	1.000000e+00	-4.612392e-01	3.912158e-01	-8.887996e-02	7.499115e-02	-5.574610e-02	1.496360e-01	-6.341587e-02	1.316005e-02	1.472622e-02	-1.682629e-02	2.078226e-02	-3.837477e-02	3.624690e-02	1.761631e-05	-7.894940e-04	1.857655e-03	-8.797480e-03	1.308546e-02	
6.433517e-02	1.007126e-01	-4.895576e-02	-1.792876e-01	-5.188672e-01	4.837077e-01	-4.612392e-01	1.000000e+00	-9.656674e-01	1.307466e-01	-1.305182e-01	1.180109e-01	2.914307e-03	-1.711695e-01	4.916279e-03	-1.465801e-02	1.578874e-02	-2.018059e-02	4.655307e-02	-4.296156e-02	2.476708e-02	-2.552760e-02	2.579498e-02	1.906743e-03	-5.359755e-03	
-5.460223e-02	-9.237266e-02	3.763791e-02	1.923133e-01	4.106070e-01	-3.879259e-01	3.912158e-01	-9.656674e-01	1.000000e+00	-1.353228e-01	1.354357e-01	-1.217126e-01	-1.909690e-03	1.901797e-01	2.705353e-05	1.288219e-02	-1.385661e-02	1.752481e-02	-4.012321e-02	3.670093e-02	-2.748691e-02	2.825070e-02	-2.848390e-02	6.795609e-03	-3.465989e-03	
-2.390250e-02	2.368231e-02	-1.345195e-01	1.022951e-01	-6.997720e-02	8.250397e-02	-8.887996e-02	1.307466e-01	-1.353228e-01	1.000000e+00	-9.920222e-01	9.618190e-01	-8.190947e-01	7.267506e-01	5.993890e-02	2.626521e-02	-2.833782e-02	2.863242e-02	1.392503e-02	-1.179223e-02	2.281957e-02	-2.990888e-02	3.844736e-02	3.716802e-02	-3.650775e-02	
3.406245e-02	-3.179347e-02	1.783767e-01	-1.246940e-01	6.022323e-02	-7.056002e-02	7.499115e-02	-1.305182e-01	1.354357e-01	-9.920222e-01	1.000000e+00	-9.880432e-01	8.299190e-01	-7.457403e-01	-8.751798e-02	-2.858713e-02	3.113933e-02	-3.152068e-02	-1.654904e-02	1.421277e-02	-2.942246e-02	3.885432e-02	-5.028284e-02	-4.953148e-02	4.850994e-02	
-5.621779e-02	4.517703e-02	-2.298453e-01	1.545646e-01	-4.749665e-02	5.474864e-02	-5.574610e-02	1.180109e-01	-1.217126e-01	9.618190e-01	-9.880432e-01	1.000000e+00	-8.297994e-01	7.625104e-01	1.208015e-01	3.055019e-02	-3.377015e-02	3.441906e-02	1.921176e-02	-1.678309e-02	3.713260e-02	-4.945709e-02	6.457180e-02	6.430264e-02	-6.300663e-02	
6.935701e-02	-7.578804e-02	-2.624028e-01	8.306204e-02	1.175840e-01	-1.424963e-01	1.496360e-01	2.914307e-03	-1.909690e-03	-8.190947e-01	8.299190e-01	-8.297994e-01	1.000000e+00	-9.641387e-01	1.847474e-01	6.555335e-03	-6.299745e-03	3.979485e-03	5.861011e-03	-5.556093e-03	3.296399e-02	-4.321010e-02	5.446838e-02	7.129577e-02	-6.663426e-02	
-6.000931e-02	3.759755e-02	2.456413e-01	-5.150066e-02	-4.123569e-02	6.446117e-02	-6.341587e-02	-1.711695e-01	1.901797e-01	7.267506e-01	-7.457403e-01	7.625104e-01	-9.641387e-01	1.000000e+00	-1.665951e-01	-5.435790e-03	4.823173e-03	-1.845031e-03	-1.218740e-02	1.114389e-02	-3.665936e-02	4.659095e-02	-5.752482e-02	-6.196140e-02	5.820726e-02	
7.012476e-02	-2.544014e-01	-6.099055e-01	4.381144e-01	4.950582e-03	-1.043195e-02	1.316005e-02	4.916279e-03	2.705353e-05	5.993890e-02	-8.751798e-02	1.208015e-01	1.847474e-01	-1.665951e-01	1.000000e+00	-3.211096e-01	3.849108e-01	-4.372324e-01	-2.436198e-01	2.491710e-01	3.378489e-02	-5.056507e-02	7.535081e-02	1.027362e-01	-7.809974e-02	
7.979572e-03	-2.549902e-02	-6.113369e-02	4.527845e-02	1.464894e-02	-1.474478e-02	1.472622e-02	-1.465801e-02	1.288219e-02	2.626521e-02	-2.858713e-02	3.055019e-02	6.555335e-03	-5.435790e-03	-3.211096e-01	1.000000e+00	-9.862849e-01	9.383844e-01	-5.236440e-01	4.391524e-01	6.483027e-02	-7.555829e-02	8.502502e-02	2.523176e-02	9.321590e-03	
-6.347774e-03	2.704682e-02	6.798488e-02	-4.871238e-02	-1.594102e-02	1.644824e-02	-1.682629e-02	1.578874e-02	-1.385661e-02	-2.833782e-02	3.113933e-02	-3.377015e-02	-6.299745e-03	4.823173e-03	3.849108e-01	-9.862849e-01	1.000000e+00	-9.812565e-01	4.922878e-01	-4.190094e-01	-6.382621e-02	7.745518e-02	-8.986473e-02	-3.981110e-02	4.066069e-03	
-7.899722e-04	-3.696318e-02	-6.704777e-02	4.778689e-02	1.876725e-02	-1.972224e-02	2.078226e-02	-2.018059e-02	1.752481e-02	2.863242e-02	-3.152068e-02	3.441906e-02	3.979485e-03	-1.845031e-03	-4.372324e-01	9.383844e-01	-9.812565e-01	1.000000e+00	-4.702502e-01	4.191890e-01	5.914211e-02	-7.573571e-02	9.198134e-02	4.606339e-02	-5.154374e-03	
6.300802e-02	1.318839e-01	-3.735237e-02	2.161266e-02	-3.325992e-02	3.424337e-02	-3.837477e-02	4.655307e-02	-4.012321e-02	1.392503e-02	-1.654904e-02	1.921176e-02	5.861011e-03	-1.218740e-02	-2.436198e-01	-5.236440e-01	4.922878e-01	-4.702502e-01	1.000000e+00	-9.759710e-01	1.612184e-02	-1.562654e-02	7.345525e-03	1.129144e-01	-1.967065e-01	
-5.346373e-02	-1.289313e-01	3.007789e-02	-1.868794e-02	3.167114e-02	-3.250831e-02	3.624690e-02	-4.296156e-02	3.670093e-02	-1.179223e-02	1.421277e-02	-1.678309e-02	-5.556093e-03	1.114389e-02	2.491710e-01	4.391524e-01	-4.190094e-01	4.191890e-01	-9.759710e-01	1.000000e+00	-2.560701e-02	2.421611e-02	-1.320656e-02	-1.112708e-01	2.071480e-01	
-4.300074e-02	3.074500e-02	-1.095664e-01	6.986830e-02	1.396807e-03	-1.888053e-03	1.761631e-05	2.476708e-02	-2.748691e-02	2.281957e-02	-2.942246e-02	3.713260e-02	3.296399e-02	-3.665936e-02	3.378489e-02	6.483027e-02	-6.382621e-02	5.914211e-02	1.612184e-02	-2.560701e-02	1.000000e+00	-9.922205e-01	9.627914e-01	-8.188349e-01	7.530614e-01	
5.166420e-02	-3.489030e-02	1.510213e-01	-9.834346e-02	-1.906715e-03	2.686255e-03	-7.894940e-04	-2.552760e-02	2.825070e-02	-2.990888e-02	3.885432e-02	-4.945709e-02	-4.321010e-02	4.659095e-02	-5.056507e-02	-7.555829e-02	7.745518e-02	-7.573571e-02	-1.562654e-02	2.421611e-02	-9.922205e-01	1.000000e+00	-9.883281e-01	8.308688e-01	-7.718987e-01	
-7.281145e-02	4.558240e-02	-1.980096e-01	1.307802e-01	2.448882e-03	-3.640095e-03	1.857655e-03	2.579498e-02	-2.848390e-02	3.844736e-02	-5.028284e-02	6.457180e-02	5.446838e-02	-5.752482e-02	7.535081e-02	8.502502e-02	-8.986473e-02	9.198134e-02	7.345525e-03	-1.320656e-02	9.627914e-01	-9.883281e-01	1.000000e+00	-8.344229e-01	7.892907e-01	
9.419496e-02	-5.914659e-02	-2.817993e-01	2.025736e-01	-1.156085e-02	9.406189e-03	-8.797480e-03	1.906743e-03	6.795609e-03	3.716802e-02	-4.953148e-02	6.430264e-02	7.129577e-02	-6.196140e-02	1.027362e-01	2.523176e-02	-3.981110e-02	4.606339e-02	1.129144e-01	-1.112708e-01	-8.188349e-01	8.308688e-01	-8.344229e-01	1.000000e+00	-9.794358e-01	
-8.558263e-02	3.164336e-02	2.671498e-01	-1.925452e-01	1.460838e-02	-1.297917e-02	1.308546e-02	-5.359755e-03	-3.465989e-03	-3.650775e-02	4.850994e-02	-6.300663e-02	-6.663426e-02	5.820726e-02	-7.809974e-02	9.321590e-03	4.066069e-03	-5.154374e-03	-1.967065e-01	2.071480e-01	7.530614e-01	-7.718987e-01	7.892907e-01	-9.794358e-01	1.000000e+00	

Time taken for mcmc chain: 23.583333 minutes
