Number of steps: 7299302
Number of accepted steps: 1000000
Burn-in number of steps: 320000
Accepted fraction of steps: 0.136999
Convergence Status
R[0]= 1.000057	R[1]= 1.002782	R[2]= 1.001927	R[3]= 1.002059	R[4]= 1.001141	R[5]= 1.001368	R[6]= 1.001512	R[7]= 1.001539	R[8]= 1.002423	R[9]= 1.002040	R[10]= 1.002056	R[11]= 1.001998	R[12]= 1.001170	R[13]= 1.000345	R[14]= 1.005583	R[15]= 1.004191	R[16]= 1.005601	R[17]= 1.006954	R[18]= 1.000448	R[19]= 1.001582	R[20]= 1.000965	R[21]= 1.000995	R[22]= 1.001008	R[23]= 1.001015	R[24]= 1.001378	
<R>= 1.002086

Mean parameters
A[0]= 9.560391e-01 pm 3.199460e-02
A[1]= 1.047656e+00 pm 2.514347e-02
A[2]= 5.704373e-01 pm 3.679896e-01
A[3]= 4.536035e+00 pm 1.305750e+00
A[4]= -5.254265e+03 pm 3.849432e+03
A[5]= 2.840064e+03 pm 2.535476e+03
A[6]= -2.169118e+02 pm 5.975491e+02
A[7]= 8.765289e+00 pm 1.344704e+01
A[8]= -9.172255e-02 pm 1.833181e-01
A[9]= -1.098350e+03 pm 8.721466e+03
A[10]= 2.309392e+01 pm 5.242995e+03
A[11]= -1.195005e+02 pm 1.105302e+03
A[12]= -1.389502e+01 pm 4.955867e+01
A[13]= 3.264128e-01 pm 9.511015e-01
A[14]= 6.298226e+00 pm 1.770072e+00
A[15]= -6.590812e+03 pm 5.194330e+03
A[16]= 5.327470e+03 pm 3.387521e+03
A[17]= -1.073821e+03 pm 7.932274e+02
A[18]= -1.819366e+00 pm 1.972077e+01
A[19]= 2.175536e-01 pm 2.637141e-01
A[20]= 6.467243e+03 pm 1.189658e+04
A[21]= -3.193887e+03 pm 7.170669e+03
A[22]= 9.696929e+01 pm 1.514957e+03
A[23]= -4.039109e+01 pm 6.878659e+01
A[24]= 4.946514e-01 pm 1.337890e+00

Best-fitting parameters
A[0]= 9.348650e-01
A[1]= 1.053311e+00
A[2]= 5.595283e-01
A[3]= 5.128028e+00
A[4]= -8.266636e+03
A[5]= 4.810141e+03
A[6]= -6.626191e+02
A[7]= 1.079073e+01
A[8]= -3.176764e-02
A[9]= -1.269737e+03
A[10]= 4.731042e+02
A[11]= -2.766972e+02
A[12]= -1.434774e+01
A[13]= 3.945016e-01
A[14]= 5.886488e+00
A[15]= -6.816162e+03
A[16]= 4.919027e+03
A[17]= -8.767877e+02
A[18]= -7.719753e+00
A[19]= 2.764523e-01
A[20]= 7.602629e+03
A[21]= -4.478772e+03
A[22]= 4.907531e+02
A[23]= -6.778806e+01
A[24]= 1.047263e+00
chi2_min= 1.074797e+02


Cross-Covariance parameters
1.000000e+00	-5.089388e-01	-1.917961e-01	9.258159e-02	4.914802e-02	-5.023338e-02	4.183905e-02	7.501542e-02	-8.237054e-02	-1.962999e-02	2.075603e-02	-3.661898e-02	1.750669e-01	-1.587888e-01	1.037315e-01	4.968168e-02	-5.004448e-02	4.104150e-02	7.200816e-02	-7.490331e-02	1.164896e-02	-7.373102e-03	-1.568515e-02	1.636707e-01	-1.517684e-01	
-5.089388e-01	1.000000e+00	1.959147e-01	-1.747137e-01	-3.284702e-02	4.281418e-02	-5.776646e-02	1.276922e-01	-1.110458e-01	1.367594e-02	-1.516771e-02	2.318610e-02	-1.282040e-01	8.624327e-02	-2.455925e-01	1.382153e-02	-1.505737e-02	9.521040e-03	1.311550e-01	-1.416829e-01	-2.163949e-03	-3.104897e-04	1.497170e-02	-1.007329e-01	7.331970e-02	
-1.917961e-01	1.959147e-01	1.000000e+00	-6.876500e-01	-3.299314e-02	3.854619e-02	-3.563103e-02	-2.550482e-02	3.043871e-02	-4.018218e-01	5.183443e-01	-6.548335e-01	-9.146948e-02	2.405930e-01	-6.880455e-01	-5.835731e-02	6.660424e-02	-6.614475e-02	-2.170771e-02	3.337167e-02	-4.060076e-01	5.193390e-01	-6.540107e-01	-1.365216e-01	2.862244e-01	
9.258159e-02	-1.747137e-01	-6.876500e-01	1.000000e+00	-5.253848e-01	5.797543e-01	-6.209812e-01	1.697850e-01	1.151298e-01	2.023181e-01	-2.610187e-01	3.341696e-01	1.843567e-02	-7.460474e-02	5.084946e-01	1.682147e-02	-2.348531e-02	2.548415e-02	-6.966872e-04	1.994300e-03	2.640494e-01	-3.437451e-01	4.403700e-01	1.084722e-01	-2.089016e-01	
4.914802e-02	-3.284702e-02	-3.299314e-02	-5.253848e-01	1.000000e+00	-9.845707e-01	9.414614e-01	-6.647421e-01	2.692632e-01	7.482277e-02	-1.143784e-01	1.588910e-01	8.977364e-02	-8.829603e-02	2.128081e-02	2.357518e-02	-2.287848e-02	2.116823e-02	-6.911627e-03	-9.997305e-04	3.333395e-02	-3.700511e-02	3.952654e-02	-6.933973e-03	-5.655590e-04	
-5.023338e-02	4.281418e-02	3.854619e-02	5.797543e-01	-9.845707e-01	1.000000e+00	-9.854445e-01	6.148065e-01	-2.015302e-01	-8.559462e-02	1.288388e-01	-1.776336e-01	-9.938011e-02	1.109098e-01	-2.461109e-02	-2.749391e-02	2.661027e-02	-2.476819e-02	9.617725e-03	-2.008804e-04	-3.750641e-02	4.189534e-02	-4.504734e-02	8.270811e-03	-8.751871e-06	
4.183905e-02	-5.776646e-02	-3.563103e-02	-6.209812e-01	9.414614e-01	-9.854445e-01	1.000000e+00	-5.521041e-01	1.372014e-01	9.727962e-02	-1.416532e-01	1.915585e-01	9.612839e-02	-1.172070e-01	2.404587e-02	2.916652e-02	-2.806820e-02	2.643132e-02	-1.513868e-02	4.812132e-03	3.804523e-02	-4.211422e-02	4.475896e-02	-1.188730e-02	4.398713e-03	
7.501542e-02	1.276922e-01	-2.550482e-02	1.697850e-01	-6.647421e-01	6.148065e-01	-5.521041e-01	1.000000e+00	-8.778429e-01	8.940973e-02	-6.817792e-02	3.233285e-02	-5.605435e-02	-9.687373e-02	-3.178549e-02	2.220183e-02	-2.569819e-02	2.564966e-02	4.807040e-02	-5.685440e-02	2.617696e-03	-6.829728e-03	1.145415e-02	2.767549e-02	-3.521440e-02	
-8.237054e-02	-1.110458e-01	3.043871e-02	1.151298e-01	2.692632e-01	-2.015302e-01	1.372014e-01	-8.778429e-01	1.000000e+00	-1.504150e-01	1.458320e-01	-1.254577e-01	2.327957e-02	1.836727e-01	3.100069e-02	-3.551329e-02	3.901933e-02	-3.887348e-02	-4.241463e-02	5.735283e-02	-1.743294e-02	2.231622e-02	-2.687085e-02	-2.017895e-02	3.079647e-02	
-1.962999e-02	1.367594e-02	-4.018218e-01	2.023181e-01	7.482277e-02	-8.559462e-02	9.727962e-02	8.940973e-02	-1.504150e-01	1.000000e+00	-9.836251e-01	9.171260e-01	-7.630177e-01	5.721591e-01	2.666927e-01	4.772840e-02	-5.139081e-02	5.117124e-02	-2.943663e-03	-1.165868e-02	1.815609e-01	-2.323849e-01	2.946992e-01	4.149622e-02	-1.097695e-01	
2.075603e-02	-1.516771e-02	5.183443e-01	-2.610187e-01	-1.143784e-01	1.288388e-01	-1.416532e-01	-6.817792e-02	1.458320e-01	-9.836251e-01	1.000000e+00	-9.731767e-01	7.137263e-01	-5.143241e-01	-3.464720e-01	-5.496097e-02	5.993408e-02	-5.992713e-02	-1.195434e-03	1.791182e-02	-2.330012e-01	2.982061e-01	-3.780285e-01	-5.380120e-02	1.421711e-01	
-3.661898e-02	2.318610e-02	-6.548335e-01	3.341696e-01	1.588910e-01	-1.776336e-01	1.915585e-01	3.233285e-02	-1.254577e-01	9.171260e-01	-9.731767e-01	1.000000e+00	-6.039355e-01	4.029881e-01	4.416774e-01	6.153675e-02	-6.791952e-02	6.820053e-02	5.281375e-03	-2.384032e-02	2.945866e-01	-3.769405e-01	4.779111e-01	6.527422e-02	-1.776766e-01	
1.750669e-01	-1.282040e-01	-9.146948e-02	1.843567e-02	8.977364e-02	-9.938011e-02	9.612839e-02	-5.605435e-02	2.327957e-02	-7.630177e-01	7.137263e-01	-6.039355e-01	1.000000e+00	-9.460670e-01	7.815062e-02	-2.821788e-03	2.570440e-03	-3.804555e-03	1.008370e-02	-4.576724e-03	2.107069e-02	-2.758438e-02	3.252605e-02	3.610985e-02	-4.075877e-02	
-1.587888e-01	8.624327e-02	2.405930e-01	-7.460474e-02	-8.829603e-02	1.109098e-01	-1.172070e-01	-9.687373e-02	1.836727e-01	5.721591e-01	-5.143241e-01	4.029881e-01	-9.460670e-01	1.000000e+00	-1.706690e-01	-1.703388e-02	1.919805e-02	-1.795387e-02	-1.693599e-02	1.831819e-02	-9.084703e-02	1.169807e-01	-1.462725e-01	-5.169216e-02	8.386643e-02	
1.037315e-01	-2.455925e-01	-6.880455e-01	5.084946e-01	2.128081e-02	-2.461109e-02	2.404587e-02	-3.178549e-02	3.100069e-02	2.666927e-01	-3.464720e-01	4.416774e-01	7.815062e-02	-1.706690e-01	1.000000e+00	-4.718165e-01	5.352618e-01	-5.850779e-01	7.530081e-02	1.683681e-01	1.884657e-01	-2.435717e-01	3.164820e-01	5.278145e-02	-1.108310e-01	
4.968168e-02	1.382153e-02	-5.835731e-02	1.682147e-02	2.357518e-02	-2.749391e-02	2.916652e-02	2.220183e-02	-3.551329e-02	4.772840e-02	-5.496097e-02	6.153675e-02	-2.821788e-03	-1.703388e-02	-4.718165e-01	1.000000e+00	-9.824844e-01	9.323179e-01	-6.346020e-01	2.884649e-01	1.687804e-01	-2.045062e-01	2.363542e-01	6.358261e-03	-3.416047e-02	
-5.004448e-02	-1.505737e-02	6.660424e-02	-2.348531e-02	-2.287848e-02	2.661027e-02	-2.806820e-02	-2.569819e-02	3.901933e-02	-5.139081e-02	5.993408e-02	-6.791952e-02	2.570440e-03	1.919805e-02	5.352618e-01	-9.824844e-01	1.000000e+00	-9.828561e-01	5.685706e-01	-2.039670e-01	-1.765971e-01	2.180012e-01	-2.562541e-01	-2.525636e-02	6.407416e-02	
4.104150e-02	9.521040e-03	-6.614475e-02	2.548415e-02	2.116823e-02	-2.476819e-02	2.643132e-02	2.564966e-02	-3.887348e-02	5.117124e-02	-5.992713e-02	6.820053e-02	-3.804555e-03	-1.795387e-02	-5.850779e-01	9.323179e-01	-9.828561e-01	1.000000e+00	-4.862548e-01	1.181874e-01	1.783144e-01	-2.232104e-01	2.657149e-01	3.756963e-02	-8.408373e-02	
7.200816e-02	1.311550e-01	-2.170771e-02	-6.966872e-04	-6.911627e-03	9.617725e-03	-1.513868e-02	4.807040e-02	-4.241463e-02	-2.943663e-03	-1.195434e-03	5.281375e-03	1.008370e-02	-1.693599e-02	7.530081e-02	-6.346020e-01	5.685706e-01	-4.862548e-01	1.000000e+00	-9.073500e-01	-3.528870e-02	4.431191e-02	-5.355305e-02	9.633338e-02	-1.715704e-01	
-7.490331e-02	-1.416829e-01	3.337167e-02	1.994300e-03	-9.997305e-04	-2.008804e-04	4.812132e-03	-5.685440e-02	5.735283e-02	-1.165868e-02	1.791182e-02	-2.384032e-02	-4.576724e-03	1.831819e-02	1.683681e-01	2.884649e-01	-2.039670e-01	1.181874e-01	-9.073500e-01	1.000000e+00	-3.675186e-02	4.216523e-02	-4.446155e-02	-1.160468e-01	2.290917e-01	
1.164896e-02	-2.163949e-03	-4.060076e-01	2.640494e-01	3.333395e-02	-3.750641e-02	3.804523e-02	2.617696e-03	-1.743294e-02	1.815609e-01	-2.330012e-01	2.945866e-01	2.107069e-02	-9.084703e-02	1.884657e-01	1.687804e-01	-1.765971e-01	1.783144e-01	-3.528870e-02	-3.675186e-02	1.000000e+00	-9.842842e-01	9.196045e-01	-7.379660e-01	5.662950e-01	
-7.373102e-03	-3.104897e-04	5.193390e-01	-3.437451e-01	-3.700511e-02	4.189534e-02	-4.211422e-02	-6.829728e-03	2.231622e-02	-2.323849e-01	2.982061e-01	-3.769405e-01	-2.758438e-02	1.169807e-01	-2.435717e-01	-2.045062e-01	2.180012e-01	-2.232104e-01	4.431191e-02	4.216523e-02	-9.842842e-01	1.000000e+00	-9.737299e-01	6.845429e-01	-5.028103e-01	
-1.568515e-02	1.497170e-02	-6.540107e-01	4.403700e-01	3.952654e-02	-4.504734e-02	4.475896e-02	1.145415e-02	-2.687085e-02	2.946992e-01	-3.780285e-01	4.779111e-01	3.252605e-02	-1.462725e-01	3.164820e-01	2.363542e-01	-2.562541e-01	2.657149e-01	-5.355305e-02	-4.446155e-02	9.196045e-01	-9.737299e-01	1.000000e+00	-5.718009e-01	3.850013e-01	
1.636707e-01	-1.007329e-01	-1.365216e-01	1.084722e-01	-6.933973e-03	8.270811e-03	-1.188730e-02	2.767549e-02	-2.017895e-02	4.149622e-02	-5.380120e-02	6.527422e-02	3.610985e-02	-5.169216e-02	5.278145e-02	6.358261e-03	-2.525636e-02	3.756963e-02	9.633338e-02	-1.160468e-01	-7.379660e-01	6.845429e-01	-5.718009e-01	1.000000e+00	-9.622583e-01	
-1.517684e-01	7.331970e-02	2.862244e-01	-2.089016e-01	-5.655590e-04	-8.751871e-06	4.398713e-03	-3.521440e-02	3.079647e-02	-1.097695e-01	1.421711e-01	-1.776766e-01	-4.075877e-02	8.386643e-02	-1.108310e-01	-3.416047e-02	6.407416e-02	-8.408373e-02	-1.715704e-01	2.290917e-01	5.662950e-01	-5.028103e-01	3.850013e-01	-9.622583e-01	1.000000e+00	

Time taken for mcmc chain: 49.066667 minutes
