Number of steps: 15820864
Number of accepted steps: 960000
Burn-in number of steps: 320000
Accepted fraction of steps: 0.060679
Convergence Status
R[0]= 1.000214	R[1]= 1.001981	R[2]= 1.002741	R[3]= 1.001332	R[4]= 1.000848	R[5]= 1.000958	R[6]= 1.001110	R[7]= 1.000978	R[8]= 1.000862	R[9]= 1.000182	R[10]= 1.000249	R[11]= 1.000478	R[12]= 1.000522	R[13]= 1.000718	R[14]= 1.002083	R[15]= 1.002230	R[16]= 1.001997	R[17]= 1.001769	R[18]= 1.000717	R[19]= 1.000223	R[20]= 1.000122	R[21]= 1.000190	R[22]= 1.000394	R[23]= 1.000346	R[24]= 1.000435	
<R>= 1.000947

Mean parameters
A[0]= 9.251516e-01 pm 3.514252e-02
A[1]= 1.047413e+00 pm 3.029687e-02
A[2]= 6.407273e-01 pm 4.341837e-01
A[3]= 3.551986e+00 pm 1.188208e+00
A[4]= -3.985951e+03 pm 3.822665e+03
A[5]= 1.999812e+03 pm 2.519348e+03
A[6]= -2.548303e+01 pm 5.922825e+02
A[7]= 1.680145e+01 pm 1.311950e+01
A[8]= -2.662753e-01 pm 1.804593e-01
A[9]= -3.908241e+03 pm 8.396440e+03
A[10]= 1.678462e+03 pm 5.044068e+03
A[11]= -4.358966e+02 pm 1.060519e+03
A[12]= 1.882881e+01 pm 4.845208e+01
A[13]= -5.435727e-01 pm 9.386490e-01
A[14]= 5.059232e+00 pm 1.620021e+00
A[15]= -6.759376e+03 pm 5.283509e+03
A[16]= 4.926769e+03 pm 3.486634e+03
A[17]= -8.678490e+02 pm 8.211811e+02
A[18]= 2.001853e+00 pm 1.915181e+01
A[19]= 1.486367e-01 pm 2.640076e-01
A[20]= 5.890129e+03 pm 1.173126e+04
A[21]= -3.310232e+03 pm 7.131612e+03
A[22]= 2.188952e+02 pm 1.520793e+03
A[23]= -4.890166e+01 pm 6.738297e+01
A[24]= 6.947776e-01 pm 1.319987e+00

Best-fitting parameters
A[0]= 9.145586e-01
A[1]= 1.046008e+00
A[2]= 5.439271e-01
A[3]= 3.954281e+00
A[4]= -4.224082e+03
A[5]= 2.457731e+03
A[6]= -1.905509e+02
A[7]= 1.662448e+01
A[8]= -2.641774e-01
A[9]= -9.206075e+03
A[10]= 4.683900e+03
A[11]= -9.707358e+02
A[12]= 5.639092e+01
A[13]= -1.239653e+00
A[14]= 5.968356e+00
A[15]= -7.630917e+03
A[16]= 5.894901e+03
A[17]= -1.175389e+03
A[18]= -6.573517e+00
A[19]= 3.160688e-01
A[20]= 6.635606e+03
A[21]= -4.185858e+03
A[22]= 4.822739e+02
A[23]= -7.542683e+01
A[24]= 1.364281e+00
chi2_min= 8.828436e+01


Cross-Covariance parameters
1.000000e+00	-5.220580e-01	-1.501094e-01	1.011437e-01	9.680467e-03	-4.655083e-03	-7.520942e-03	6.820841e-02	-4.898022e-02	-6.452040e-03	2.188831e-02	-5.774374e-02	1.294401e-01	-1.039769e-01	4.870492e-02	7.869876e-02	-8.218869e-02	7.706774e-02	6.786781e-02	-8.204597e-02	8.253109e-03	1.526849e-03	-3.334033e-02	1.516422e-01	-1.314055e-01	
-5.220580e-01	1.000000e+00	1.215111e-01	-1.412881e-01	-4.311947e-02	4.765776e-02	-5.902105e-02	1.334980e-01	-1.173492e-01	1.043894e-02	-2.238784e-02	4.633541e-02	-1.041622e-01	5.669751e-02	-1.917057e-01	-8.864766e-03	1.162177e-02	-2.102434e-02	1.319569e-01	-1.244608e-01	-2.376198e-04	-8.890215e-03	3.454814e-02	-7.779547e-02	4.315289e-02	
-1.501094e-01	1.215111e-01	1.000000e+00	-7.048255e-01	8.671705e-03	-1.224324e-02	2.285793e-02	-7.120838e-02	5.122288e-02	-3.744659e-01	4.868728e-01	-6.194813e-01	-1.217740e-01	2.630261e-01	-6.512547e-01	-9.887331e-02	1.100308e-01	-1.114117e-01	-4.539364e-02	7.353456e-02	-4.209493e-01	5.351190e-01	-6.648466e-01	-1.409159e-01	2.848526e-01	
1.011437e-01	-1.412881e-01	-7.048255e-01	1.000000e+00	-5.355534e-01	5.911048e-01	-6.334843e-01	1.849070e-01	1.063264e-01	1.938511e-01	-2.518597e-01	3.264368e-01	2.463233e-02	-7.771081e-02	4.791145e-01	6.797993e-02	-7.638959e-02	7.862572e-02	2.603378e-02	-4.546212e-02	3.012996e-01	-3.829310e-01	4.753345e-01	1.002725e-01	-2.015999e-01	
9.680467e-03	-4.311947e-02	8.671705e-03	-5.355534e-01	1.000000e+00	-9.853053e-01	9.445286e-01	-6.524134e-01	2.513214e-01	7.450526e-02	-1.136851e-01	1.543779e-01	1.054059e-01	-1.044600e-01	-1.073463e-03	2.050526e-02	-2.067609e-02	2.073452e-02	-2.691270e-02	1.869528e-02	7.918229e-03	-8.178434e-03	7.153424e-03	-2.554133e-03	3.052841e-04	
-4.655083e-03	4.765776e-02	-1.224324e-02	5.911048e-01	-9.853053e-01	1.000000e+00	-9.862651e-01	5.992514e-01	-1.816732e-01	-8.439464e-02	1.268152e-01	-1.709707e-01	-1.147432e-01	1.263227e-01	9.948099e-04	-2.204657e-02	2.221910e-02	-2.237835e-02	3.084718e-02	-2.164967e-02	-8.152718e-03	8.500893e-03	-7.679429e-03	4.166380e-03	-1.973383e-03	
-7.520942e-03	-5.902105e-02	2.285793e-02	-6.334843e-01	9.445286e-01	-9.862651e-01	1.000000e+00	-5.364236e-01	1.180613e-01	9.450220e-02	-1.376829e-01	1.823678e-01	1.114416e-01	-1.316154e-01	-3.053496e-03	2.063002e-02	-2.065934e-02	2.113585e-02	-3.724870e-02	2.783704e-02	4.795179e-03	-4.270460e-03	2.633813e-03	-7.618636e-03	6.957356e-03	
6.820841e-02	1.334980e-01	-7.120838e-02	1.849070e-01	-6.524134e-01	5.992514e-01	-5.364236e-01	1.000000e+00	-8.773660e-01	1.107699e-01	-9.424963e-02	6.618850e-02	-6.296965e-02	-9.464563e-02	1.139891e-02	1.067378e-02	-1.406773e-02	1.336875e-02	6.187570e-02	-6.341733e-02	3.065268e-02	-3.972231e-02	5.057136e-02	2.313445e-02	-3.809354e-02	
-4.898022e-02	-1.173492e-01	5.122288e-02	1.063264e-01	2.513214e-01	-1.816732e-01	1.180613e-01	-8.773660e-01	1.000000e+00	-1.694888e-01	1.694073e-01	-1.551495e-01	2.401923e-02	1.853698e-01	-3.924723e-03	-1.709442e-02	2.051587e-02	-2.013582e-02	-4.373428e-02	4.879860e-02	-2.723099e-02	3.563184e-02	-4.565954e-02	-1.740155e-02	3.144674e-02	
-6.452040e-03	1.043894e-02	-3.744659e-01	1.938511e-01	7.450526e-02	-8.439464e-02	9.450220e-02	1.107699e-01	-1.694888e-01	1.000000e+00	-9.833452e-01	9.161813e-01	-7.494083e-01	5.579535e-01	2.455295e-01	5.133134e-02	-5.861823e-02	6.129122e-02	2.201551e-02	-3.891765e-02	1.938765e-01	-2.420075e-01	2.968262e-01	3.327018e-02	-1.004262e-01	
2.188831e-02	-2.238784e-02	4.868728e-01	-2.518597e-01	-1.136851e-01	1.268152e-01	-1.376829e-01	-9.424963e-02	1.694073e-01	-9.833452e-01	1.000000e+00	-9.729563e-01	6.981984e-01	-4.983967e-01	-3.201689e-01	-6.456819e-02	7.308890e-02	-7.588059e-02	-2.428014e-02	4.539109e-02	-2.449007e-01	3.075917e-01	-3.797499e-01	-4.568066e-02	1.315627e-01	
-5.774374e-02	4.633541e-02	-6.194813e-01	3.264368e-01	1.543779e-01	-1.709707e-01	1.823678e-01	6.618850e-02	-1.551495e-01	9.161813e-01	-9.729563e-01	1.000000e+00	-5.867575e-01	3.857300e-01	4.089560e-01	7.874199e-02	-8.850917e-02	9.137186e-02	2.560286e-02	-5.141042e-02	3.047955e-01	-3.850551e-01	4.785772e-01	5.867708e-02	-1.671852e-01	
1.294401e-01	-1.041622e-01	-1.217740e-01	2.463233e-02	1.054059e-01	-1.147432e-01	1.114416e-01	-6.296965e-02	2.401923e-02	-7.494083e-01	6.981984e-01	-5.867575e-01	1.000000e+00	-9.472527e-01	8.140772e-02	1.927568e-02	-1.876515e-02	1.682428e-02	-2.587134e-03	-2.264253e-03	2.865305e-02	-3.909054e-02	4.926891e-02	4.265526e-02	-5.179541e-02	
-1.039769e-01	5.669751e-02	2.630261e-01	-7.771081e-02	-1.044600e-01	1.263227e-01	-1.316154e-01	-9.464563e-02	1.853698e-01	5.579535e-01	-4.983967e-01	3.857300e-01	-9.472527e-01	1.000000e+00	-1.685413e-01	-3.860989e-02	4.057494e-02	-3.901508e-02	-1.124425e-02	2.253877e-02	-9.779630e-02	1.277417e-01	-1.612464e-01	-5.716151e-02	9.315390e-02	
4.870492e-02	-1.917057e-01	-6.512547e-01	4.791145e-01	-1.073463e-03	9.948099e-04	-3.053496e-03	1.139891e-02	-3.924723e-03	2.455295e-01	-3.201689e-01	4.089560e-01	8.140772e-02	-1.685413e-01	1.000000e+00	-4.794189e-01	5.368745e-01	-5.806631e-01	5.596739e-02	1.966935e-01	1.765363e-01	-2.309392e-01	3.007197e-01	2.792505e-02	-7.435083e-02	
7.869876e-02	-8.864766e-03	-9.887331e-02	6.797993e-02	2.050526e-02	-2.204657e-02	2.063002e-02	1.067378e-02	-1.709442e-02	5.133134e-02	-6.456819e-02	7.874199e-02	1.927568e-02	-3.860989e-02	-4.794189e-01	1.000000e+00	-9.838502e-01	9.388318e-01	-5.646451e-01	1.833026e-01	1.976254e-01	-2.362000e-01	2.695625e-01	5.722718e-02	-1.011560e-01	
-8.218869e-02	1.162177e-02	1.100308e-01	-7.638959e-02	-2.067609e-02	2.221910e-02	-2.065934e-02	-1.406773e-02	2.051587e-02	-5.861823e-02	7.308890e-02	-8.850917e-02	-1.876515e-02	4.057494e-02	5.368745e-01	-9.838502e-01	1.000000e+00	-9.848455e-01	4.937513e-01	-9.750223e-02	-2.092168e-01	2.531556e-01	-2.919520e-01	-7.570361e-02	1.303963e-01	
7.706774e-02	-2.102434e-02	-1.114117e-01	7.862572e-02	2.073452e-02	-2.237835e-02	2.113585e-02	1.336875e-02	-2.013582e-02	6.129122e-02	-7.588059e-02	9.137186e-02	1.682428e-02	-3.901508e-02	-5.806631e-01	9.388318e-01	-9.848455e-01	1.000000e+00	-4.128244e-01	1.628194e-02	2.128310e-01	-2.600354e-01	3.023430e-01	8.752450e-02	-1.490961e-01	
6.786781e-02	1.319569e-01	-4.539364e-02	2.603378e-02	-2.691270e-02	3.084718e-02	-3.724870e-02	6.187570e-02	-4.373428e-02	2.201551e-02	-2.428014e-02	2.560286e-02	-2.587134e-03	-1.124425e-02	5.596739e-02	-5.646451e-01	4.937513e-01	-4.128244e-01	1.000000e+00	-8.992871e-01	-1.019285e-02	1.256406e-02	-1.508538e-02	8.326391e-02	-1.613043e-01	
-8.204597e-02	-1.244608e-01	7.353456e-02	-4.546212e-02	1.869528e-02	-2.164967e-02	2.783704e-02	-6.341733e-02	4.879860e-02	-3.891765e-02	4.539109e-02	-5.141042e-02	-2.264253e-03	2.253877e-02	1.966935e-01	1.833026e-01	-9.750223e-02	1.628194e-02	-8.992871e-01	1.000000e+00	-7.497795e-02	8.915249e-02	-9.975865e-02	-1.220588e-01	2.409602e-01	
8.253109e-03	-2.376198e-04	-4.209493e-01	3.012996e-01	7.918229e-03	-8.152718e-03	4.795179e-03	3.065268e-02	-2.723099e-02	1.938765e-01	-2.449007e-01	3.047955e-01	2.865305e-02	-9.779630e-02	1.765363e-01	1.976254e-01	-2.092168e-01	2.128310e-01	-1.019285e-02	-7.497795e-02	1.000000e+00	-9.837715e-01	9.193809e-01	-7.094478e-01	5.340562e-01	
1.526849e-03	-8.890215e-03	5.351190e-01	-3.829310e-01	-8.178434e-03	8.500893e-03	-4.270460e-03	-3.972231e-02	3.563184e-02	-2.420075e-01	3.075917e-01	-3.850551e-01	-3.909054e-02	1.277417e-01	-2.309392e-01	-2.362000e-01	2.531556e-01	-2.600354e-01	1.256406e-02	8.915249e-02	-9.837715e-01	1.000000e+00	-9.742710e-01	6.481475e-01	-4.626364e-01	
-3.334033e-02	3.454814e-02	-6.648466e-01	4.753345e-01	7.153424e-03	-7.679429e-03	2.633813e-03	5.057136e-02	-4.565954e-02	2.968262e-01	-3.797499e-01	4.785772e-01	4.926891e-02	-1.612464e-01	3.007197e-01	2.695625e-01	-2.919520e-01	3.023430e-01	-1.508538e-02	-9.975865e-02	9.193809e-01	-9.742710e-01	1.000000e+00	-5.304547e-01	3.404865e-01	
1.516422e-01	-7.779547e-02	-1.409159e-01	1.002725e-01	-2.554133e-03	4.166380e-03	-7.618636e-03	2.313445e-02	-1.740155e-02	3.327018e-02	-4.568066e-02	5.867708e-02	4.265526e-02	-5.716151e-02	2.792505e-02	5.722718e-02	-7.570361e-02	8.752450e-02	8.326391e-02	-1.220588e-01	-7.094478e-01	6.481475e-01	-5.304547e-01	1.000000e+00	-9.624378e-01	
-1.314055e-01	4.315289e-02	2.848526e-01	-2.015999e-01	3.052841e-04	-1.973383e-03	6.957356e-03	-3.809354e-02	3.144674e-02	-1.004262e-01	1.315627e-01	-1.671852e-01	-5.179541e-02	9.315390e-02	-7.435083e-02	-1.011560e-01	1.303963e-01	-1.490961e-01	-1.613043e-01	2.409602e-01	5.340562e-01	-4.626364e-01	3.404865e-01	-9.624378e-01	1.000000e+00	

Time taken for mcmc chain: 1.366944 hours
