0.0001293292055753	0.9999999999999978
0.002038514797722992	0.9999999999999963
0.0039477003898706845	1.0
0.005856885982018376	0.9999999999999992
0.007766071574166069	0.9999999999999979
0.009675257166313763	1.0000000000000002
0.011584442758461454	1.0
0.013493628350609146	1.000000000000002
0.01540281394275684	0.999999999999998
0.017311999534904532	1.0000000000000018
0.019221185127052225	0.9999999999999992
0.021130370719199917	0.9999999999999983
0.023039556311347607	1.0000000000000016
0.0249487419034953	0.9999999999999992
0.026857927495642992	0.9999999999999996
0.028767113087790685	1.0000047338206184
0.030676298679938378	1.0000005712464002
0.03258548427208607	0.9991447112424141
0.03449466986423376	0.9878014913512406
0.03640385545638145	0.968776794024978
0.038313041048529145	0.9484731470677851
0.04022222664067684	0.931785913280102
0.04213141223282453	0.9218056714864645
0.04404059782497222	0.9201343388091248
0.04594978341711991	0.9270912925577667
0.0478589690092676	0.9421037636226297
0.049768154601415295	0.9643967029195004
0.05167734019356299	0.9924065205921084
0.05358652578571068	1.0248992185688877
0.05549571137785837	1.058894797994982
0.057404896970006065	1.0912504318126532
0.05931408256215376	1.1192100996633312
0.06122326815430145	1.1402415130793873
0.06313245374644914	1.152452395094177
0.06504163933859684	1.1549854938633735
0.06695082493074453	1.1479638784386028
0.06886001052289223	1.1319615286174856
0.07076919611503991	1.1045455029317812
0.07267838170718761	1.07119033614384
0.0745875672993353	1.0335073684351064
0.076496752891483	0.9924073105809931
0.07840593848363069	0.9511849620793312
0.08031512407577839	0.9121951275783983
0.08222430966792607	0.8760735745644391
0.08413349526007377	0.8483004510707638
0.08604268085222146	0.8274211331401009
0.08795186644436916	0.8131309235776432
0.08986105203651684	0.8095663550256116
0.09177023762866453	0.8153379581919878
0.09367942322081223	0.8280651332713399
0.09558860881295991	0.8496093990972022
0.09749779440510761	0.8794128777824574
0.0994069799972553	0.9135457496902978
0.101316165589403	0.9519343706607308
0.10322535118155068	0.9927178729643535
0.10513453677369838	1.0326499764174797
0.10704372236584607	1.071249976800601
0.10895290795799377	1.1033725000558443
0.11086209355014146	1.1294377633041386
0.11277127914228915	1.1494395746646842
0.11468046473443684	1.1583074013332164
0.11658965032658454	1.1579429594417694
0.11849883591873223	1.150392729877833
0.12040802151087993	1.1333472775077518
0.12231720710302761	1.1086190012313366
0.1242263926951753	1.0797271583712622
0.12613557828732297	1.0467634660656262
0.12804476387947067	1.011980679241076
0.12995394947161837	0.9777484773038048
0.13186313506376607	0.9445154136885985
0.13377232065591374	0.9159871632752624
0.13568150624806144	0.8913246919400657
0.13759069184020914	0.8706974793697324
0.13949987743235684	0.8579236903699229
0.1414090630245045	0.8512414142763954
0.1433182486166522	0.8497939878743768
0.1452274342087999	0.8560408637031693
0.1471366198009476	0.8688769473235245
0.14904580539309528	0.8861497583376254
0.15095499098524298	0.9086097881426608
0.15286417657739068	0.9354024774054723
0.15477336216953835	0.9640469699751882
0.15668254776168605	0.9943083060142788
0.15859173335383375	1.0234788195040476
0.16050091894598145	1.0504929668714884
0.16241010453812912	1.0750716620561056
0.16431929013027682	1.093367002503385
0.16622847572242452	1.1066805402946092
0.16813766131457222	1.1153362482443179
0.1700468469067199	1.1164410738124784
0.1719560324988676	1.111573521927759
0.1738652180910153	1.1023821208425306
0.175774403683163	1.0878951456020665
0.17768358927531067	1.0693192345557172
0.17959277486745837	1.048800444554264
0.18150196045960607	1.0265552168800067
0.18341114605175374	1.0041098823552157
0.18532033164390144	0.9825146733296233
0.18722951723604914	0.9619793831452529
0.18913870282819684	0.9448052049490794
0.1910478884203445	0.9301909657187294
0.1929570740124922	0.918184005595731
0.1948662596046399	0.9109646274170552
0.1967754451967876	0.9075930032674827
0.19868463078893528	0.9074091187174771
0.20059381638108298	0.9117495804148456
0.20250300197323068	0.920074546754512
0.20441218756537838	0.9309468275014102
0.20632137315752605	0.9446834503318874
0.20823055874967375	0.9607826215491697
0.21013974434182145	0.9776388371790572
0.21204892993396915	0.9950440068660547
0.21395811552611682	1.011517901476243
0.21586730111826452	1.0266777909772413
0.21777648671041222	1.0403969394244037
0.2196856723025599	1.050774265190545
0.2215948578947076	1.0584267718323985
0.2235040434868553	1.0636056521734356
0.225413229079003	1.0648773015527586
0.22732241467115066	1.0628226062106958
0.22923160026329836	1.0583989206989834
0.23114078585544606	1.0510733046469871
0.23304997144759376	1.0412577492500696
0.23495915703974143	1.0302579060253063
0.23686834263188913	1.018168328284875
0.23877752822403683	1.0057528952191337
0.24068671381618453	0.9937718452871244
0.2425958994083322	0.9823465886740335
0.2445050850004799	0.9727190119531053
0.2464142705926276	0.9645349260773042
0.24832345618477528	0.9577747003622256
0.250232641776923	0.9535287050356752
0.25214182736907065	0.9513649074822006
0.25405101296121835	0.9508663793649966
0.25596019855336605	0.9526546600759022
0.25786938414551375	0.9565532300714115
0.25977856973766145	0.9617675728139199
0.26168775532980915	0.9684399804861684
0.26359694092195685	0.9764428707207057
0.26550612651410455	0.984900646047277
0.2674153121062522	0.9937240587063922
0.2693244976983999	1.00225099534305
0.2712336832905476	1.0101747437702555
0.2731428688826953	1.017433816561143
0.275052054474843	1.023156833328727
0.2769612400669907	1.0275425273807919
0.2788704256591384	1.0307447378226782
0.28077961125128603	1.0321180811660933
0.28268879684343373	1.0318434876720997
0.28459798243558143	1.0304185564222945
0.28650716802772913	1.027599848698728
0.28841635361987683	1.0234610768034742
0.29032553921202453	1.0186660544328543
0.29223472480417223	1.0132393430962792
0.29414391039631993	1.0073810904536151
0.2960530959884676	1.001578309531162
0.2979622815806153	0.9958893346404033
0.299871467172763	0.9908517687468116
0.3017806527649107	0.986440993406538
0.3036898383570584	0.982646853738167
0.3055990239492061	0.9799702353523664
0.30750820954135377	0.9783181930614148
0.3094173951335014	0.9774731961681562
0.3113265807256491	0.9777269647082331
0.3132357663177968	0.9790453156173488
0.3151449519099445	0.9810059445718341
0.3170541375020922	0.9836621581224484
0.3189633230942399	0.9869922899211285
0.3208725086863876	0.9905662046413382
0.3227816942785353	0.9943465668139329
0.32469087987068296	0.9981175264741032
0.32660006546283066	1.0016888767017242
0.32850925105497836	1.0050372494428648
0.33041843664712606	1.0078551885258613
0.33232762223927376	1.0101664948666835
0.33423680783142146	1.0120295795393284
0.33614599342356916	1.0131923459940677
0.3380551790157168	1.0136427563786439
0.3399643646078645	1.0135907389427175
0.3418735502000122	1.0129241602881098
0.3437827357921599	1.0115957519094887
0.3456919213843076	1.0099278005625496
0.3476011069764553	1.0079279892112474
0.349510292568603	1.0056076599592862
0.3514194781607507	1.0032361817040587
0.35332866375289834	1.0008378793690742
0.35523784934504604	0.9985827121952513
0.35714703493719374	0.996518337657916
0.35905622052934144	0.994640573788747
0.36096540612148914	0.9931006543991473
0.36287459171363684	0.9919149236268888
0.36478377730578454	0.9910165357087293
0.3666929628979322	0.990520575325824
0.3686021484900799	0.990501269337617
0.3705113340822276	0.9907939247504106
0.3724205196743753	0.9914374057311456
0.374329705266523	0.9925264246981205
0.3762388908586707	0.9938165501842894
0.3781480764508184	0.9952929628836301
0.3800572620429661	0.9969374996482665
0.3819664476351137	0.9985709997312066
0.3838756332272614	1.000172029936126
0.3857848188194091	1.0016071511751465
0.3876940044115568	1.0028470280756208
0.3896031900037045	1.0039155908171458
0.3915123755958522	1.0047195680182661
0.3934215611879999	1.005230443108505
0.3953307467801476	1.0055301672635961
0.39723993237229527	1.005570352183284
0.39914911796444297	1.005282721463826
0.40105830355659067	1.0048070883878442
0.40296748914873837	1.0041428569583222
0.40487667474088607	1.0032299377326084
0.40678586033303377	1.0022421054340638
0.40869504592518147	1.0011935562372047
0.4106042315173291	1.000154204748431
0.4125134171094768	0.9992075941553678
0.4144226027016245	0.9983553522173741
0.4163317882937722	0.997682380283325
0.4182409738859199	0.9972019756572392
0.4201501594780676	0.9968667102151689
0.4220593450702153	0.9967202947853399
0.423968530662363	0.9967767843067218
0.42587771625451065	0.9969520055259654
0.42778690184665835	0.9972518768773474
0.42969608743880605	0.9977004538227806
0.43160527303095375	0.9982053882249151
0.43351445862310145	0.9987604098364916
0.43542364421524915	0.9993484745931213
0.43733282980739685	0.9996117445374254
0.4392420153995445	0.9996549990526322
0.4411512009916922	0.9996982535678389
0.4430603865838399	0.9997415080830457
0.4449695721759876	0.9997847625982524
0.4468787577681353	0.9998280171134591
0.448787943360283	0.999871271628666
0.4506971289524307	0.9999145261438727
0.4526063145445784	0.9999577806590795
0.45451550013672604	1.0000000000000002
0.45642468572887374	1.0000000000000002
0.45833387132102144	1.0
0.46024305691316914	1.0
0.46215224250531683	1.0
0.46406142809746453	0.9999999999999999
0.46597061368961223	0.9999999999999999
0.4678797992817599	0.9999999999999998
0.4697889848739076	0.9999999999999997
0.4716981704660553	0.9999999999999997
0.473607356058203	0.9999999999999996
0.4755165416503507	0.9999999999999996
0.4774257272424984	0.9999999999999997
0.4793349128346461	0.9999999999999997
0.4812440984267938	0.9999999999999998
0.4831532840189414	0.9999999999999998
0.4850624696110891	0.9999999999999999
0.4869716552032368	0.9999999999999999
0.4888808407953845	1.0
0.4907900263875322	1.0
0.4926992119796799	1.0000000000000002
0.4946083975718276	1.0000000000000002
0.49651758316397526	1.0000000000000002
0.49842676875612296	1.0000000000000002
0.5003359543482707	1.0000000000000002
0.5022451399404184	1.0000000000000002
0.504154325532566	1.0000000000000002
0.5060635111247137	1.0000000000000002
0.5079726967168614	1.0000000000000002
0.5098818823090091	1.0
0.5117910679011568	1.0
0.5137002534933045	1.0
0.5156094390854522	1.0
0.5175186246775999	1.0
0.5194278102697476	1.0
0.5213369958618953	1.0
0.523246181454043	1.0
0.5251553670461907	1.0
0.5270645526383384	1.0
0.5289737382304861	1.0
0.5308829238226338	1.0
0.5327921094147814	1.0
0.5347012950069291	1.0
0.5366104805990768	1.0000000000000002
0.5385196661912245	1.0000000000000002
0.5404288517833722	1.0000000000000002
0.5423380373755199	1.0000000000000002
0.5442472229676676	1.0000000000000002
0.5461564085598153	1.0000000000000002
0.548065594151963	1.0000000000000002
0.5499747797441107	1.0000000000000002
0.5518839653362584	1.0000000000000002
0.5537931509284061	1.0000000000000002
0.5557023365205538	1.0000000000000002
0.5576115221127015	1.0000000000000002
0.5595207077048492	1.0000000000000002
0.5614298932969968	1.0000000000000002
0.5633390788891445	1.0000000000000002
0.5652482644812922	1.0000000000000002
0.5671574500734399	1.0000000000000002
0.5690666356655876	1.0000000000000002
0.5709758212577353	1.0000000000000002
0.572885006849883	1.0000000000000002
0.5747941924420307	1.0000000000000002
0.5767033780341784	1.0000000000000002
0.5786125636263261	1.0000000000000002
0.5805217492184738	1.0000000000000002
0.5824309348106215	1.0000000000000002
0.5843401204027692	1.0000000000000002
0.5862493059949169	1.0000000000000002
0.5881584915870646	1.0000000000000002
0.5900676771792122	1.0000000000000002
0.5919768627713599	1.0000000000000004
0.5938860483635076	1.0000000000000004
0.5957952339556553	1.0000000000000004
0.597704419547803	1.0000000000000004
0.5996136051399507	1.0000000000000004
0.6015227907320984	1.0000000000000004
0.603431976324246	1.0000000000000004
0.6053411619163938	1.0000000000000004
0.6072503475085415	1.0000000000000004
0.6091595331006892	1.0000000000000004
0.6110687186928369	1.0000000000000004
0.6129779042849846	1.0000000000000007
0.6148870898771323	1.0000000000000007
0.61679627546928	1.0000000000000007
0.6187054610614275	1.0000000000000007
0.6206146466535752	1.0000000000000007
0.6225238322457229	1.0000000000000007
0.6244330178378706	1.0000000000000007
0.6263422034300183	1.0000000000000004
0.628251389022166	1.0000000000000004
0.6301605746143137	1.0000000000000004
0.6320697602064614	1.0000000000000002
0.6339789457986091	1.0000000000000002
0.6358881313907568	1.0000000000000002
0.6377973169829045	1.0000000000000002
0.6397065025750522	1.0
0.6416156881671999	1.0
0.6435248737593476	0.9999999999999999
0.6454340593514953	0.9999999999999999
0.6473432449436429	0.9999999999999998
0.6492524305357906	0.9999999999999998
0.6511616161279383	0.9999999999999997
0.653070801720086	0.9999999999999996
0.6549799873122337	0.9999999999999996
0.6568891729043814	0.9999999999999994
0.6587983584965291	0.9999999999999994
0.6607075440886768	0.9999999999999993
0.6626167296808245	0.9999999999999993
0.6645259152729722	0.9999999999999992
0.6664351008651199	0.9999999999999992
0.6683442864572676	0.9999999999999991
0.6702534720494153	0.999999999999999
0.672162657641563	0.999999999999999
0.6740718432337107	0.999999999999999
0.6759810288258583	0.999999999999999
0.677890214418006	0.9999999999999991
0.6797994000101537	0.9999999999999991
0.6817085856023014	0.9999999999999991
0.6836177711944491	0.9999999999999991
0.6855269567865968	0.9999999999999991
0.6874361423787445	0.9999999999999992
0.6893453279708922	0.9999999999999992
0.6912545135630399	0.9999999999999992
0.6931636991551876	0.9999999999999992
0.6950728847473353	0.9999999999999992
0.696982070339483	0.9999999999999993
0.6988912559316307	0.9999999999999993
0.7008004415237784	0.9999999999999993
0.7027096271159261	0.9999999999999993
0.7046188127080737	0.9999999999999993
0.7065279983002214	0.9999999999999994
0.7084371838923691	0.9999999999999994
0.7103463694845168	0.9999999999999994
0.7122555550766645	0.9999999999999994
0.7141647406688122	0.9999999999999994
0.7160739262609599	0.9999999999999996
0.7179831118531076	0.9999999999999996
0.7198922974452553	0.9999999999999996
0.721801483037403	0.9999999999999996
0.7237106686295507	0.9999999999999996
0.7256198542216984	0.9999999999999996
0.7275290398138461	0.9999999999999997
0.7294382254059938	0.9999999999999997
0.7313474109981415	0.9999999999999997
0.7332565965902891	0.9999999999999997
0.7351657821824368	0.9999999999999997
0.7370749677745845	0.9999999999999998
0.7389841533667322	0.9999999999999998
0.7408933389588799	0.9999999999999998
0.7428025245510276	0.9999999999999998
0.7447117101431753	0.9999999999999998
0.746620895735323	0.9999999999999998
0.7485300813274707	0.9999999999999998
0.7504392669196184	0.9999999999999998
0.7523484525117661	0.9999999999999998
0.7542576381039138	0.9999999999999998
0.7561668236960615	0.9999999999999998
0.7580760092882092	0.9999999999999998
0.7599851948803569	0.9999999999999998
0.7618943804725046	0.9999999999999998
0.7638035660646522	0.9999999999999998
0.7657127516567999	0.9999999999999998
0.7676219372489476	0.9999999999999999
0.7695311228410953	0.9999999999999999
0.771440308433243	0.9999999999999999
0.7733494940253907	0.9999999999999999
0.7752586796175384	0.9999999999999999
0.7771678652096861	0.9999999999999999
0.7790770508018338	0.9999999999999999
0.7809862363939815	0.9999999999999999
0.7828954219861292	0.9999999999999999
0.7848046075782769	0.9999999999999999
0.7867137931704246	0.9999999999999999
0.7886229787625723	0.9999999999999999
0.79053216435472	0.9999999999999999
0.7924413499468675	0.9999999999999999
0.7943505355390152	0.9999999999999999
0.796259721131163	0.9999999999999999
0.7981689067233106	0.9999999999999999
0.8000780923154583	0.9999999999999999
0.801987277907606	0.9999999999999999
0.8038964634997537	0.9999999999999999
0.8058056490919014	0.9999999999999999
0.8077148346840491	0.9999999999999999
0.8096240202761968	0.9999999999999999
0.8115332058683445	0.9999999999999999
0.8134423914604922	0.9999999999999999
0.8153515770526399	0.9999999999999999
0.8172607626447876	0.9999999999999999
0.8191699482369353	1.0
0.8210791338290829	1.0
0.8229883194212306	1.0
0.8248975050133783	1.0
0.826806690605526	1.0
0.8287158761976737	1.0
0.8306250617898214	1.0
0.8325342473819691	1.0
0.8344434329741168	1.0
0.8363526185662645	1.0
0.8382618041584122	1.0
0.8401709897505599	1.0
0.8420801753427076	1.0
0.8439893609348553	1.0
0.845898546527003	1.0
0.8478077321191507	1.0
0.8497169177112983	1.0
0.851626103303446	1.0
0.8535352888955937	1.0
0.8554444744877414	1.0
0.8573536600798891	1.0
0.8592628456720368	1.0
0.8611720312641845	1.0
0.8630812168563322	1.0
0.8649904024484799	1.0
0.8668995880406276	1.0
0.8688087736327753	1.0
0.870717959224923	1.0
0.8726271448170707	1.0
0.8745363304092184	1.0
0.8764455160013661	1.0
0.8783547015935137	1.0
0.8802638871856614	1.0
0.8821730727778091	1.0
0.8840822583699568	1.0
0.8859914439621045	1.0
0.8879006295542522	1.0
0.8898098151463999	1.0
0.8917190007385476	1.0
0.8936281863306953	1.0
0.895537371922843	1.0
0.8974465575149907	1.0
0.8993557431071384	1.0
0.9012649286992861	1.0
0.9031741142914338	1.0
0.9050832998835815	1.0
0.9069924854757291	1.0
0.9089016710678768	1.0
0.9108108566600245	1.0
0.9127200422521722	1.0
0.9146292278443199	1.0
0.9165384134364676	1.0
0.9184475990286153	1.0
0.920356784620763	1.0
0.9222659702129107	1.0
0.9241751558050584	1.0
0.9260843413972061	1.0
0.9279935269893538	1.0
0.9299027125815015	1.0
0.9318118981736492	1.0
0.9337210837657969	1.0
0.9356302693579445	1.0
0.9375394549500922	1.0
0.9394486405422399	1.0
0.9413578261343876	1.0
0.9432670117265353	1.0
0.945176197318683	1.0
0.9470853829108307	1.0
0.9489945685029784	1.0
0.9509037540951261	1.0
0.9528129396872738	1.0
0.9547221252794215	1.0
0.9566313108715692	1.0
0.9585404964637169	1.0
0.9604496820558646	1.0
0.9623588676480123	1.0
0.9642680532401599	1.0
0.9661772388323075	1.0
0.9680864244244552	1.0
0.969995610016603	1.0
0.9719047956087506	1.0
0.9738139812008983	1.0
0.975723166793046	1.0
0.9776323523851937	1.0
0.9795415379773414	1.0
0.9814507235694891	1.0
0.9833599091616368	1.0
0.9852690947537845	1.0
0.9871782803459322	1.0
0.98908746593808	1.0
0.9909966515302276	1.0
0.9929058371223752	1.0
0.9948150227145229	1.0
0.9967242083066706	1.0
0.9986333938988183	1.0
1.0005425794909661	1.0
1.0024517650831137	1.0
1.0043609506752615	1.0
1.0062701362674091	1.0
1.0081793218595567	1.0
1.0100885074517045	1.0
1.0119976930438521	1.0
1.013906878636	1.0
