0.0001249688507883	1.0000000000000018
0.0020170430118390684	0.9999999999999983
0.003909117172889836	1.0000000000000009
0.005801191333940604	1.0000000000000002
0.007693265494991373	1.0000000000000009
0.009585339656042142	1.0000000000000004
0.01147741381709291	0.9999999999999999
0.013369487978143678	1.0
0.015261562139194447	0.9999999999999999
0.017153636300245214	0.9999999999999973
0.019045710461295984	0.999999999999998
0.02093778462234675	0.9999999999999988
0.02282985878339752	1.0000000000000016
0.02472193294444829	0.9999999999999998
0.026614007105499056	0.9999999999999996
0.028506081266549826	0.9999506033516151
0.030398155427600593	1.0000021056400306
0.03229022958865136	0.9991564960077765
0.034182303749702124	0.9890998070563529
0.036074377910752894	0.9722354601896117
0.037966452071803665	0.9537723549579578
0.03985852623285443	0.937821911651705
0.0417506003939052	0.9271755846882094
0.04364267455495597	0.9234048589149686
0.04553474871600673	0.9271021562187297
0.0474268228770575	0.938012602636228
0.049318897038108274	0.9554867116096736
0.051210971199159044	0.9785663316345963
0.05310304536020981	1.0059512287560763
0.05499511952126058	1.035972471499599
0.05688719368231135	1.0660709372986883
0.05877926784336211	1.0937548832382649
0.06067134200441288	1.1167295614813297
0.06256341616546365	1.1329650380072411
0.06445549032651443	1.1411469940964072
0.0663475644875652	1.1409266209152864
0.06823963864861596	1.1327009218300252
0.07013171280966674	1.11649084758603
0.0720237869707175	1.0911491836486822
0.07391586113176826	1.0612786836416561
0.07580793529281904	1.0278489170197023
0.0777000094538698	0.991552801602137
0.07959208361492057	0.9558242174390452
0.08148415777597134	0.9216308454615625
0.08337623193702211	0.8910628382724763
0.08526830609807287	0.8670818922757263
0.08716038025912365	0.8481583003943692
0.08905245442017441	0.836104166257446
0.09094452858122518	0.8338256612394808
0.09283660274227595	0.8374861511329749
0.09472867690332672	0.8480998461515127
0.0966207510643775	0.8679796033913817
0.09851282522542826	0.892290875400591
0.10040489938647902	0.9212272177848682
0.1022969735475298	0.9549920206484607
0.10418904770858056	0.9895923762940702
0.10608112186963133	1.024851942888629
0.1079731960306821	1.0573209163922044
0.10986527019173287	1.0864102332528014
0.11175734435278363	1.1119921038293776
0.11364941851383441	1.12842928972286
0.11554149267488517	1.138606821711837
0.11743356683593593	1.1429139233136092
0.11932564099698671	1.136625522842611
0.12121771515803748	1.1241811909004347
0.12310978931908824	1.1066739972833726
0.125001863480139	1.0822517392364324
0.12689393764118978	1.0548527732231558
0.12878601180224056	1.0255992727057541
0.1306780859632913	0.9953910048027469
0.13257016012434208	0.9665839513209541
0.13446223428539286	0.9393519012272727
0.1363543084464436	0.9157440156068198
0.1382463826074944	0.8968116046806234
0.14013845676854517	0.8815552341931185
0.14203053092959592	0.8721446739874763
0.1439226050906467	0.869102686309819
0.14581467925169747	0.8703643260348354
0.14770675341274822	0.8774935712049206
0.149598827573799	0.8906094151844932
0.15149090173484978	0.9071051592325249
0.15338297589590053	0.9275967450613888
0.1552750500569513	0.9513419044528164
0.15716712421800208	0.9762805301494488
0.15905919837905283	1.0022636434200818
0.1609512725401036	1.0267455462905117
0.16284334670115438	1.0493586475318764
0.16473542086220513	1.0695518780548123
0.1666274950232559	1.0841325466511378
0.1685195691843067	1.0950222685762896
0.17041164334535744	1.101935005611969
0.17230371750640822	1.1014604449714278
0.174195791667459	1.097298063845722
0.17608786582850974	1.0894807732944216
0.17797993998956052	1.0759910260735048
0.1798720141506113	1.0603957402080408
0.18176408831166205	1.0428624333672012
0.18365616247271283	1.0235603650127774
0.1855482366337636	1.004386761509589
0.18744031079481438	0.985494169732025
0.18933238495586513	0.9683475611498084
0.1912244591169159	0.9531535726936581
0.19311653327796668	0.9397405394340325
0.19500860743901743	0.9298902145512786
0.1969006816000682	0.9231857399953798
0.198792755761119	0.9190172189076078
0.20068482992216974	0.9189919273688968
0.20257690408322052	0.9223960422210442
0.2044689782442713	0.928223547156636
0.20636105240532204	0.9374181311732279
0.20825312656637282	0.949076011565955
0.2101452007274236	0.9621120432736648
0.21203727488847435	0.9766087104189716
0.21392934904952512	0.9914104339676765
0.2158214232105759	1.005934936931685
0.21771349737162665	1.0196284084677025
0.21960557153267743	1.031361629084766
0.2214976456937282	1.041546828193301
0.22338971985477896	1.049585252816145
0.22528179401582973	1.0542921474952918
0.2271738681768805	1.0569149310439012
0.22906594233793126	1.0570478632000488
0.23095801649898204	1.0536913694914016
0.23285009066003282	1.0485770070571758
0.23474216482108357	1.0415887302284534
0.23663423898213434	1.0323595391443123
0.23852631314318512	1.0224218609541948
0.24041838730423587	1.011820330910747
0.24231046146528665	1.001186168873015
0.24420253562633742	0.9910771531898828
0.24609460978738817	0.9815265484413955
0.24798668394843895	0.9736686446439716
0.24987875810948973	0.9670588396702482
0.2517708322705405	0.9616491169696028
0.25366290643159123	0.9586200334034467
0.255554980592642	0.9571633445615734
0.2574470547536928	0.9570740914716598
0.25933912891474353	0.959231482720147
0.2612312030757943	0.9628035248358815
0.2631232772368451	0.9674623408823917
0.26501535139789584	0.9735997441489511
0.2669074255589466	0.980489935570918
0.2687994997199974	0.9878101084872474
0.27069157388104814	0.995411131594673
0.2725836480420989	1.002680400475023
0.2744757222031497	1.00955814683919
0.27636779636420045	1.0156001232595457
0.2782598705252512	1.0204646780227742
0.280151944686302	1.0244373108214038
0.28204401884735275	1.027074753930644
0.2839360930084035	1.0281471799509334
0.2858281671694543	1.0282278558304658
0.28772024133050506	1.027036223897466
0.2896123154915558	1.024481331219609
0.2915043896526066	1.0212217471229585
0.29339646381365736	1.0171733226662643
0.2952885379747081	1.0124433797005583
0.2971806121357589	1.0075199985186127
0.29907268629680966	1.0024446601565107
0.3009647604578604	0.9976243697758255
0.3028568346189112	0.9931271002599026
0.30474890877996197	0.989007340914597
0.3066409829410127	0.985825394941392
0.3085330571020635	0.9832492209963395
0.3104251312631143	0.9812866758525058
0.312317205424165	0.9805993043400979
0.31420927958521583	0.9805720650113624
0.3161013537462666	0.981189830085641
0.3179934279073173	0.9828588778207749
0.31988550206836813	0.9850159450913468
0.3217775762294189	0.9875927258554439
0.32366965039046963	0.9906724144410108
0.32556172455152044	0.9938854065509096
0.3274537987125712	0.9971683345976786
0.32934587287362194	1.0003487585305237
0.33123794703467274	1.003271390026232
0.3331300211957235	1.0059585078106763
0.33502209535677424	1.0081761132970957
0.33691416951782505	1.0099073168904091
0.3388062436788758	1.011255110042775
0.34069831783992655	1.011984908100879
0.34259039200097735	1.0121242447180328
0.3444824661620281	1.0118593717774618
0.34637454032307885	1.011037822958749
0.34826661448412966	1.0097372428385571
0.3501586886451804	1.0081696809590623
0.35205076280623115	1.0062973725831779
0.35394283696728196	1.004250147776633
0.3558349111283327	1.0021654431002929
0.35772698528938346	1.0000843726925002
0.35961905945043426	0.9981736674062666
0.361511133611485	0.9964065445856943
0.36340320777253576	0.9948288546449228
0.36529528193358657	0.9935965767314004
0.3671873560946373	0.9925885546107447
0.3690794302556881	0.9918369383312531
0.3709715044167389	0.9915426990903399
0.3728635785777896	0.9915062153106238
0.37475565273884043	0.9917371255241861
0.3766477268998912	0.9924278047877956
0.3785398010609419	0.9933212687430811
0.38043187522199273	0.9944131712785071
0.3823239493830435	0.9957619136038773
0.38421602354409423	0.9971685979543488
0.38610809770514504	0.9986198688523134
0.3880001718661958	1.000012566234579
0.38989224602724654	1.0012901013241073
0.39178432018829734	1.0024574680530833
0.3936763943493481	1.0033838251439624
0.39556846851039884	1.0041153453239346
0.39746054267144965	1.0046819641848264
0.3993526168325004	1.0049661568553194
0.40124469099355115	1.0050279244868736
0.40313676515460195	1.004919474488733
0.4050288393156527	1.0045545404990839
0.40692091347670345	1.003997210225778
0.40881298763775425	1.003315728207728
0.410705061798805	1.0024826642278515
0.41259713595985575	1.001578374748586
0.41448921012090656	1.000659104131876
0.4163812842819573	0.9997632685236174
0.41827335844300806	0.9989782300177669
0.42016543260405886	0.9982848463700178
0.4220575067651096	0.9977290597050574
0.42394958092616036	0.9973629038940892
0.42584165508721117	0.9971152339835331
0.4277337292482619	0.9970146225033631
0.42962580340931267	0.997087366090427
0.4315178775703635	0.9972473591003234
0.4334099517314142	0.9975028262865548
0.43530202589246497	0.9978590544110396
0.4371941000535158	0.9982489273051445
0.4390861742145665	0.9986702757912511
0.4409782483756173	0.9990875634229749
0.4428703225366681	0.9994665383134997
0.44476239669771883	0.9998038145534517
0.4466544708587696	0.9999808515995989
0.4485465450198204	1.0000427691910418
0.45043861918087114	0.9999999999999998
0.4523306933419219	1.0
0.4542227675029727	1.0000000000000004
0.45611484166402344	1.0000000000000009
0.4580069158250742	1.0000000000000004
0.459898989986125	1.0000000000000002
0.46179106414717574	1.0000000000000002
0.4636831383082265	1.0000000000000002
0.4655752124692773	1.0000000000000002
0.46746728663032805	1.0000000000000002
0.4693593607913788	1.0
0.4712514349524296	1.0
0.47314350911348035	1.0
0.4750355832745311	1.0
0.4769276574355819	1.0
0.47881973159663266	1.0
0.4807118057576834	1.0
0.4826038799187342	0.9999999999999999
0.48449595407978496	0.9999999999999999
0.4863880282408357	0.9999999999999999
0.4882801024018865	0.9999999999999998
0.49017217656293727	0.9999999999999998
0.492064250723988	0.9999999999999998
0.4939563248850388	0.9999999999999997
0.49584839904608957	0.9999999999999997
0.4977404732071403	0.9999999999999997
0.4996325473681911	0.9999999999999996
0.5015246215292419	0.9999999999999996
0.5034166956902927	0.9999999999999996
0.5053087698513434	0.9999999999999997
0.5072008440123942	0.9999999999999997
0.5090929181734449	0.9999999999999997
0.5109849923344957	0.9999999999999998
0.5128770664955465	0.9999999999999998
0.5147691406565973	0.9999999999999998
0.516661214817648	0.9999999999999999
0.5185532889786988	0.9999999999999999
0.5204453631397495	0.9999999999999999
0.5223374373008003	0.9999999999999999
0.5242295114618511	1.0
0.5261215856229019	1.0
0.5280136597839526	1.0
0.5299057339450034	1.0
0.5317978081060541	1.0
0.5336898822671049	1.0
0.5355819564281558	1.0
0.5374740305892065	1.0
0.5393661047502573	1.0
0.541258178911308	0.9999999999999999
0.5431502530723588	0.9999999999999999
0.5450423272334095	0.9999999999999999
0.5469344013944604	0.9999999999999999
0.5488264755555111	0.9999999999999999
0.5507185497165619	0.9999999999999999
0.5526106238776126	0.9999999999999999
0.5545026980386634	0.9999999999999999
0.5563947721997141	1.0
0.558286846360765	1.0
0.5601789205218157	1.0
0.5620709946828665	1.0000000000000002
0.5639630688439172	1.0000000000000002
0.565855143004968	1.0000000000000002
0.5677472171660187	1.0000000000000002
0.5696392913270696	1.0000000000000004
0.5715313654881203	1.0000000000000004
0.5734234396491711	1.0000000000000004
0.5753155138102218	1.0000000000000004
0.5772075879712726	1.0000000000000007
0.5790996621323233	1.0000000000000007
0.5809917362933742	1.0000000000000007
0.5828838104544249	1.0000000000000009
0.5847758846154757	1.0000000000000009
0.5866679587765264	1.0000000000000009
0.5885600329375772	1.0000000000000009
0.5904521070986279	1.0000000000000007
0.5923441812596788	1.0000000000000007
0.5942362554207296	1.0000000000000007
0.5961283295817803	1.0000000000000007
0.598020403742831	1.0000000000000004
0.5999124779038818	1.0000000000000004
0.6018045520649326	1.0000000000000004
0.6036966262259834	1.0000000000000002
0.6055887003870342	1.0000000000000002
0.6074807745480849	1.0000000000000002
0.6093728487091357	1.0000000000000002
0.6112649228701864	1.0
0.6131569970312372	1.0
0.615049071192288	0.9999999999999999
0.6169411453533388	0.9999999999999999
0.6188332195143895	0.9999999999999998
0.6207252936754403	0.9999999999999998
0.622617367836491	0.9999999999999997
0.6245094419975418	0.9999999999999996
0.6264015161585926	0.9999999999999996
0.6282935903196434	0.9999999999999996
0.6301856644806941	0.9999999999999997
0.6320777386417449	0.9999999999999997
0.6339698128027956	0.9999999999999997
0.6358618869638464	0.9999999999999998
0.6377539611248972	0.9999999999999998
0.639646035285948	0.9999999999999998
0.6415381094469987	0.9999999999999998
0.6434301836080495	0.9999999999999999
0.6453222577691002	0.9999999999999999
0.647214331930151	0.9999999999999999
0.6491064060912018	1.0
0.6509984802522526	1.0
0.6528905544133033	1.0
0.6547826285743541	1.0
0.6566747027354048	1.0
0.6585667768964556	1.0000000000000002
0.6604588510575065	1.0000000000000002
0.6623509252185572	1.0000000000000002
0.664242999379608	1.0000000000000002
0.6661350735406587	1.0000000000000002
0.6680271477017095	1.0000000000000002
0.6699192218627602	1.0000000000000002
0.6718112960238111	1.0000000000000004
0.6737033701848618	1.0000000000000004
0.6755954443459126	1.0000000000000004
0.6774875185069633	1.0000000000000004
0.6793795926680141	1.0000000000000004
0.6812716668290648	1.0000000000000004
0.6831637409901157	1.0000000000000004
0.6850558151511664	1.0000000000000004
0.6869478893122172	1.0000000000000004
0.6888399634732679	1.0000000000000004
0.6907320376343187	1.0000000000000004
0.6926241117953694	1.0000000000000004
0.6945161859564203	1.0000000000000004
0.696408260117471	1.0000000000000004
0.6983003342785218	1.0000000000000004
0.7001924084395725	1.0000000000000004
0.7020844826006233	1.0000000000000004
0.703976556761674	1.0000000000000004
0.7058686309227249	1.0000000000000004
0.7077607050837756	1.0000000000000004
0.7096527792448264	1.0000000000000004
0.7115448534058771	1.0000000000000002
0.7134369275669279	1.0000000000000002
0.7153290017279786	1.0000000000000002
0.7172210758890295	1.0000000000000002
0.7191131500500803	1.0000000000000002
0.721005224211131	1.0000000000000002
0.7228972983721818	1.0000000000000002
0.7247893725332325	1.0000000000000002
0.7266814466942833	1.0000000000000002
0.7285735208553341	1.0000000000000002
0.7304655950163849	1.0000000000000002
0.7323576691774356	1.0000000000000002
0.7342497433384864	1.0000000000000002
0.7361418174995371	1.0000000000000002
0.738033891660588	1.0000000000000002
0.7399259658216387	1.0000000000000002
0.7418180399826895	1.0000000000000002
0.7437101141437402	1.0000000000000002
0.745602188304791	1.0000000000000002
0.7474942624658417	1.0000000000000002
0.7493863366268926	1.0000000000000002
0.7512784107879433	1.0000000000000002
0.7531704849489941	1.0000000000000002
0.7550625591100448	1.0000000000000002
0.7569546332710956	1.0000000000000002
0.7588467074321463	1.0000000000000002
0.7607387815931972	1.0
0.7626308557542479	1.0
0.7645229299152987	1.0
0.7664150040763494	1.0
0.7683070782374002	1.0
0.7701991523984509	1.0
0.7720912265595018	1.0
0.7739833007205525	1.0
0.7758753748816033	1.0
0.777767449042654	1.0
0.7796595232037048	1.0
0.7815515973647555	1.0
0.7834436715258064	0.9999999999999999
0.7853357456868572	0.9999999999999999
0.7872278198479079	0.9999999999999999
0.7891198940089587	0.9999999999999999
0.7910119681700094	0.9999999999999999
0.7929040423310602	0.9999999999999999
0.794796116492111	0.9999999999999999
0.7966881906531618	0.9999999999999998
0.7985802648142125	0.9999999999999998
0.8004723389752633	0.9999999999999998
0.802364413136314	0.9999999999999998
0.8042564872973648	0.9999999999999998
0.8061485614584156	0.9999999999999998
0.8080406356194664	0.9999999999999998
0.8099327097805171	0.9999999999999998
0.8118247839415679	0.9999999999999997
0.8137168581026186	0.9999999999999997
0.8156089322636694	0.9999999999999997
0.8175010064247202	0.9999999999999997
0.819393080585771	0.9999999999999997
0.8212851547468217	0.9999999999999997
0.8231772289078725	0.9999999999999997
0.8250693030689232	0.9999999999999997
0.826961377229974	0.9999999999999996
0.8288534513910248	0.9999999999999996
0.8307455255520756	0.9999999999999996
0.8326375997131263	0.9999999999999996
0.8345296738741771	0.9999999999999996
0.8364217480352278	0.9999999999999996
0.8383138221962786	0.9999999999999996
0.8402058963573295	0.9999999999999996
0.8420979705183802	0.9999999999999994
0.843990044679431	0.9999999999999994
0.8458821188404817	0.9999999999999994
0.8477741930015325	0.9999999999999994
0.8496662671625832	0.9999999999999994
0.8515583413236341	0.9999999999999994
0.8534504154846848	0.9999999999999994
0.8553424896457356	0.9999999999999994
0.8572345638067863	0.9999999999999994
0.8591266379678371	0.9999999999999994
0.8610187121288878	0.9999999999999994
0.8629107862899387	0.9999999999999994
0.8648028604509894	0.9999999999999994
0.8666949346120402	0.9999999999999994
0.8685870087730909	0.9999999999999994
0.8704790829341417	0.9999999999999994
0.8723711570951924	0.9999999999999994
0.8742632312562433	0.9999999999999994
0.876155305417294	0.9999999999999996
0.8780473795783448	0.9999999999999996
0.8799394537393955	0.9999999999999996
0.8818315279004463	0.9999999999999996
0.883723602061497	0.9999999999999996
0.8856156762225479	0.9999999999999996
0.8875077503835986	0.9999999999999996
0.8893998245446494	0.9999999999999996
0.8912918987057001	0.9999999999999996
0.8931839728667509	0.9999999999999996
0.8950760470278016	0.9999999999999996
0.8969681211888525	0.9999999999999996
0.8988601953499032	0.9999999999999996
0.900752269510954	0.9999999999999996
0.9026443436720047	0.9999999999999996
0.9045364178330555	0.9999999999999996
0.9064284919941062	0.9999999999999996
0.9083205661551571	0.9999999999999996
0.9102126403162079	0.9999999999999996
0.9121047144772586	0.9999999999999996
0.9139967886383094	0.9999999999999996
0.9158888627993601	0.9999999999999996
0.9177809369604109	0.9999999999999996
0.9196730111214617	0.9999999999999996
0.9215650852825125	0.9999999999999996
0.9234571594435632	0.9999999999999996
0.925349233604614	0.9999999999999996
0.9272413077656647	0.9999999999999996
0.9291333819267155	0.9999999999999996
0.9310254560877663	0.9999999999999997
0.9329175302488171	0.9999999999999997
0.9348096044098678	0.9999999999999997
0.9367016785709186	0.9999999999999997
0.9385937527319693	0.9999999999999997
0.9404858268930201	0.9999999999999997
0.9423779010540709	0.9999999999999997
0.9442699752151217	0.9999999999999997
0.9461620493761724	0.9999999999999997
0.9480541235372232	0.9999999999999997
0.9499461976982739	0.9999999999999997
0.9518382718593247	0.9999999999999997
0.9537303460203755	0.9999999999999997
0.9556224201814263	0.9999999999999997
0.957514494342477	0.9999999999999997
0.9594065685035278	0.9999999999999997
0.9612986426645785	0.9999999999999997
0.9631907168256293	0.9999999999999997
0.9650827909866802	0.9999999999999997
0.9669748651477309	0.9999999999999997
0.9688669393087816	0.9999999999999997
0.9707590134698324	0.9999999999999997
0.9726510876308831	0.9999999999999997
0.974543161791934	0.9999999999999997
0.9764352359529848	0.9999999999999997
0.9783273101140355	0.9999999999999997
0.9802193842750863	0.9999999999999997
0.982111458436137	0.9999999999999997
0.9840035325971878	0.9999999999999997
0.9858956067582386	0.9999999999999997
0.9877876809192894	0.9999999999999998
0.9896797550803401	0.9999999999999998
0.9915718292413909	0.9999999999999998
0.9934639034024416	0.9999999999999998
0.9953559775634924	0.9999999999999998
0.9972480517245432	0.9999999999999998
0.999140125885594	0.9999999999999998
1.0010322000466447	0.9999999999999998
1.0029242742076956	0.9999999999999998
1.0048163483687462	0.9999999999999998
1.006708422529797	0.9999999999999998
1.0086004966908477	0.9999999999999998
1.0104925708518986	0.9999999999999998
1.0123846450129492	0.9999999999999998
1.014276719174	0.9999999999999998
