0.0003653988748633	1.0000000000000002
0.0020341806034805065	0.9999999999999999
0.003702962332097713	1.0000000000000007
0.0053717440607149195	1.0000000000000018
0.0070405257893321254	0.9999999999999964
0.00870930751794933	1.0000000000000009
0.010378089246566538	1.000000000000001
0.012046870975183744	0.9999999999999998
0.01371565270380095	1.0000000000000013
0.015384434432418156	0.9999999999999977
0.01705321616103536	1.0000000000000007
0.018721997889652568	1.0000000000000016
0.020390779618269777	0.9999999999999979
0.022059561346886983	1.0000000000000013
0.02372834307550419	1.0000000000000016
0.025397124804121395	0.9999999999999986
0.0270659065327386	1.0000000000000033
0.028734688261355806	0.9999417097585344
0.030403469989973012	0.9999526702128045
0.032072251718590225	0.9999857991683271
0.03374103344720743	1.0000033517207843
0.03540981517582464	1.0000029874124279
0.03707859690444184	1.0000001973383177
0.03874737863305905	1.0000011321406193
0.04041616036167626	0.9999996130358431
0.04208494209029346	0.9999984624724176
0.04375372381891067	0.9999990431745843
0.04542250554752787	0.9994366271408818
0.04709128727614508	0.9979831719199009
0.048760069004762284	0.9959520184920169
0.05042885073337949	0.9936230225473087
0.052097632461996696	0.9912545770127318
0.053766414190613905	0.9890610958495694
0.055435195919231114	0.9872167293353655
0.05710397764784832	0.9858747786950728
0.058772759376465526	0.9851225603712026
0.06044154110508273	0.9850360757731025
0.06211032283369994	0.9856706536297378
0.06377910456231714	0.9870090999810517
0.06544788629093434	0.989057679980978
0.06711666801955155	0.9917633219680221
0.06878544974816876	0.9951332955495751
0.07045423147678596	0.9990555513582896
0.07212301320540317	1.0034988660561825
0.07379179493402037	1.0083103450288011
0.07546057666263759	1.0132576279854626
0.07712935839125479	1.0181151927433005
0.07879814011987199	1.0227252766414279
0.0804669218484892	1.0270686572499446
0.08213570357710641	1.030560946139646
0.08380448530572361	1.0335358011723335
0.08547326703434081	1.0357772064010813
0.08714204876295803	1.0369473495565076
0.08881083049157523	1.037602341568751
0.09047961222019243	1.0368179074830246
0.09214839394880964	1.0356903249859617
0.09381717567742685	1.0330851187563224
0.09548595740604406	1.0301855516250227
0.09715473913466126	1.0260902345255325
0.09882352086327847	1.021657881724512
0.10049230259189568	1.016494408540122
0.10216108432051288	1.0109700515429703
0.10382986604913008	1.0051763285762738
0.1054986477777473	0.999134592607484
0.1071674295063645	0.9931460525058632
0.1088362112349817	0.9872576732465289
0.11050499296359892	0.9815031650641275
0.11217377469221612	0.9764655315583072
0.11384255642083332	0.9714278980524869
0.11551133814945053	0.9677561080328708
0.11718011987806774	0.964144181241768
0.11884890160668495	0.9618940740263502
0.12051768333530215	0.9600916320928903
0.12218646506391936	0.9593703556313072
0.12385524679253657	0.9595572914003608
0.1255240285211538	0.9603899882654053
0.127192810249771	0.9625216184447887
0.1288615919783882	0.9648556992863316
0.1305303737070054	0.9686847654190202
0.1321991554356226	0.9725138315517087
0.1338679371642398	0.9774924238004558
0.135536718892857	0.9825908053611322
0.13720550062147424	0.988180889428994
0.13887428235009144	0.9939903707263515
0.14054306407870865	0.9998348586851229
0.14221184580732585	1.005717730471092
0.14388062753594305	1.011456009982853
0.14554940926456025	1.0167876785882466
0.14721819099317746	1.0220665881256907
0.14888697272179469	1.0262882443778867
0.1505557544504119	1.0305099006300826
0.1522245361790291	1.0334537283833323
0.1538933179076463	1.0361407577598762
0.1555620996362635	1.0377227168900696
0.1572308813648807	1.038620883620795
0.1588996630934979	1.0387778632522564
0.16056844482211513	1.0378359690026162
0.16223722655073233	1.0365763811647557
0.16390600827934954	1.0339431962875973
0.16557479000796674	1.0313100114104388
0.16724357173658394	1.0273494835732044
0.16891235346520114	1.023351929725677
0.17058113519381835	1.0186711711865613
0.17224991692243555	1.0137721413989427
0.17391869865105278	1.0086796698683107
0.17558748037966998	1.003424313257543
0.17725626210828718	0.9982344539407491
0.17892504383690438	0.9931788601556091
0.1805938255655216	0.9881997356105469
0.1822626072941388	0.9838216492786807
0.183931389022756	0.9794435629468146
0.18560017075137322	0.9760235025165096
0.18726895247999042	0.9727124293710911
0.18893773420860763	0.970318767369912
0.19060651593722483	0.9683512109001914
0.19227529766584203	0.9670791714551368
0.19394407939445923	0.9665983169375828
0.19561286112307644	0.9664931811394245
0.19728164285169367	0.967498527252548
0.19895042458031087	0.9685548306791208
0.20061920630892807	0.9709089134005843
0.20228798803754527	0.9732629961220476
0.20395676976616248	0.9765518853304175
0.20562555149477968	0.9800421577300104
0.20729433322339688	0.9839867377539263
0.2089631149520141	0.9882245617708426
0.21063189668063131	0.9925657264173543
0.21230067840924852	0.9970667065991887
0.21396946013786572	1.0015295039103342
0.21563824186648292	1.005815568394242
0.21730702359510012	1.0101016328781498
0.21897580532371733	1.0137934671628501
0.22064458705233456	1.0174622329030547
0.22231336878095176	1.0204265658995186
0.22398215050956896	1.0231530644442104
0.22565093223818616	1.0252593377331138
0.22731971396680337	1.0268212146720348
0.22898849569542057	1.027982604079268
0.23065727742403777	1.0282831634497172
0.232326059152655	1.0284574738453014
0.2339948408812722	1.0275260192987408
0.2356636226098894	1.0265945647521801
0.2373324043385066	1.0246958153879966
0.2390011860671238	1.022674365891355
0.240669967795741	1.0200826833716228
0.24233874952435822	1.017213159925111
0.24400753125297545	1.0140985617770957
0.24567631298159265	1.0106931684919493
0.24734509471020985	1.0072440748504825
0.24901387643882705	1.0036583196936741
0.2506826581674443	1.0000774576092413
0.25235143989606146	0.9966713039983093
0.2540202216246787	0.9932651503873771
0.25568900335329586	0.9902413425261405
0.2573577850819131	0.987305945471848
0.25902656681053027	0.9847925969318648
0.2606953485391475	0.982563979274742
0.26236413026776473	0.9806696968337472
0.2640329119963819	0.979316093631755
0.26570169372499913	0.9781228710148492
0.2673704754536163	0.97772941283481
0.26903925718223354	0.9773359546547707
0.2707080389108507	0.9778520139290408
0.27237682063946794	0.9784139476401907
0.2740456023680852	0.9796130964600926
0.27571438409670235	0.981039720807763
0.2773831658253196	0.9828304284429594
0.27905194755393675	0.9849547010796935
0.280720729282554	0.9872237807700391
0.28238951101117116	0.9898200217548382
0.2840582927397884	0.9924349246505746
0.2857270744684056	0.9952345491872974
0.2873958561970228	0.99803417372402
0.28906463792564	1.0007621030112892
0.2907334196542572	1.0034799488581547
0.2924022013828744	1.0059833572705272
0.2940709831114916	1.0083771026819115
0.29573976484010883	1.0105377588649924
0.29740854656872606	1.0124095596439393
0.29907732829734324	1.0141262205270307
0.30074611002596047	1.0153279207296422
0.30241489175457764	1.0165171908299624
0.30408367348319487	1.0169635134144752
0.30575245521181205	1.0174098359989878
0.3074212369404293	1.0172415953373566
0.3090900186690465	1.0169210491156127
0.3107588003976637	1.016191171027899
0.3124275821262809	1.015172499079641
0.3140963638548981	1.0139444484881968
0.3157651455835153	1.0123618177669174
0.3174339273121325	1.010719525181252
0.3191027090407497	1.0087549396906021
0.32077149076936695	1.006790354199952
0.3224402724979841	1.0046706599233743
0.32410905422660136	1.0025412643138991
0.32577783595521853	1.0004523970855344
0.32744661768383576	0.9983788202613552
0.32911539941245294	0.9964268308710948
0.33078418114107017	0.9945911921754289
0.33245296286968734	0.992866614273337
0.33412174459830457	0.9914062600162779
0.3357905263269218	0.9899846412398543
0.337459308055539	0.9890032694310893
0.3391280897841562	0.9880218976223243
0.3407968715127734	0.9875094165304366
0.3424656532413906	0.9870696124421907
0.3441344349700078	0.9869925037384217
0.345803216698625	0.9871100629285295
0.34747199842724225	0.9874562214736484
0.3491407801558594	0.9880984936679481
0.35080956188447665	0.9888379859473931
0.3524783436130938	0.989920973122714
0.35414712534171106	0.9910057125267843
0.35581590707032823	0.9924057527484379
0.35748468879894546	0.9938057929700915
0.3591534705275627	0.9953349141764901
0.36082225225617987	0.9968982536853693
0.3624910339847971	0.998459108720327
0.36415981571341427	1.000018130303579
0.3658285974420315	1.0015217463312511
0.3674973791706487	1.0029269981713282
0.3691661608992659	1.0042949567750463
0.37083494262788314	1.0054434455130283
0.3725037243565003	1.0065919342510106
0.37417250608511754	1.0074278330465989
0.3758412878137347	1.008240265738861
0.37751006954235194	1.0087765094297392
0.3791788512709691	1.009202717808432
0.38084763299958635	1.009427830887967
0.3825164147282036	1.0094518708353633
0.38418519645682075	1.0093663665727484
0.385853978185438	1.009005979880198
0.38752275991405516	1.0086225209848254
0.3891915416426724	1.0079319732775107
0.39086032337128956	1.0072414255701958
0.3925291050999068	1.0063400160927842
0.394197886828524	1.005402791103058
0.3958666685571412	1.0043785653635948
0.39753545028575843	1.003305345277714
0.3992042320143756	1.0022288247484208
0.40087301374299283	1.0011478327028693
0.40254179547161	1.0000898426525369
0.40421057720022724	0.9991186002748149
0.40587935892884447	0.998147357897093
0.40754814065746164	0.9973669812776769
0.4092169223860789	0.9965876580367629
0.41088570411469605	0.9959910420341519
0.4125544858433133	0.9954461282224049
0.41422326757193045	0.995048851066141
0.4158920493005477	0.9947655368614273
0.4175608310291649	0.9945735174350672
0.4192296127577821	0.9945515789246184
0.4208983944863993	0.9945619450691433
0.4225671762150165	0.9947807090725438
0.4242359579436337	0.9949994730759443
0.4259047396722509	0.9953959775776817
0.42757352140086813	0.9958081198337272
0.42924230312948536	0.9963089139862856
0.43091108485810253	0.9968469719336069
0.43257986658671976	0.9974054525709909
0.43424864831533694	0.9979852763285133
0.43591743004395417	0.9985493160119167
0.43758621177257134	0.9990715135327641
0.4392549935011886	0.9995840012971917
0.4409237752298058	0.9999411435784625
0.442592556958423	1.0002982858597333
0.4442613386870402	1.0004277440374285
0.4459301204156574	1.0005150385245165
0.4475989021442746	1.000392077779793
0.4492676838728918	1.0001449291734448
0.450936465601509	0.9999999999999987
0.45260524733012625	0.9999999999999993
0.4542740290587434	0.9999999999999998
0.45594281078736065	1.0
0.4576115925159778	1.0000000000000002
0.45928037424459506	1.0000000000000002
0.46094915597321223	1.0000000000000002
0.46261793770182946	1.0
0.4642867194304467	0.9999999999999999
0.46595550115906387	0.9999999999999998
0.4676242828876811	0.9999999999999997
0.46929306461629827	0.9999999999999998
0.4709618463449155	1.0000000000000002
0.4726306280735327	1.0000000000000004
0.4742994098021499	0.9999999999999994
0.47596819153076714	0.9999999999999984
0.4776369732593843	0.9999999999999993
0.47930575498800154	1.0000000000000004
0.4809745367166187	1.0
0.48264331844523595	0.9999999999999992
0.4843121001738531	0.999999999999999
0.48598088190247035	0.9999999999999996
0.4876496636310876	0.9999999999999999
0.48931844535970476	0.9999999999999994
0.490987227088322	0.999999999999999
0.49265600881693916	1.0
0.4943247905455564	1.000000000000001
0.49599357227417357	1.0000000000000009
0.4976623540027908	1.0000000000000004
0.499331135731408	0.9999999999999998
0.5009999174600253	0.9999999999999992
0.5026686991886424	0.999999999999999
0.5043374809172596	0.9999999999999997
0.5060062626458768	1.0000000000000002
0.5076750443744941	1.0000000000000009
0.5093438261031112	1.0000000000000013
0.5110126078317284	1.0000000000000004
0.5126813895603457	0.9999999999999993
0.5143501712889629	0.9999999999999993
0.51601895301758	0.9999999999999996
0.5176877347461972	0.9999999999999997
0.5193565164748145	0.9999999999999997
0.5210252982034317	0.9999999999999994
0.5226940799320489	0.9999999999999986
0.5243628616606661	0.999999999999998
0.5260316433892833	0.9999999999999992
0.5277004251179005	1.0000000000000002
0.5293692068465177	1.0000000000000004
0.531037988575135	1.0000000000000004
0.5327067703037521	1.0000000000000002
0.5343755520323693	1.0
0.5360443337609866	1.0000000000000002
0.5377131154896038	1.0000000000000004
0.5393818972182209	1.0000000000000007
0.5410506789468381	1.0000000000000007
0.5427194606754554	1.0000000000000007
0.5443882424040726	1.000000000000001
0.5460570241326898	1.0000000000000016
0.547725805861307	1.0000000000000013
0.5493945875899242	1.000000000000001
0.5510633693185414	1.0000000000000007
0.5527321510471586	1.0000000000000004
0.5544009327757758	1.0000000000000002
0.556069714504393	1.0000000000000004
0.5577384962330102	1.0000000000000004
0.5594072779616275	0.9999999999999999
0.5610760596902447	0.9999999999999992
0.5627448414188618	1.0000000000000004
0.564413623147479	1.0000000000000018
0.5660824048760963	1.000000000000001
0.5677511866047135	0.9999999999999996
0.5694199683333306	0.9999999999999992
0.5710887500619479	0.9999999999999999
0.5727575317905651	1.0000000000000007
0.5744263135191823	1.000000000000001
0.5760950952477994	1.0000000000000016
0.5777638769764167	1.0000000000000009
0.5794326587050339	1.0000000000000002
0.5811014404336511	1.0000000000000007
0.5827702221622684	1.0000000000000009
0.5844390038908855	1.0000000000000004
0.5861077856195027	0.9999999999999996
0.5877765673481199	0.9999999999999994
0.5894453490767372	1.0000000000000002
0.5911141308053544	1.0000000000000009
0.5927829125339715	1.0000000000000007
0.5944516942625888	1.0000000000000007
0.596120475991206	1.0000000000000002
0.5977892577198232	0.9999999999999997
0.5994580394484403	0.9999999999999998
0.6011268211770576	1.0
0.6027956029056748	1.0
0.604464384634292	0.9999999999999998
0.6061331663629093	0.9999999999999998
0.6078019480915264	1.0
0.6094707298201436	1.0000000000000002
0.6111395115487608	0.9999999999999999
0.6128082932773781	0.9999999999999996
0.6144770750059952	1.0000000000000007
0.6161458567346124	1.0000000000000018
0.6178146384632297	1.0000000000000013
0.6194834201918469	1.0000000000000002
0.621152201920464	0.9999999999999998
0.6228209836490812	0.9999999999999999
0.6244897653776985	1.0
0.6261585471063157	0.9999999999999999
0.6278273288349329	1.0
0.6294961105635501	1.0000000000000007
0.6311648922921673	1.0000000000000016
0.6328336740207845	1.000000000000001
0.6345024557494017	1.0000000000000007
0.636171237478019	1.0000000000000002
0.6378400192066361	1.0000000000000002
0.6395088009352533	1.0
0.6411775826638706	1.0
0.6428463643924878	0.9999999999999999
0.6445151461211049	0.9999999999999996
0.6461839278497221	0.9999999999999991
0.6478527095783394	1.0000000000000002
0.6495214913069566	1.000000000000001
0.6511902730355738	1.0000000000000007
0.6528590547641909	1.0
0.6545278364928082	1.0
0.6561966182214254	1.0000000000000009
0.6578653999500426	1.000000000000001
0.6595341816786598	1.0000000000000007
0.661202963407277	1.0000000000000002
0.6628717451358942	1.0000000000000004
0.6645405268645114	1.0000000000000007
0.6662093085931287	1.0000000000000002
0.6678780903217458	0.9999999999999998
0.669546872050363	0.9999999999999996
0.6712156537789803	0.9999999999999994
0.6728844355075975	0.9999999999999998
0.6745532172362146	1.0000000000000004
0.6762219989648318	1.000000000000001
0.6778907806934491	1.0000000000000018
0.6795595624220663	1.0000000000000022
0.6812283441506835	1.0000000000000009
0.6828971258793007	0.9999999999999997
0.6845659076079179	0.9999999999999996
0.6862346893365351	0.9999999999999998
0.6879034710651523	0.9999999999999999
0.6895722527937695	0.9999999999999999
0.6912410345223867	1.0000000000000002
0.6929098162510039	1.0000000000000007
0.6945785979796212	1.0000000000000007
0.6962473797082384	0.9999999999999999
0.6979161614368555	0.999999999999999
0.6995849431654727	0.9999999999999992
0.70125372489409	0.9999999999999996
0.7029225066227072	0.9999999999999997
0.7045912883513243	0.9999999999999998
0.7062600700799416	0.9999999999999998
0.7079288518085588	0.9999999999999998
0.709597633537176	0.9999999999999996
0.7112664152657932	0.9999999999999991
0.7129351969944104	0.9999999999999988
0.7146039787230276	0.9999999999999997
0.7162727604516448	1.0000000000000007
0.7179415421802621	1.000000000000001
0.7196103239088792	1.0000000000000016
0.7212791056374964	1.0000000000000009
0.7229478873661136	0.9999999999999997
0.7246166690947309	0.9999999999999993
0.726285450823348	0.9999999999999999
0.7279542325519652	1.0000000000000002
0.7296230142805825	1.0
0.7312917960091997	0.9999999999999998
0.7329605777378169	0.999999999999999
0.734629359466434	0.9999999999999982
0.7362981411950513	0.9999999999999988
0.7379669229236685	0.9999999999999996
0.7396357046522857	1.0000000000000002
0.741304486380903	1.0000000000000009
0.7429732681095201	1.0000000000000009
0.7446420498381373	1.0000000000000004
0.7463108315667545	1.0000000000000002
0.7479796132953718	0.9999999999999998
0.749648395023989	0.9999999999999994
0.7513171767526061	0.9999999999999997
0.7529859584812234	0.9999999999999999
0.7546547402098406	1.0000000000000002
0.7563235219384578	1.0000000000000004
0.7579923036670749	1.0000000000000007
0.7596610853956922	1.0000000000000013
0.7613298671243094	1.000000000000001
0.7629986488529266	0.9999999999999999
0.7646674305815438	0.9999999999999988
0.766336212310161	0.9999999999999992
0.7680049940387782	0.9999999999999997
0.7696737757673954	0.9999999999999997
0.7713425574960127	0.9999999999999998
0.7730113392246298	0.9999999999999999
0.774680120953247	1.0
0.7763489026818643	1.0
0.7780176844104815	1.0000000000000002
0.7796864661390986	1.0000000000000004
0.7813552478677158	1.0000000000000009
0.7830240295963331	1.0000000000000013
0.7846928113249503	1.0000000000000009
0.7863615930535675	1.0000000000000002
0.7880303747821847	1.0
0.7896991565108019	0.9999999999999997
0.7913679382394191	0.9999999999999997
0.7930367199680363	0.9999999999999999
0.7947055016966535	1.0
0.7963742834252707	1.0000000000000002
0.7980430651538879	1.0000000000000002
0.7997118468825052	1.0000000000000004
0.8013806286111224	1.0000000000000004
0.8030494103397395	1.0
0.8047181920683567	0.9999999999999994
0.806386973796974	0.9999999999999996
0.8080557555255912	0.9999999999999999
0.8097245372542083	1.0000000000000002
0.8113933189828256	1.0000000000000007
0.8130621007114428	1.0000000000000009
0.81473088244006	1.0000000000000004
0.8163996641686772	1.0000000000000002
0.8180684458972944	1.0000000000000007
0.8197372276259116	1.0000000000000009
0.8214060093545288	1.0000000000000004
0.8230747910831461	1.0000000000000002
0.8247435728117632	1.0000000000000002
0.8264123545403804	1.0000000000000007
0.8280811362689976	1.0000000000000007
0.8297499179976149	1.0000000000000002
0.8314186997262321	0.9999999999999999
0.8330874814548492	0.9999999999999997
0.8347562631834665	0.9999999999999996
0.8364250449120837	0.9999999999999996
0.8380938266407009	0.9999999999999997
0.839762608369318	0.9999999999999999
0.8414313900979353	1.0000000000000002
0.8431001718265525	1.0
0.8447689535551697	0.9999999999999994
0.846437735283787	0.9999999999999993
0.8481065170124041	0.9999999999999997
0.8497752987410213	0.9999999999999999
0.8514440804696385	0.9999999999999994
0.8531128621982558	0.999999999999999
0.854781643926873	0.9999999999999994
0.8564504256554901	0.9999999999999999
0.8581192073841074	0.9999999999999999
0.8597879891127246	0.9999999999999997
0.8614567708413418	0.9999999999999999
0.8631255525699589	1.0000000000000004
0.8647943342985762	1.0000000000000007
0.8664631160271934	1.0000000000000002
0.8681318977558106	0.9999999999999998
0.8698006794844279	1.0000000000000009
0.871469461213045	1.000000000000002
0.8731382429416622	1.0000000000000018
0.8748070246702794	1.0000000000000013
0.8764758063988967	1.0000000000000009
0.8781445881275138	1.0000000000000004
0.879813369856131	0.9999999999999999
0.8814821515847483	0.9999999999999992
0.8831509333133655	0.9999999999999989
0.8848197150419826	0.9999999999999998
0.8864884967705998	1.0000000000000007
0.8881572784992171	1.0
0.8898260602278343	0.9999999999999996
0.8914948419564515	0.9999999999999998
0.8931636236850687	1.0000000000000002
0.8948324054136859	1.0
0.8965011871423031	0.9999999999999992
0.8981699688709203	0.9999999999999989
0.8998387505995376	0.9999999999999991
0.9015075323281547	0.9999999999999992
0.9031763140567719	0.9999999999999989
0.9048450957853892	0.9999999999999986
0.9065138775140064	0.9999999999999989
0.9081826592426235	0.9999999999999991
0.9098514409712407	0.9999999999999997
0.911520222699858	1.0000000000000002
0.9131890044284752	1.0000000000000002
0.9148577861570923	0.9999999999999999
0.9165265678857096	0.9999999999999999
0.9181953496143268	1.0000000000000004
0.919864131342944	1.000000000000001
0.9215329130715612	1.0000000000000004
0.9232016948001784	0.9999999999999998
0.9248704765287956	0.9999999999999996
0.9265392582574128	0.9999999999999994
0.9282080399860301	0.9999999999999994
0.9298768217146473	0.9999999999999994
0.9315456034432644	0.9999999999999994
0.9332143851718816	0.9999999999999996
0.9348831669004989	0.9999999999999996
0.9365519486291161	0.9999999999999991
0.9382207303577332	0.9999999999999987
0.9398895120863505	0.999999999999999
0.9415582938149677	0.9999999999999993
0.9432270755435849	0.9999999999999993
0.944895857272202	0.9999999999999991
0.9465646390008193	0.9999999999999992
0.9482334207294365	0.9999999999999996
0.9499022024580537	1.0
0.951570984186671	1.0000000000000004
0.9532397659152881	1.0000000000000009
0.9549085476439053	1.0000000000000002
0.9565773293725225	0.9999999999999998
0.9582461111011398	1.0000000000000002
0.959914892829757	1.0000000000000007
0.9615836745583741	1.0000000000000002
0.9632524562869914	0.9999999999999996
0.9649212380156086	0.9999999999999994
0.9665900197442258	0.9999999999999999
0.9682588014728429	1.0000000000000002
0.9699275832014602	1.0000000000000002
0.9715963649300774	1.0000000000000002
0.9732651466586946	1.0000000000000004
0.9749339283873119	1.0000000000000009
0.976602710115929	1.0000000000000009
0.9782714918445462	1.000000000000001
0.9799402735731634	1.0000000000000004
0.9816090553017807	0.9999999999999994
0.9832778370303978	0.9999999999999991
0.984946618759015	0.9999999999999997
0.9866154004876323	1.0
0.9882841822162495	1.0000000000000004
0.9899529639448666	1.0000000000000009
0.9916217456734838	0.9999999999999998
0.9932905274021011	0.9999999999999987
0.9949593091307183	0.9999999999999986
0.9966280908593355	0.9999999999999987
0.9982968725879527	0.9999999999999991
0.9999656543165699	0.9999999999999998
1.0016344360451872	1.0000000000000002
1.0033032177738044	1.0
1.0049719995024216	0.9999999999999998
1.0066407812310387	0.9999999999999996
1.008309562959656	0.9999999999999993
1.009978344688273	0.9999999999999997
1.0116471264168903	1.0
1.0133159081455076	1.0000000000000002
1.0149846898741248	1.0000000000000004
1.016653471602742	1.0000000000000002
1.0183222533313592	0.9999999999999998
1.0199910350599763	0.9999999999999996
1.0216598167885935	1.0
1.0233285985172107	1.0000000000000004
1.024997380245828	1.0
1.0266661619744453	0.9999999999999996
1.0283349437030624	0.9999999999999996
1.0300037254316796	0.9999999999999998
1.0316725071602968	0.9999999999999994
1.033341288888914	0.999999999999999
1.0350100706175311	0.9999999999999991
1.0366788523461485	0.9999999999999999
1.0383476340747657	1.0000000000000004
1.0400164158033829	1.0000000000000002
1.041685197532	1.0000000000000002
