0.0001204513915069	1.0000000000000018
0.0023473342103248166	0.9999999999999991
0.004574217029142734	0.9999999999999988
0.00680109984796065	1.0000000000000027
0.009027982666778567	1.0000000000000016
0.011254865485596482	1.0000000000000002
0.0134817483044144	0.9999999999999997
0.015708631123232317	0.9999999999999997
0.017935513942050233	1.000000000000001
0.02016239676086815	1.0000000000000009
0.022389279579686065	0.9999999999999994
0.024616162398503984	0.9999999999999986
0.0268430452173219	0.9999999999999999
0.029069928036139815	1.000179387006691
0.03129681085495773	0.9999974603218479
0.03352369367377565	0.9999742933914484
0.03575057649259356	0.9999890999586281
0.03797745931141148	0.9950023218036386
0.040204342130229394	0.9832819494084674
0.04243122494904731	0.9712552419228776
0.044658107767865225	0.9634111982677911
0.04688499058668315	0.9623164631207242
0.049111873405501064	0.9689051547272488
0.05133875622431898	0.9830020053428047
0.053565639043136895	1.003975728068819
0.05579252186195481	1.0301201642509736
0.058019404680772727	1.0576377389319305
0.06024628749959064	1.0830604234541563
0.062473170318408565	1.1026584251953362
0.06470005313722649	1.1144715344657181
0.0669269359560444	1.1172645215034545
0.06915381877486232	1.1105708938333998
0.07138070159368023	1.0938824858750464
0.07360758441249815	1.0685659717159879
0.07583446723131607	1.0374903761902945
0.07806135005013398	1.0028676619439336
0.0802882328689519	0.9668897923772902
0.08251511568776981	0.9317471227617659
0.08474199850658773	0.9018477180993261
0.08696888132540564	0.8785507266282497
0.08919576414422356	0.862721338987258
0.09142264696304149	0.8550550347190117
0.0936495297818594	0.8564627303215613
0.09587641260067732	0.8689531197618653
0.09810329541949524	0.88893118089799
0.10033017823831315	0.9153255026889229
0.10255706105713107	0.9468908808401436
0.10478394387594898	0.9822363642060384
0.1070108266947669	1.0179925427252055
0.10923770951358482	1.0515964408133807
0.11146459233240273	1.0813105710128341
0.11369147515122065	1.1055049947222533
0.11591835797003856	1.120248274257107
0.11814524078885648	1.1257271584888535
0.1203721236076744	1.1227217432822152
0.12259900642649231	1.11160147919597
0.12482588924531024	1.0928811439027777
0.12705277206412816	1.0667246550162486
0.12927965488294607	1.0374332234192347
0.131506537701764	1.0066452983267167
0.1337334205205819	0.975936012867535
0.13596030333939982	0.9473522290158588
0.13818718615821773	0.9233291778686535
0.14041406897703565	0.904208592729186
0.14264095179585357	0.8906205702105097
0.14486783461467148	0.8830619100170575
0.1470947174334894	0.8834681500491258
0.1493216002523073	0.890734335196001
0.15154848307112523	0.9036073418819971
0.15377536588994314	0.9214407415681701
0.15600224870876106	0.943459472683057
0.15822913152757898	0.9689811020780829
0.1604560143463969	0.9952852810555359
0.1626828971652148	1.0208556231936017
0.16490977998403272	1.0443513780761229
0.16713666280285064	1.0640939031058958
0.16936354562166855	1.0779232960244978
0.17159042844048647	1.0863452993645737
0.17381731125930439	1.089197754842946
0.1760441940781223	1.086483698142444
0.17827107689694022	1.0774395880180523
0.18049795971575816	1.063749947914824
0.18272484253457608	1.04704494954871
0.184951725353394	1.0282643304490242
0.1871786081722119	1.0083877887040522
0.18940549099102982	0.9890728845838106
0.19163237380984774	0.9714137996966344
0.19385925662866565	0.9559669368017043
0.19608613944748357	0.9432430572994955
0.1983130222663015	0.9340441258042823
0.2005399050851194	0.9295252452477398
0.20276678790393732	0.9288007580726357
0.20499367072275523	0.9317867690970423
0.20722055354157315	0.9383150899134696
0.20944743636039106	0.9486111995294245
0.21167431917920898	0.9615757978671032
0.2139012019980269	0.9759985377365473
0.2161280848168448	0.9911483151801384
0.21835496763566273	1.0062659155584264
0.22058185045448064	1.0199108715110143
0.22280873327329856	1.0315299296614047
0.22503561609211647	1.040791402594444
0.2272624989109344	1.0473796602793437
0.2294893817297523	1.0508242978944948
0.23171626454857022	1.050332384744475
0.23394314736738814	1.0470110937267276
0.23617003018620605	1.0411426062293097
0.23839691300502397	1.0330705826474067
0.24062379582384189	1.023068770620473
0.2428506786426598	1.0121620851381892
0.24507756146147772	1.001224522518162
0.24730444428029563	0.9907605799202711
0.24953132709911358	0.9812311009441739
0.25175820991793146	0.9735424994909975
0.2539850927367494	0.9677449888583053
0.2562119755555673	0.9638575770298102
0.25843885837438524	0.9619496891517829
0.2606657411932031	0.9621376076216662
0.26289262401202107	0.9648092820256283
0.26511950683083896	0.9691028002235558
0.2673463896496569	0.974777675649931
0.2695732724684748	0.9815648173967205
0.27180015528729273	0.989184410273674
0.2740270381061106	0.9969541433198604
0.27625392092492856	1.0043544966759839
0.27848080374374645	1.0110858180352824
0.2807076865625644	1.0168844754968116
0.2829345693813823	1.0211109684529105
0.2851614522002002	1.0237890305244457
0.28738833501901817	1.0250105013138249
0.28961521783783606	1.0247942179069305
0.291842100656654	1.0231659609284858
0.2940689834754719	1.0199760630540757
0.29629586629428983	1.0159164101942293
0.2985227491131077	1.0112171917581207
0.30074963193192567	1.006114595570346
0.30297651475074355	1.000892530691836
0.3052033975695615	0.9960212026469418
0.3074302803883794	0.991672069579938
0.30965716320719733	0.9879853107953219
0.3118840460260152	0.9850843020696397
0.31411092884483316	0.983336244368988
0.31633781166365105	0.9826645760263035
0.318564694482469	0.982937168893857
0.3207915773012869	0.9840961970732063
0.3230184601201048	0.986059884476628
0.3252453429389227	0.988846137649607
0.32747222575774065	0.9919991666081716
0.32969910857655854	0.9953533794143934
0.3319259913953765	0.998746862992275
0.3341528742141944	1.001975532871512
0.3363797570330123	1.004784402118437
0.3386066398518302	1.0071515840679126
0.34083352267064815	1.0090169241488014
0.34306040548946604	1.0103287910319336
0.345287288308284	1.010897510524758
0.34751417112710187	1.0107835280105166
0.3497410539459198	1.0101078048537464
0.3519679367647377	1.0089244375463646
0.35419481958355564	1.007301154101544
0.35642170240237353	1.0052769643582766
0.3586485852211915	1.0031207386555634
0.3608754680400094	1.0009435333109975
0.3631023508588273	0.9988406653826849
0.36532923367764525	0.9969235745132039
0.36755611649646314	0.9953220778826755
0.3697829993152811	0.9940154259944858
0.37200988213409897	0.99303301603061
0.3742367649529169	0.992400020616585
0.3764636477717348	0.9922151226874053
0.37869053059055274	0.9924653051434136
0.38091741340937063	0.9930698649778942
0.3831442962281886	0.9939950047610633
0.38537117904700646	0.9951976960257549
0.3875980618658244	0.9966633829488925
0.3898249446846423	0.9981993140328879
0.39205182750346024	0.9997259261936172
0.3942787103222781	1.0011755278436736
0.39650559314109607	1.0024666339959891
0.39873247595991396	1.0034911555111197
0.4009593587787319	1.0042739546615405
0.4031862415975498	1.0048016328444989
0.40541312441636773	1.0050644819543073
0.4076400072351856	1.0050046822365826
0.40986689005400356	1.0046347660215014
0.41209377287282145	1.0040232915003142
0.4143206556916394	1.0031965790742476
0.4165475385104573	1.0021866143965594
0.4187744213292752	1.0010235376558547
0.4210013041480931	0.9998258529871575
0.42322818696691106	0.9986565148563302
0.42545506978572895	0.9975669248654407
0.4276819526045469	0.9966157920992375
0.42990883542336483	0.995908642468702
0.4321357182421827	0.9954163593314137
0.43436260106100066	0.9951470952133293
0.43658948387981855	0.9951057530370723
0.4388163666986365	0.9953317472595423
0.4410432495174544	0.9958274076657943
0.4432701323362723	0.9965426251019415
0.4454970151550902	0.9974715268404385
0.44772389797390816	0.9985934008525215
0.44995078079272605	0.9997564493497275
0.452177663611544	1.0000000000000007
0.4544045464303619	0.9999999999999996
0.4566314292491798	0.9999999999999989
0.4588583120679977	1.0000000000000004
0.46108519488681565	0.9999999999999992
0.46331207770563354	0.9999999999999998
0.4655389605244515	0.9999999999999999
0.46776584334326937	0.9999999999999988
0.4699927261620873	0.9999999999999997
0.4722196089809052	0.9999999999999997
0.47444649179972315	0.9999999999999997
0.47667337461854103	0.9999999999999998
0.478900257437359	0.9999999999999998
0.48112714025617687	0.9999999999999998
0.4833540230749948	0.9999999999999999
0.4855809058938127	0.9999999999999999
0.48780778871263064	1.0
0.49003467153144853	1.0
0.4922615543502665	1.0
0.49448843716908436	1.0
0.4967153199879023	1.0000000000000002
0.49894220280672025	1.0000000000000002
0.5011690856255381	1.0000000000000002
0.503395968444356	1.0000000000000002
0.505622851263174	1.0000000000000002
0.5078497340819919	1.0000000000000002
0.5100766169008097	1.0000000000000002
0.5123034997196276	1.0000000000000002
0.5145303825384456	1.0000000000000004
0.5167572653572635	1.0000000000000004
0.5189841481760814	1.0000000000000004
0.5212110309948993	1.0000000000000004
0.5234379138137173	1.0000000000000004
0.5256647966325352	1.0000000000000004
0.5278916794513531	1.0000000000000004
0.530118562270171	1.0000000000000002
0.532345445088989	1.0000000000000002
0.5345723279078068	1.0000000000000002
0.5367992107266247	1.0
0.5390260935454426	1.0
0.5412529763642606	0.9999999999999999
0.5434798591830785	0.9999999999999998
0.5457067420018964	0.9999999999999998
0.5479336248207143	0.9999999999999997
0.5501605076395323	0.9999999999999997
0.5523873904583502	0.9999999999999996
0.5546142732771681	0.9999999999999994
0.556841156095986	0.9999999999999994
0.5590680389148039	0.9999999999999993
0.5612949217336218	0.9999999999999993
0.5635218045524397	0.9999999999999992
0.5657486873712576	0.9999999999999992
0.5679755701900756	0.9999999999999991
0.5702024530088935	0.9999999999999991
0.5724293358277114	0.999999999999999
0.5746562186465294	0.999999999999999
0.5768831014653473	0.999999999999999
0.5791099842841652	0.9999999999999989
0.581336867102983	0.9999999999999989
0.583563749921801	0.9999999999999988
0.5857906327406189	0.9999999999999989
0.5880175155594368	0.999999999999999
0.5902443983782547	0.9999999999999991
0.5924712811970727	0.9999999999999991
0.5946981640158906	0.9999999999999992
0.5969250468347085	0.9999999999999993
0.5991519296535264	0.9999999999999994
0.6013788124723444	0.9999999999999996
0.6036056952911623	0.9999999999999997
0.6058325781099801	0.9999999999999998
0.608059460928798	0.9999999999999999
0.610286343747616	1.0
0.6125132265664339	1.0
0.6147401093852518	1.0000000000000002
0.6169669922040697	1.0000000000000002
0.6191938750228877	1.0000000000000004
0.6214207578417056	1.0000000000000004
0.6236476406605235	1.0000000000000004
0.6258745234793414	1.0000000000000002
0.6281014062981594	1.0000000000000002
0.6303282891169772	1.0000000000000002
0.6325551719357951	1.0
0.634782054754613	1.0
0.637008937573431	0.9999999999999999
0.6392358203922489	0.9999999999999999
0.6414627032110668	0.9999999999999998
0.6436895860298848	0.9999999999999998
0.6459164688487027	0.9999999999999997
0.6481433516675206	0.9999999999999996
0.6503702344863385	0.9999999999999996
0.6525971173051565	0.9999999999999994
0.6548240001239743	0.9999999999999993
0.6570508829427922	0.9999999999999993
0.6592777657616101	0.9999999999999992
0.6615046485804281	0.9999999999999991
0.663731531399246	0.9999999999999991
0.6659584142180639	0.999999999999999
0.6681852970368818	0.9999999999999989
0.6704121798556998	0.9999999999999989
0.6726390626745177	0.999999999999999
0.6748659454933356	0.999999999999999
0.6770928283121534	0.9999999999999991
0.6793197111309714	0.9999999999999991
0.6815465939497893	0.9999999999999992
0.6837734767686072	0.9999999999999992
0.6860003595874251	0.9999999999999993
0.6882272424062431	0.9999999999999993
0.690454125225061	0.9999999999999994
0.6926810080438789	0.9999999999999994
0.6949078908626968	0.9999999999999996
0.6971347736815148	0.9999999999999996
0.6993616565003327	0.9999999999999997
0.7015885393191506	0.9999999999999997
0.7038154221379684	0.9999999999999998
0.7060423049567864	0.9999999999999998
0.7082691877756043	0.9999999999999999
0.7104960705944222	0.9999999999999999
0.7127229534132401	1.0
0.7149498362320581	1.0
0.717176719050876	1.0
0.7194036018696939	1.0000000000000002
0.7216304846885119	1.0000000000000002
0.7238573675073298	1.0000000000000002
0.7260842503261477	1.0000000000000002
0.7283111331449655	1.0000000000000004
0.7305380159637835	1.0000000000000004
0.7327648987826014	1.0000000000000004
0.7349917816014193	1.0000000000000004
0.7372186644202372	1.0000000000000004
0.7394455472390552	1.0000000000000004
0.7416724300578731	1.0000000000000004
0.743899312876691	1.0000000000000004
0.7461261956955089	1.0000000000000004
0.7483530785143269	1.0000000000000002
0.7505799613331448	1.0000000000000002
0.7528068441519626	1.0000000000000002
0.7550337269707805	1.0000000000000002
0.7572606097895985	1.0000000000000002
0.7594874926084164	1.0000000000000002
0.7617143754272343	1.0000000000000002
0.7639412582460522	1.0000000000000002
0.7661681410648702	1.0000000000000002
0.7683950238836881	1.0000000000000002
0.770621906702506	1.0000000000000002
0.7728487895213239	1.0000000000000002
0.7750756723401419	1.0000000000000002
0.7773025551589597	1.0000000000000002
0.7795294379777776	1.0
0.7817563207965955	1.0
0.7839832036154135	1.0
0.7862100864342314	1.0
0.7884369692530493	1.0
0.7906638520718673	1.0
0.7928907348906852	1.0
0.7951176177095031	1.0
0.797344500528321	1.0
0.799571383347139	1.0
0.8017982661659568	1.0
0.8040251489847747	0.9999999999999999
0.8062520318035926	0.9999999999999999
0.8084789146224106	0.9999999999999999
0.8107057974412285	0.9999999999999999
0.8129326802600464	0.9999999999999999
0.8151595630788643	0.9999999999999999
0.8173864458976823	0.9999999999999999
0.8196133287165002	0.9999999999999998
0.821840211535318	0.9999999999999998
0.8240670943541359	0.9999999999999998
0.8262939771729539	0.9999999999999998
0.8285208599917718	0.9999999999999998
0.8307477428105897	0.9999999999999998
0.8329746256294076	0.9999999999999998
0.8352015084482256	0.9999999999999998
0.8374283912670435	0.9999999999999998
0.8396552740858614	0.9999999999999998
0.8418821569046793	0.9999999999999998
0.8441090397234973	0.9999999999999998
0.8463359225423152	0.9999999999999998
0.848562805361133	0.9999999999999998
0.8507896881799509	0.9999999999999997
0.8530165709987689	0.9999999999999997
0.8552434538175868	0.9999999999999997
0.8574703366364047	0.9999999999999997
0.8596972194552227	0.9999999999999997
0.8619241022740406	0.9999999999999997
0.8641509850928585	0.9999999999999997
0.8663778679116764	0.9999999999999997
0.8686047507304944	0.9999999999999997
0.8708316335493123	0.9999999999999997
0.8730585163681301	0.9999999999999997
0.875285399186948	0.9999999999999997
0.877512282005766	0.9999999999999997
0.8797391648245839	0.9999999999999997
0.8819660476434018	0.9999999999999997
0.8841929304622197	0.9999999999999997
0.8864198132810377	0.9999999999999997
0.8886466960998556	0.9999999999999997
0.8908735789186735	0.9999999999999997
0.8931004617374914	0.9999999999999997
0.8953273445563094	0.9999999999999997
0.8975542273751272	0.9999999999999997
0.8997811101939451	0.9999999999999996
0.902007993012763	0.9999999999999996
0.904234875831581	0.9999999999999996
0.9064617586503989	0.9999999999999996
0.9086886414692168	0.9999999999999996
0.9109155242880347	0.9999999999999996
0.9131424071068527	0.9999999999999996
0.9153692899256706	0.9999999999999996
0.9175961727444885	0.9999999999999996
0.9198230555633063	0.9999999999999996
0.9220499383821243	0.9999999999999996
0.9242768212009422	0.9999999999999996
0.9265037040197601	0.9999999999999996
0.9287305868385781	0.9999999999999996
0.930957469657396	0.9999999999999996
0.9331843524762139	0.9999999999999996
0.9354112352950318	0.9999999999999996
0.9376381181138498	0.9999999999999996
0.9398650009326677	0.9999999999999996
0.9420918837514856	0.9999999999999996
0.9443187665703034	0.9999999999999996
0.9465456493891214	0.9999999999999996
0.9487725322079393	0.9999999999999994
0.9509994150267572	0.9999999999999994
0.9532262978455751	0.9999999999999994
0.9554531806643931	0.9999999999999994
0.957680063483211	0.9999999999999994
0.9599069463020289	0.9999999999999994
0.9621338291208468	0.9999999999999994
0.9643607119396648	0.9999999999999994
0.9665875947584827	0.9999999999999994
0.9688144775773005	0.9999999999999994
0.9710413603961184	0.9999999999999994
0.9732682432149364	0.9999999999999994
0.9754951260337543	0.9999999999999994
0.9777220088525722	0.9999999999999994
0.9799488916713901	0.9999999999999994
0.9821757744902081	0.9999999999999994
0.984402657309026	0.9999999999999994
0.9866295401278439	0.9999999999999994
0.9888564229466618	0.9999999999999994
0.9910833057654798	0.9999999999999994
0.9933101885842976	0.9999999999999994
0.9955370714031155	0.9999999999999994
0.9977639542219335	0.9999999999999996
0.9999908370407514	0.9999999999999996
1.0022177198595694	0.9999999999999996
1.0044446026783873	0.9999999999999996
1.0066714854972052	0.9999999999999996
1.008898368316023	0.9999999999999996
1.0111252511348412	0.9999999999999996
1.013352133953659	0.9999999999999996
1.015579016772477	0.9999999999999996
1.0178058995912949	0.9999999999999996
1.0200327824101127	0.9999999999999996
1.0222596652289306	0.9999999999999996
1.0244865480477485	0.9999999999999996
1.0267134308665664	0.9999999999999996
1.0289403136853845	0.9999999999999996
1.0311671965042024	0.9999999999999996
1.0333940793230203	0.9999999999999996
1.0356209621418382	0.9999999999999996
1.037847844960656	0.9999999999999996
1.040074727779474	0.9999999999999996
1.0423016105982918	0.9999999999999996
1.0445284934171097	0.9999999999999997
1.0467553762359278	0.9999999999999997
1.0489822590547457	0.9999999999999997
1.0512091418735636	0.9999999999999997
1.0534360246923815	0.9999999999999997
1.0556629075111994	0.9999999999999997
1.0578897903300173	0.9999999999999997
1.0601166731488352	0.9999999999999997
1.062343555967653	0.9999999999999997
1.0645704387864712	0.9999999999999997
1.066797321605289	0.9999999999999997
1.069024204424107	0.9999999999999997
1.0712510872429248	0.9999999999999997
1.0734779700617427	0.9999999999999997
1.0757048528805606	0.9999999999999997
1.0779317356993785	0.9999999999999997
1.0801586185181966	0.9999999999999997
1.0823855013370145	0.9999999999999997
1.0846123841558324	0.9999999999999997
1.0868392669746503	0.9999999999999997
1.0890661497934682	0.9999999999999998
1.091293032612286	0.9999999999999998
1.093519915431104	0.9999999999999998
1.0957467982499218	0.9999999999999998
1.09797368106874	0.9999999999999998
1.1002005638875578	0.9999999999999998
1.1024274467063757	0.9999999999999998
1.1046543295251936	0.9999999999999998
1.1068812123440115	0.9999999999999998
1.1091080951628294	0.9999999999999998
1.1113349779816473	0.9999999999999998
1.1135618608004652	0.9999999999999998
1.1157887436192833	0.9999999999999998
1.1180156264381012	0.9999999999999998
1.120242509256919	0.9999999999999998
1.122469392075737	0.9999999999999998
1.1246962748945548	0.9999999999999998
1.1269231577133727	0.9999999999999998
1.1291500405321906	0.9999999999999998
1.1313769233510085	0.9999999999999998
1.1336038061698266	0.9999999999999998
1.1358306889886445	0.9999999999999999
1.1380575718074624	0.9999999999999999
1.1402844546262803	0.9999999999999999
1.1425113374450981	0.9999999999999999
1.144738220263916	0.9999999999999999
1.146965103082734	0.9999999999999999
1.149191985901552	0.9999999999999999
1.15141886872037	0.9999999999999999
1.1536457515391878	0.9999999999999999
1.1558726343580057	0.9999999999999999
1.1580995171768236	0.9999999999999999
1.1603263999956415	0.9999999999999999
1.1625532828144594	0.9999999999999999
1.1647801656332772	0.9999999999999999
1.1670070484520954	0.9999999999999999
1.1692339312709132	0.9999999999999999
1.1714608140897311	0.9999999999999999
1.173687696908549	0.9999999999999999
1.175914579727367	0.9999999999999999
1.1781414625461848	0.9999999999999999
1.1803683453650027	0.9999999999999999
1.1825952281838206	1.0
1.1848221110026387	1.0
1.1870489938214566	1.0
1.1892758766402745	1.0
1.1915027594590923	1.0
1.1937296422779102	1.0
1.1959565250967281	1.0
1.198183407915546	1.0
1.200410290734364	1.0
1.202637173553182	1.0
1.204864056372	1.0
