0.0001335478576832	9725.761406548
0.0024945376992511637	8491.95641484565
0.0048555275408191274	12060.333010472048
0.007216517382387091	13437.174593979555
0.009577507223955055	13540.1968619025
0.011938497065523019	12880.810700793587
0.014299486907090982	11770.380917376046
0.016660476748658948	10423.320604969787
0.01902146659022691	8999.23974177791
0.021382456431794872	7612.989030548907
0.023743446273362837	6344.12695765709
0.026104436114930803	5239.581545708726
0.028465425956498765	4319.631602840005
0.030826415798066727	3583.579348849089
0.033187405639634696	3016.9738035173996
0.03554839548120266	2597.860102367072
0.03790938532277062	2301.5400188148806
0.04027037516433858	2103.7118350106234
0.042631365005906544	1982.521881866315
0.04499235484747451	1917.5849137846403
0.047353344689042474	1891.2603013055557
0.049714334530610436	1886.4867412512012
0.052075324372178405	1888.2559863648164
0.05443631421374637	1883.4552368869097
0.05679730405531433	1861.7907843855057
0.05915829389688229	1815.8761151993986
0.06151928373845025	1742.761325363086
0.06388027358001822	1644.8151140240939
0.06624126342158619	1526.0410020293434
0.06860225326315415	1393.1409169320777
0.07096324310472212	1253.9479552054327
0.07332423294629008	1116.0396729493236
0.07568522278785804	985.9012569100902
0.078046212629426	868.5367935459482
0.08040720247099396	767.8450964251825
0.08276819231256193	687.6548728757517
0.08512918215412989	625.2727828322784
0.08749017199569786	579.4947014336607
0.08985116183726582	548.6292704007896
0.09221215167883379	530.6754807029527
0.09457314152040175	523.4220208999395
0.09693413136196971	524.4913890987041
0.09929512120353767	531.648223326542
0.10165611104510563	541.1625802650914
0.10401710088667361	550.1431993401717
0.10637809072824157	556.2951603691107
0.10873908056980953	557.7188798531208
0.1111000704113775	553.032942081655
0.11346106025294546	541.470369650904
0.11582205009451342	522.602823351509
0.11818303993608138	496.9980840848303
0.12054402977764934	467.02462726870044
0.1229050196192173	434.3459102869119
0.12526600946078525	400.6604849903704
0.12762699930235322	367.56775234364284
0.12998798914392118	336.4598791572912
0.1323489789854892	308.44291878392346
0.13470996882705716	285.0625836662967
0.13707095866862512	266.00475725313197
0.13943194851019308	251.2067186131528
0.14179293835176104	240.45051083466697
0.144153928193329	233.37029628387026
0.14651491803489697	229.48429619536634
0.14887590787646493	228.22212622873994
0.1512368977180329	229.0632253681285
0.15359788755960085	231.14139124033903
0.15595887740116882	233.52858959899638
0.15831986724273678	235.52171271796277
0.16068085708430474	236.52292244750734
0.1630418469258727	236.06150403773066
0.16540283676744066	233.81145229997853
0.16776382660900863	229.5143068656258
0.1701248164505766	223.10330770909616
0.17248580629214455	215.12396501178395
0.1748467961337125	205.94249105046836
0.17720778597528047	195.96905340457332
0.17956877581684844	185.62789640298243
0.1819297656584164	175.32929155623268
0.18429075549998436	165.44270707149923
0.18665174534155232	156.46167307458356
0.18901273518312028	148.5204420771007
0.19137372502468825	141.72518132946985
0.1937347148662562	136.12660124521437
0.19609570470782417	131.71476233889288
0.19845669454939213	128.42448370868334
0.2008176843909601	126.1419038565296
0.20317867423252806	124.77847167739834
0.20553966407409602	124.05068851333806
0.20790065391566404	123.6873833580157
0.210261643757232	123.48461866440249
0.21262263359879996	123.25145605260326
0.21498362344036792	122.81804896897799
0.21734461328193588	122.04264081913531
0.21970560312350385	120.79249061876399
0.2220665929650718	118.94960102685023
0.22442758280663977	116.58362096428145
0.22678857264820773	113.74114280144482
0.2291495624897757	110.49829321781793
0.23151055233134366	106.95621623725823
0.23387154217291162	103.23341500310545
0.23623253201447958	99.45412946696052
0.23859352185604754	95.77526539352816
0.2409545116976155	92.30564927673382
0.24331550153918347	89.11368481259468
0.24567649138075143	86.24656452311683
0.2480374812223194	83.73083590671574
0.25039847106388735	81.57411280927083
0.2527594609054553	79.76690895547111
0.2551204507470233	78.31479507230235
0.25748144058859124	77.15630091603914
0.2598424304301592	76.2136936506468
0.26220342027172716	75.42971202274494
0.2645644101132952	74.74456574943932
0.26692539995486314	74.09877247122334
0.2692863897964311	73.43620239619469
0.27164737963799906	72.70278440006892
0.274008369479567	71.84267042225899
0.276369359321135	70.84968009825191
0.27873034916270295	69.71962673215005
0.2810913390042709	68.4591026999764
0.2834523288458389	67.08326362354883
0.28581331868740684	65.61394959484593
0.2881743085289748	64.07831884669758
0.29053529837054276	62.50833394959033
0.2928962882121107	60.947580552727466
0.2952572780536787	59.426744385013734
0.29761826789524665	57.97225646513876
0.2999792577368146	56.60546996077949
0.30234024757838257	55.34205696159919
0.30470123741995053	54.19170129388611
0.3070622272615185	53.167137671660775
0.30942321710308646	52.2582193744638
0.3117842069446544	51.442532686262275
0.3141451967862224	50.7054254464427
0.31650618662779034	50.031077757519284
0.3188671764693583	49.4034534470291
0.32122816631092627	48.80701647542715
0.32358915615249423	48.22692083729204
0.3259501459940622	47.6465904678094
0.32831113583563015	47.05307152097167
0.3306721256771981	46.43799524654884
0.3330331155187661	45.79582128625608
0.33539410536033404	45.12400280987237
0.337755095201902	44.42299431610719
0.34011608504346996	43.696115738768505
0.342477074885038	42.947922334118985
0.34483806472660594	42.19067289261706
0.3471990545681739	41.43276951479213
0.34956004440974187	40.68169385222416
0.3519210342513098	39.944145559606454
0.3542820240928778	39.22603165662366
0.35664301393444575	38.53259864934043
0.3590040037760137	37.871745437807995
0.3613649936175817	37.24763733271026
0.36372598345914964	36.659258945800566
0.3660869733007176	36.10672481565997
0.36844796314228556	35.58859896593357
0.3708089529838535	35.10194888639466
0.3731699428254215	34.64249547936511
0.37553093266698945	34.20535422901364
0.3778919225085574	33.785059771198874
0.38025291235012537	33.373530078646255
0.38261390219169333	32.966474469544096
0.3849748920332613	32.56055763627148
0.38733588187482926	32.15306606803943
0.3896968717163972	31.741822914823587
0.3920578615579652	31.325393089463464
0.39441885139953314	30.901939586860987
0.3967798412411011	30.472664676591258
0.39914083108266907	30.03915702010272
0.40150182092423703	29.60377426304935
0.403862810765805	29.169451490019576
0.40622380060737295	28.73940957698469
0.4085847904489409	28.316863390717554
0.4109457802905089	27.905775047632954
0.41330677013207684	27.50855483943064
0.41566775997364486	27.15434042382441
0.4180287498152128	26.813145169138988
0.4203897396567808	26.471949914453564
0.42275072949834874	26.13075465976814
0.4251117193399167	25.789559405082716
0.42747270918148467	25.448364150397293
0.42983369902305263	25.10716889571187
0.4321946888646206	24.805376658084466
0.43455567870618855	24.52114583839817
0.4369166685477565	24.23691501871187
0.4392776583893245	23.952684199025573
0.44163864823089244	23.668453379339276
0.4439996380724604	23.38422255965298
0.44636062791402836	23.09999173996668
0.4487216177555963	22.816752341240676
0.4510826075971643	22.549470071296025
0.45344359743873225	22.282187801351373
0.4558045872803002	22.014905531406722
0.4581655771218682	21.747623261462067
0.46052656696343613	21.480340991517416
0.4628875568050041	21.213058721572764
0.46524854664657206	20.945776451628113
0.46760953648814	20.67849418168346
0.469970526329708	20.440976270931056
0.47233151617127594	20.213684215923717
0.4746925060128439	19.986392160916374
0.47705349585441187	19.759100105909035
0.47941448569597983	19.53180805090169
0.4817754755375478	19.304515995894352
0.48413646537911575	19.077223940887013
0.4864974552206837	18.84993188587967
0.4888584450622517	18.62263983087233
0.49121943490381964	18.41631880299085
0.49358042474538766	18.224818199225616
0.4959414145869556	18.033317595460385
0.4983024044285236	17.841816991695154
0.5006633942700914	17.650316387929934
0.5030243841116594	17.458815784164702
0.5053853739532274	17.26731518039947
0.5077463637947953	17.07581457663424
0.5101073536363633	16.88431397286901
0.5124683434779312	16.692813369103774
0.5148293333194992	16.510161057301406
0.5171903231610672	16.343877101372968
0.5195513130026351	16.17759314544453
0.5219123028442031	16.01130918951609
0.524273292685771	15.845025233587654
0.526634282527339	15.678741277659215
0.5289952723689071	15.51245732173077
0.531356262210475	15.346173365802331
0.533717252052043	15.179889409873892
0.536078241893611	15.013605453945456
0.5384392317351789	14.847321498017017
0.5408002215767469	14.681037542088578
0.5431612114183149	14.53523564664001
0.5455222012598828	14.398482156618671
0.5478831911014508	14.261728666597335
0.5502441809430187	14.124975176575997
0.5526051707845867	13.988221686554661
0.5549661606261547	13.851468196533325
0.5573271504677226	13.714714706511987
0.5596881403092906	13.57796121649065
0.5620491301508586	13.441207726469313
0.5644101199924265	13.304454236447977
0.5667711098339945	13.16770074642664
0.5691320996755624	13.030947256405302
0.5714930895171304	12.894193766383966
0.5738540793586984	12.75922253494628
0.5762150692002663	12.646924634489611
0.5785760590418343	12.53462673403294
0.5809370488834023	12.422328833576271
0.5832980387249702	12.3100309331196
0.5856590285665382	12.197733032662931
0.5880200184081061	12.08543513220626
0.5903810082496741	11.973137231749591
0.5927419980912421	11.86083933129292
0.59510298793281	11.748541430836251
0.597463977774378	11.63624353037958
0.599824967615946	11.52394562992291
0.6021859574575139	11.41164772946624
0.6045469472990819	11.29934982900957
0.6069079371406498	11.1870519285529
0.6092689269822178	11.07475402809623
0.6116299168237858	10.96245612763956
0.6139909066653537	10.864098919672836
0.6163518965069217	10.775621083953792
0.6187128863484896	10.687143248234747
0.6210738761900576	10.598665412515702
0.6234348660316256	10.510187576796659
0.6257958558731935	10.421709741077613
0.6281568457147615	10.33323190535857
0.6305178355563295	10.244754069639525
0.6328788253978974	10.15627623392048
0.6352398152394654	10.067798398201436
0.6376008050810333	9.97932056248239
0.6399617949226013	9.890842726763346
0.6423227847641693	9.802364891044302
0.6446837746057372	9.713887055325257
0.6470447644473052	9.625409219606212
0.6494057542888731	9.536931383887168
0.6517667441304411	9.448453548168123
0.6541277339720091	9.359975712449078
0.656488723813577	9.271497876730034
0.658849713655145	9.18302004101099
0.661210703496713	9.094542205291944
0.6635716933382809	9.019518013312725
0.6659326831798489	8.953482902141495
0.6682936730214168	8.887447790970265
0.6706546628629848	8.821412679799034
0.6730156527045528	8.755377568627804
0.6753766425461207	8.689342457456574
0.6777376323876887	8.623307346285342
0.6800986222292567	8.557272235114112
0.6824596120708247	8.491237123942879
0.6848206019123927	8.425202012771647
0.6871815917539607	8.359166901600418
0.6895425815955286	8.293131790429188
0.6919035714370966	8.227096679257956
0.6942645612786645	8.161061568086726
0.6966255511202325	8.095026456915496
0.6989865409618005	8.028991345744267
0.7013475308033684	7.962956234573035
0.7037085206449364	7.896921123401805
0.7060695104865043	7.830886012230574
0.7084305003280723	7.764850901059344
0.7107914901696403	7.698815789888114
0.7131524800112082	7.632780678716883
0.7155134698527762	7.566745567545652
0.7178744596943442	7.5007104563744225
0.7202354495359121	7.434675345203192
0.7225964393774801	7.368640234031961
0.724957429219048	7.302605122860731
0.727318419060616	7.2365700116895
0.729679408902184	7.17053490051827
0.7320403987437519	7.123310395018815
0.7344013885853199	7.0781784430068955
0.7367623784268879	7.033046490994975
0.7391233682684558	6.9879145389830555
0.7414843581100238	6.942782586971136
0.7438453479515917	6.897650634959216
0.7462063377931597	6.852518682947296
0.7485673276347277	6.807386730935376
0.7509283174762956	6.762254778923457
0.7532893073178636	6.717122826911537
0.7556502971594315	6.671990874899618
0.7580112870009995	6.626858922887697
0.7603722768425675	6.581726970875778
0.7627332666841354	6.536595018863858
0.7650942565257034	6.491463066851939
0.7674552463672714	6.446331114840019
0.7698162362088393	6.401199162828099
0.7721772260504073	6.356067210816179
0.7745382158919752	6.3109352588042595
0.7768992057335432	6.26580330679234
0.7792601955751112	6.2206713547804195
0.7816211854166791	6.1755394027685
0.7839821752582471	6.1304074507565804
0.7863431650998151	6.085275498744661
0.788704154941383	6.040143546732741
0.791065144782951	5.995011594720821
0.7934261346245189	5.949879642708901
0.7957871244660869	5.904747690696982
0.7981481143076549	5.859615738685062
0.8005091041492228	5.814483786673142
0.8028700939907908	5.769351834661222
0.8052310838323588	5.724219882649303
0.8075920736739267	5.679087930637383
0.8099530635154947	5.633955978625464
0.8123140533570626	5.588824026613543
0.8146750431986306	5.543692074601624
0.8170360330401986	5.498560122589704
0.8193970228817665	5.4534281705777845
0.8217580127233345	5.408296218565864
0.8241190025649024	5.3631642665539445
0.8264799924064704	5.318032314542025
0.8288409822480384	5.272900362530105
0.8312019720896064	5.227768410518183
0.8335629619311744	5.196336551507774
0.8359239517727424	5.169603114379886
0.8382849416143103	5.1428696772519995
0.8406459314558783	5.116136240124112
0.8430069212974463	5.089402802996224
0.8453679111390142	5.062669365868337
0.8477289009805822	5.035935928740449
0.8500898908221501	5.009202491612562
0.8524508806637181	4.982469054484675
0.8548118705052861	4.955735617356787
0.857172860346854	4.9290021802289
0.859533850188422	4.902268743101012
0.86189484002999	4.875535305973125
0.8642558298715579	4.8488018688452375
0.8666168197131259	4.822068431717351
0.8689778095546938	4.795334994589463
0.8713387993962618	4.768601557461575
0.8736997892378298	4.741868120333688
0.8760607790793977	4.7151346832058
0.8784217689209657	4.688401246077913
0.8807827587625336	4.661667808950026
0.8831437486041016	4.634934371822139
0.8855047384456696	4.608200934694251
0.8878657282872375	4.581467497566363
0.8902267181288055	4.554734060438476
0.8925877079703735	4.5280006233105885
0.8949486978119414	4.501267186182702
0.8973096876535094	4.474533749054814
0.8996706774950773	4.447800311926926
0.9020316673366453	4.421066874799039
0.9043926571782133	4.394333437671151
0.9067536470197812	4.3676000005432645
0.9091146368613492	4.340866563415377
0.9114756267029172	4.314133126287489
0.9138366165444851	4.287399689159602
0.9161976063860531	4.260666252031714
0.918558596227621	4.233932814903827
0.920919586069189	4.2071993777759396
0.923280575910757	4.180465940648052
0.9256415657523249	4.153732503520165
0.9280025555938929	4.126999066392278
0.9303635454354608	4.10026562926439
0.9327245352770288	4.073532192136502
0.9350855251185968	4.0467987550086155
0.9374465149601647	4.020065317880728
0.9398075048017327	3.9933318807528404
0.9421684946433007	3.966598443624953
0.9445294844848686	3.9398650064970653
0.9468904743264366	3.9131315693691784
0.9492514641680045	3.8863981322412906
0.9516124540095725	3.8596646951134033
0.9539734438511405	3.832931257985516
0.9563344336927084	3.806197820857628
0.9586954235342764	3.7794643837297413
0.9610564133758444	3.7527309466018535
0.9634174032174123	3.725997509473966
0.9657783930589803	3.699264072346079
0.9681393829005482	3.6725306352181915
0.9705003727421162	3.645797198090304
0.9728613625836842	3.6190637609624163
0.9752223524252521	3.5923303238345294
0.9775833422668201	3.5655968867066417
0.979944332108388	3.5388634495787543
0.982305321949956	3.512130012450867
0.9846663117915241	3.4853965753229783
0.987027301633092	3.4586631381950905
0.98938829147466	3.4319297010672036
0.991749281316228	3.405196263939316
0.9941102711577959	3.3784628268114285
0.9964712609993639	3.351729389683541
0.9988322508409319	3.3359982818677962
1.0011932406824997	3.3224950158755395
1.0035542305240677	3.308991749883282
1.0059152203656356	3.295488483891024
1.0082762102072036	3.2819852178987663
1.0106372000487716	3.2684819519065087
1.0129981898903395	3.254978685914251
1.0153591797319075	3.2414754199219935
1.0177201695734754	3.227972153929736
1.0200811594150434	3.2144688879374783
1.0224421492566114	3.2009656219452207
1.0248031390981793	3.187462355952963
1.0271641289397473	3.173959089960705
1.0295251187813153	3.1604558239684475
1.0318861086228832	3.14695255797619
1.0342470984644512	3.1334492919839323
1.0366080883060191	3.1199460259916747
1.038969078147587	3.106442759999417
1.041330067989155	3.0929394940071595
1.043691057830723	3.0794362280149015
1.046052047672291	3.065932962022644
1.048413037513859	3.0524296960303863
1.050774027355427	3.0389264300381287
1.0531350171969949	3.025423164045871
1.0554960070385628	3.0119198980536135
1.057856996880131	2.9984166320613546
1.060217986721699	2.984913366069097
1.062578976563267	2.9714101000768394
1.064939966404835	2.9579068340845813
1.0673009562464029	2.9444035680923237
1.0696619460879708	2.930900302100066
1.0720229359295388	2.9173970361078085
1.0743839257711068	2.903893770115551
1.0767449156126747	2.8903905041232933
1.0791059054542427	2.8768872381310358
1.0814668952958106	2.863383972138778
1.0838278851373786	2.8498807061465206
1.0861888749789466	2.836377440154263
1.0885498648205145	2.822874174162005
1.0909108546620825	2.8093709081697473
1.0932718445036504	2.7958676421774897
1.0956328343452184	2.782364376185232
1.0979938241867864	2.7688611101929745
1.1003548140283543	2.755357844200717
1.1027158038699223	2.741854578208459
1.1050767937114903	2.7283513122162013
1.1074377835530582	2.7148480462239437
1.1097987733946262	2.701344780231686
1.1121597632361941	2.6878415142394285
1.114520753077762	2.674338248247171
1.11688174291933	2.6608349822549133
1.119242732760898	2.6473317162626557
1.121603722602466	2.633828450270398
1.123964712444034	2.6203251842781405
1.126325702285602	2.6068219182858825
1.1286866921271699	2.593318652293625
1.1310476819687378	2.5798153863013673
1.1334086718103058	2.5663121203091097
1.1357696616518738	2.552808854316852
1.1381306514934417	2.5393055883245945
1.1404916413350097	2.5258023223323365
1.1428526311765776	2.512299056340079
1.1452136210181456	2.4987957903478213
1.1475746108597136	2.4852925243555637
1.1499356007012815	2.471789258363306
1.1522965905428495	2.4582859923710485
1.1546575803844175	2.444782726378791
1.1570185702259854	2.4312794603865333
1.1593795600675534	2.4177761943942757
1.1617405499091213	2.404272928402018
1.1641015397506893	2.39076966240976
1.1664625295922573	2.3772663964175025
1.1688235194338252	2.363763130425245
1.1711845092753932	2.3502598644329873
1.1735454991169612	2.3367565984407297
1.1759064889585291	2.3232533324484717
1.178267478800097	2.309750066456214
1.180628468641665	2.2962468004639565
1.182989458483233	2.282743534471699
1.185350448324801	2.2692402684794413
1.187711438166369	2.2557370024871837
1.1900724280079369	2.242233736494926
1.1924334178495049	2.2287304705026685
1.1947944076910728	2.215227204510411
1.1971553975326408	2.2017239385181533
1.1995163873742087	2.1882206725258957
1.2018773772157767	2.174717406533638
1.2042383670573447	2.16121414054138
1.2065993568989126	2.1477108745491225
1.2089603467404806	2.134207608556865
1.2113213365820485	2.1207043425646073
1.2136823264236165	2.1072010765723492
1.2160433162651845	2.0936978105800916
1.2184043061067524	2.080194544587834
1.2207652959483204	2.0666912785955764
1.2231262857898884	2.053188012603319
1.2254872756314563	2.0396847466110613
1.2278482654730243	2.0261814806188037
1.2302092553145922	2.012678214626546
1.2325702451561602	1.9991749486342882
1.2349312349977282	1.9856716826420306
1.2372922248392961	1.972168416649773
1.239653214680864	1.9586651506575155
1.242014204522432	1.9451618846652576
1.244375194364	1.931658618673
