0.0004219262775278	157.6094133137
0.0021695243262300646	1862.8302415352853
0.003917122374932329	3218.093239065435
0.005664720423634594	4384.789668547227
0.007412318472336859	5388.351542879235
0.009159916521039124	6245.9327998949475
0.01090751456974139	6971.904882411252
0.012655112618443655	7578.906655192095
0.01440271066714592	8078.223522015259
0.01615030871584818	8480.350608845649
0.017897906764550445	8795.149841940976
0.019645504813252713	9031.79141941572
0.021393102861954977	9198.861170649323
0.02314070091065724	9304.389348529276
0.024888298959359508	9356.196041493922
0.026635897008061772	9361.64847682339
0.028383495056764036	9327.707727256173
0.0301310931054663	9260.849756890328
0.03187869115416857	9167.091003622436
0.033626289202870835	9051.910607924405
0.035373887251573095	8920.332469449475
0.03712148530027536	8776.81957273741
0.03886908334897763	8625.313358839323
0.04061668139767989	8469.237299668072
0.04236427944638216	8311.461632490458
0.044111877495084426	8154.399866023494
0.045859475543786686	7999.987368191801
0.047607073592488953	7849.7340082979745
0.04935467164119122	7704.694054378664
0.05110226968989348	7565.628475116417
0.05284986773859575	7432.970119536314
0.05459746578729801	7306.78683028724
0.05634506383600028	7186.988163334975
0.058092661884702544	7073.2157241118775
0.059840259933404805	6965.045601817562
0.06158785798210707	6861.768030153764
0.06333545603080933	6762.827672821968
0.06508305407951159	6667.324056154227
0.06683065212821386	6574.488959912965
0.06857825017691613	6483.619261297479
0.07032584822561838	6393.850110930617
0.07207344627432065	6304.513448002671
0.07382104432302292	6214.984025007896
0.07556864237172518	6124.680622836729
0.07731624042042745	6033.171772648558
0.07906383846912972	5940.285244604513
0.08081143651783197	5845.941527153467
0.08255903456653424	5749.065331769974
0.08430663261523651	5650.954519219928
0.08605423066393877	5551.041424333759
0.08780182871264104	5449.480127180431
0.0895494267613433	5347.107604335818
0.09129702481004556	5243.481777032067
0.09304462285874783	5139.647564471231
0.0947922209074501	5035.884415486546
0.09653981895615237	4932.1247633339635
0.09828741700485463	4830.285894743661
0.10003501505355689	4728.483954008229
0.10178261310225915	4630.443856741198
0.10353021115096142	4532.551613192549
0.10527780919966369	4439.826183408241
0.10702540724836596	4347.599106959021
0.10877300529706821	4261.26975528115
0.11052060334577048	4176.048576815394
0.11226820139447274	4096.760032575434
0.11401579944317501	4019.3553524740028
0.11576339749187728	3947.324256230635
0.11751099554057953	3877.9600567309826
0.1192585935892818	3813.015716121459
0.12100619163798407	3751.3675073940235
0.12275378968668633	3693.0046477171677
0.1245013877353886	3638.282240529235
0.12624898578409086	3585.723872881658
0.12799658383279314	3536.7860690587186
0.1297441818814954	3489.0570950663246
0.13149177993019764	3444.5514483565435
0.13323937797889993	3400.5594864257505
0.13498697602760218	3359.0630313549045
0.13673457407630446	3317.6790625673098
0.13848217212500671	3277.830557441543
0.14022977017370897	3237.9820523157764
0.14197736822241125	3198.593495473501
0.1437249662711135	3159.2213447169192
0.14547256431981578	3119.491287927709
0.14722016236851804	3079.70427193869
0.14896776041722032	3039.1884714715297
0.15071535846592257	2998.442216806198
0.15246295651462483	2956.9394882804513
0.1542105545633271	2915.0413734403196
0.15595815261202936	2872.586581892519
0.15770575066073164	2829.6830735242092
0.1594533487094339	2786.5144170485305
0.16120094675813615	2743.02249403533
0.16294854480683843	2699.5362612710746
0.16469614285554068	2656.060712066457
0.16644374090424296	2612.76005223674
0.16819133895294522	2570.0000412990616
0.16993893700164747	2527.44003883355
0.17168653505034975	2486.0954864304335
0.173434133099052	2444.8287889343283
0.1751817311477543	2405.5232446996774
0.17692932919645654	2366.2177004650275
0.1786769272451588	2329.274342355469
0.18042452529386108	2292.4950458964818
0.18217212334256333	2258.0730079380896
0.1839197213912656	2224.127202893316
0.18566731943996787	2192.3301497196126
0.18741491748867012	2161.3327140438837
0.1891625155373724	2132.133543260302
0.19091011358607465	2104.0103145309467
0.19265771163477693	2077.262791062814
0.1944053096834792	2051.772412257696
0.19615290773218147	2027.23033546237
0.19790050578088372	2004.0011974960612
0.19964810382958598	1981.3426378928957
0.20139570187828826	1959.9178342009434
0.2031432999269905	1938.7722270925935
0.2048908979756928	1918.6577245466856
0.20663849602439505	1898.6339496659639
0.2083860940730973	1879.3447879637997
0.21013369212179958	1860.058715576515
0.21188129017050183	1841.2255644877062
0.21362888821920412	1822.392413398897
0.21537648626790637	1803.6319005252544
0.21712408431660862	1784.8791352586795
0.2188716823653109	1765.944587559096
0.22061928041401316	1746.9647256411579
0.22236687846271544	1727.7307248970833
0.2241144765114177	1708.386403883684
0.22586207456011995	1688.8170653402435
0.22760967260882223	1669.0940185000243
0.22935727065752448	1649.233183216269
0.23110486870622676	1629.2294975678928
0.23285246675492902	1609.1896530664853
0.23460006480363127	1589.0927306801666
0.23634766285233355	1569.0370590622829
0.2380952609010358	1549.085052982931
0.23984285894973809	1529.206416502577
0.24159045699844034	1509.6586826893745
0.2433380550471426	1490.1610439543722
0.24508565309584487	1471.2529512353071
0.24683325114454713	1452.3448585162423
0.2485808491932494	1434.2525796069042
0.2503284472419517	1416.1810919849624
0.2520760452906539	1398.960331511837
0.2538236433393562	1381.8644738032797
0.2555712413880585	1365.578218997279
0.2573188394367607	1349.535427402536
0.259066437485463	1334.2055254245242
0.26081403553416527	1319.2337299435198
0.2625616335828675	1304.844316361262
0.2643092316315698	1290.9079435609262
0.26605682968027206	1277.4093454355448
0.26780442772897434	1264.426142664816
0.26955202577767656	1251.7392885774657
0.27129962382637884	1239.5882767004673
0.2730472218750811	1227.6102240287205
0.27479481992378335	1216.1430362526007
0.27654241797248563	1204.7537922746353
0.2782900160211879	1193.8070931162645
0.28003761406989014	1182.8770646450937
0.2817852121185924	1172.2883196071743
0.2835328101672947	1161.6995745692552
0.285280408215997	1151.3099150465919
0.2870280062646992	1140.9322015559476
0.2887756043134015	1130.63208287765
0.29052320236210377	1120.3467209182797
0.292270800410806	1110.068919527961
0.2940183984595083	1099.79381572689
0.29576599650821056	1089.4997683668587
0.29751359455691284	1079.1947779480438
0.29926119260561507	1068.869692250742
0.30100879065431735	1058.5268336874221
0.30275638870301963	1048.1797238611352
0.30450398675172186	1037.8269203734772
0.30625158480042414	1027.4860578998164
0.3079991828491264	1017.1700757314783
0.30974678089782864	1006.8769304459872
0.3114943789465309	996.6642306832837
0.3132419769952332	986.4723006118431
0.3149895750439355	976.4357266901396
0.3167371730926377	966.402864276028
0.31848477114134	956.6181074657167
0.3202323691900423	946.8333506554054
0.3219799672387445	937.3405360853121
0.3237275652874468	927.8760487354805
0.32547516333614906	918.716070046899
0.3272227613848513	909.6282799862825
0.32897035943355357	900.8319122026592
0.33071795748225585	892.157383764928
0.33246555553095813	883.7398932887578
0.33421315357966036	875.4923470137605
0.33596075162836264	867.4528376440824
0.3377083496770649	859.6223674848128
0.33945594772576715	851.9453918177006
0.34120354577446943	844.502917362983
0.3429511438231717	837.1607551439678
0.344698741871874	830.0613239910812
0.3464463399205762	823.0167421897708
0.3481939379692785	816.2071696495387
0.3499415360179808	809.4178161647116
0.351689134066683	802.8432481773441
0.3534367321153853	796.2686801899764
0.35518433016408757	789.872919301625
0.3569319282127898	783.4802793263271
0.3586795262614921	777.2062691962368
0.36042712431019436	770.9484889815124
0.36217472235889664	764.7647602382168
0.36392232040759886	758.6023505180062
0.36566991845630115	752.4839814772523
0.3674175165050034	746.386985029415
0.36916511455370565	740.3168323182795
0.37091271260240793	734.2669239419718
0.3726603106511102	728.2351564979423
0.37440790869981244	722.2241036559282
0.3761555067485147	716.2285683117476
0.377903104797217	710.2601825709112
0.3796507028459193	704.3066346449973
0.3813983008946215	698.395209331437
0.3831458989433238	692.495975040974
0.3848934969920261	686.6620520612498
0.3866410950407283	680.8336332398819
0.3883886930894306	675.1014434783799
0.39013629113813286	669.3692537168779
0.39188388918683514	663.7565782454456
0.39363148723553737	658.1500727955405
0.39537908528423965	652.6680931382233
0.39712668333294193	647.2084838589432
0.39887428138164416	641.8686569767187
0.40062187943034644	636.5699337226135
0.4023694774790487	631.3808155007057
0.40411707552775095	626.2529973750128
0.4058646735764532	621.2191547021914
0.4076122716251555	616.2659717512819
0.4093598696738578	611.3880517779685
0.41110746772256	606.6079159453966
0.4128550657712623	601.8830619771844
0.4146026638199646	597.2695730029924
0.4163502618686668	592.6917271806121
0.4180978599173691	588.2342030127392
0.41984545796607137	583.7942688935495
0.4215930560147736	579.4770881803539
0.4233406540634759	575.1626364576916
0.42508825211217816	570.9687280966109
0.42683585016088044	566.7748197355302
0.42858344820958266	562.675260181476
0.43033104625828494	558.5840231869856
0.4320786443069872	554.5624416049881
0.43382624235568945	550.5565936859532
0.43557384040439173	546.6005024596539
0.437321438453094	542.664484286412
0.43906903650179624	538.7641315794565
0.4408166345504985	534.8866443130008
0.4425642325992008	531.0352633466376
0.4443118306479031	527.2093547626031
0.4460594286966053	523.403192035205
0.4478070267453076	519.6262871892754
0.44955462479400987	515.8644243405498
0.4513022228427121	512.1377018916556
0.4530498208914144	508.421102057221
0.45479741894011666	504.74588190922066
0.45654501698881894	501.07597474155165
0.45829261503752117	497.45767105508617
0.46004021308622345	493.83936736862063
0.46178781113492573	490.28214278657936
0.46353540918362796	486.72552600925803
0.46528300723233024	483.2277115742459
0.4670306052810325	479.73739228951035
0.46877820332973474	476.3041957086682
0.470525801378437	472.88676060341294
0.4722733994271393	469.5218713611732
0.4740209974758416	466.18164762657375
0.4757685955245438	462.88909142647975
0.4775161935732461	459.6314310564468
0.4792637916219484	456.41246178965935
0.4810113896706506	453.2364034472856
0.4827589877193529	450.0911854130901
0.48450658576805516	446.9982674146202
0.4862541838167574	443.9265820551275
0.48800178186545967	440.91296682909694
0.48974937991416195	437.9117610183824
0.49149697796286423	434.9735646405771
0.49324457601156646	432.0396255855316
0.49499217406026874	429.1708364115982
0.496739772108971	426.3020472376648
0.49848737015767325	423.4955077228833
0.5002349682063756	420.6916880556596
0.5019825662550778	417.9387392782306
0.50373016430378	415.1944222784828
0.5054777623524823	412.49172682116216
0.5072253604011846	409.80277731112614
0.5089729584498869	407.1469848012624
0.5107205564985892	404.50916166306143
0.5124681545472914	401.89688668675797
0.5142157525959936	399.3059127232791
0.5159633506446959	396.73407296247655
0.5177109486933982	394.1863767745085
0.5194585467421005	391.6522483793856
0.5212061447908027	389.1445843057848
0.522953742839505	386.64582536998824
0.5247013408882072	384.17593976592804
0.5264489389369095	381.7109796192247
0.5281965369856118	379.27826251121525
0.529944135034314	376.8466430723704
0.5316917330830163	374.4513712618459
0.5334393311317186	372.0560994513214
0.5351869291804209	369.69670094598774
0.536934527229123	367.3401645727552
0.5386821252778253	365.01637617791476
0.5404297233265276	362.6996352619412
0.5421773213752299	360.41275867218343
0.5439249194239322	358.1375130446337
0.5456725174726345	355.88802167452235
0.5474201155213367	353.65455096543474
0.5491677135700389	351.4428791542974
0.5509153116187412	349.25187685132437
0.5526629096674435	347.0783715500289
0.5544105077161458	344.9300351779153
0.556158105764848	342.7948676891421
0.5579057038135503	340.68944219469313
0.5596533018622525	338.5927167615031
0.5614008999109548	336.53000454531633
0.563148497959657	334.47158258881007
0.5648960960083593	332.45156756793847
0.5666436940570616	330.4315525470669
0.5683912921057639	328.4529214299009
0.5701388901544662	326.47440331470636
0.5718864882031683	324.53175478897964
0.5736340862518706	322.5933560014449
0.5753816843005729	320.68465399901885
0.5771292823492752	318.7838048152507
0.5788768803979775	316.90696568330003
0.5806244784466797	315.0410319014455
0.582372076495382	313.19404527856045
0.5841196745440842	311.3605297817504
0.5858672725927865	309.54162786365583
0.5876148706414888	307.7384779726238
0.589362468690191	305.946230477019
0.5911100667388933	304.1719191243575
0.5928576647875956	302.4052079908354
0.5946052628362979	300.6585494225066
0.5963528608850001	298.91656150824946
0.5981004589337023	297.19711491686127
0.5998480569824046	295.47946896167593
0.6015956550311069	293.7863341599952
0.6033432530798092	292.0931993583144
0.6050908511285115	290.4251236959829
0.6068384491772136	288.7579507421044
0.6085860472259159	287.11270147908124
0.6103336452746182	285.4709613278137
0.6120812433233205	283.8485155327055
0.6138288413720228	282.2322022089001
0.615576439420725	280.632488094083
0.6173240374694273	279.04149336154416
0.6190716355181295	277.4648165128064
0.6208192335668318	275.89974081972946
0.622566831615534	274.3465628468732
0.6243144296642363	272.80797347780026
0.6260620277129386	271.2786324986536
0.6278096257616409	269.76677283116334
0.6295572238103432	268.2613712579892
0.6313048218590454	266.7761109846419
0.6330524199077476	265.29448468719676
0.6348000179564499	263.83525851358826
0.6365476160051522	262.37695033975797
0.6382952140538545	260.9429582464898
0.6400428121025568	259.5089661532217
0.641790410151259	258.09766753388317
0.6435380081999612	256.6879940436095
0.6452856062486635	255.29777957501986
0.6470332042973658	253.91155160990309
0.648780802346068	252.54187699425714
0.6505284003947703	251.17842590100008
0.6522759984434726	249.8288073204202
0.6540235964921748	248.4875395293268
0.6557711945408771	247.15755063665497
0.6575187925895793	245.8379584894407
0.6592663906382816	244.5271498918722
0.6610139886869839	243.22861420942053
0.6627615867356862	241.93639356814745
0.6645091847843885	240.6579735624515
0.6662567828330906	239.3836239376882
0.6680043808817929	238.12451956421663
0.6697519789304952	236.86740754440746
0.6714995769791975	235.62683265969906
0.6732471750278998	234.38633559777338
0.674994773076602	233.16378836125892
0.6767423711253043	231.9412411247445
0.6784899691740065	230.7348602023708
0.6802375672227088	229.53025340557133
0.6819851652714111	228.33984170569866
0.6837327633201133	227.1530254003715
0.6854803613688156	225.97860015530748
0.6872279594175179	224.8096204935387
0.6889755574662202	223.65108049270955
0.6907231555149224	222.49975059612638
0.6924707535636246	221.35690452333674
0.6942183516123269	220.2229494272957
0.6959659496610292	219.0955240226717
0.6977135477097315	217.97852580197187
0.6994611457584338	216.8661977974263
0.7012087438071359	215.76576830132183
0.7029563418558382	214.6682555860091
0.7047039399045405	213.58415174788982
0.7064515379532428	212.50126855632234
0.7081991360019451	211.43334179775556
0.7099467340506473	210.36541503918875
0.7116943320993496	209.31333395535063
0.7134419301480518	208.26170516969444
0.7151895281967541	207.2241136030902
0.7169371262454564	206.18863735642242
0.7186847242941586	205.16528590295297
0.7204323223428609	204.14564180302878
0.7221799203915632	203.1362578393963
0.7239275184402655	202.13209778024049
0.7256751164889677	201.1362740902987
0.7274227145376699	200.14701585966012
0.7291703125863722	199.1642989801595
0.7309179106350745	198.18937915655914
0.7326655086837768	197.21934294094632
0.7344131067324791	196.2582575273599
0.7361607047811813	195.30057791835867
0.7379083028298835	194.35312679624224
0.7396559008785858	193.4076513287889
0.7414034989272881	192.4736776750457
0.7431510969759904	191.540279952632
0.7448986950246926	190.61958214578345
0.7466462930733949	189.6988843389349
0.7483938911220971	188.7904244957749
0.7501414891707994	187.88274338580908
0.7518890872195017	186.98579238552017
0.7536366852682039	186.09093151141533
0.7553842833169062	185.20494221144847
0.7571318813656085	184.32217192136693
0.7588794794143108	183.44700572953602
0.760627077463013	182.57629488553977
0.7623746755117152	181.71184644110346
0.7641222735604175	180.85301096954845
0.7658698716091198	179.99912290605
0.7676174696578221	179.1519521192059
0.7693650677065244	178.30852148381558
0.7711126657552266	177.47300488274433
0.7728602638039288	176.64005199014707
0.7746078618526311	175.81631065306635
0.7763554599013334	174.99389287615807
0.7781030579500356	174.1817098169797
0.7798506559987379	173.36965377111196
0.7815982540474402	172.56870695296584
0.7833458520961425	171.7677601348197
0.7850934501448447	170.97680660319782
0.7868410481935469	170.18686444529038
0.7885886462422492	169.405510875195
0.7903362442909515	168.62623925763748
0.7920838423396538	167.85417193069694
0.7938314403883561	167.08516751994063
0.7955790384370582	166.32243615078863
0.7973266364857605	165.56391351060418
0.7990742345344628	164.81052696398163
0.8008218325831651	164.06237475240917
0.8025694306318674	163.31816347947264
0.8043170286805696	162.58006326811685
0.8060646267292719	161.8448632125267
0.8078122247779741	161.11680346065637
0.8095598228266764	160.3905624562064
0.8113074208753787	159.67229995086905
0.8130550189240809	158.9548162998547
0.8148026169727832	158.24600243483843
0.8165502150214855	157.53718856982218
0.8182978130701878	156.8373524770247
0.82004541111889	156.13770688302333
0.8217930091675922	155.44588020944408
0.8235406072162945	154.75516018554407
0.8252882052649968	154.07127458721027
0.8270358033136991	153.38939822295902
0.8287834013624014	152.7133927041545
0.8305309994111035	152.04028407379397
0.8322785974598058	151.37214591211412
0.8340261955085081	150.70781300985584
0.8357737935572104	150.0475941869596
0.8375213916059127	149.39214353870622
0.8392689896546149	148.73957443896964
0.8410165877033172	148.0921287347675
0.8427641857520194	147.44689151931644
0.8445117838007217	146.80804710482738
0.846259381849424	146.1704175163533
0.8480069798981262	145.53948450025797
0.8497545779468285	144.9089466956811
0.8515021759955308	144.28586370685866
0.8532497740442331	143.6627807180362
0.8549973720929352	143.0469441197291
0.8567449701416375	142.4315119711531
0.8584925681903398	141.82274399702246
0.8602401662390421	141.21520846478765
0.8619877642877444	140.61336288465856
0.8637353623364467	140.01350901209923
0.8654829603851489	139.41861050326798
0.8672305584338511	138.82652962422932
0.8689781564825534	138.23844752562928
0.8707257545312557	137.6538507733364
0.872473352579958	137.07240022787846
0.8742209506286602	136.49510168952565
0.8759685486773625	135.92004644425836
0.8777161467260647	135.3495896367475
0.879463744774767	134.78080266301748
0.8812113428234692	134.2177780753477
0.8829589408721715	133.65553974032912
0.8847065389208738	133.09898817607302
0.8864541369695761	132.54256182123544
0.8882017350182784	131.9928683708299
0.8899493330669805	131.44317492042444
0.8916969311156828	130.8994882266484
0.8934445291643851	130.35635919210299
0.8951921272130874	129.81937274215863
0.8969397252617897	129.28380996564903
0.898687323310492	128.75244612667746
0.9004349213591942	128.2228087790535
0.9021825194078964	127.69689030175739
0.9039301174565987	127.17339557174792
0.905677715505301	126.65334351251539
0.9074253135540032	126.13670379702475
0.9091729116027055	125.62218287896842
0.9109205096514078	125.11085339363277
0.9126681077001101	124.60140954541015
0.9144157057488123	124.09645489617587
0.9161633037975145	123.59265498241751
0.9179109018462168	123.09369632159797
0.9196584998949191	122.5952710960884
0.9214060979436214	122.10228090846462
0.9231536959923237	121.60929072084083
0.9249012940410258	121.12219796202926
0.9266488920897281	120.63518793082973
0.9283964901384304	120.1532570717783
0.9301440881871327	119.67199949691847
0.931891686235835	119.19535725574929
0.9336392842845372	118.72001868874655
0.9353868823332395	118.24817618849177
0.9371344803819417	117.7780052006641
0.938882078430644	117.31099960820349
0.9406296764793463	116.8463496975725
0.9423772745280485	116.38420695237795
0.9441248725767508	115.92489007467752
0.9458724706254531	115.46753200824902
0.9476200686741554	115.01355379045341
0.9493676667228576	114.56096931260448
0.9511152647715598	114.11227639248551
0.9528628628202621	113.66442720686607
0.9546104608689644	113.22099146352784
0.9563580589176667	112.77785018304061
0.958105656966369	112.33955497353224
0.9598532550150712	111.90125976402388
0.9616008530637734	111.46785973072878
0.9633484511124757	111.03469533990095
0.965096049161178	110.60564234939238
0.9668436472098803	110.17730999028346
0.9685912452585825	109.75254382400777
0.9703388433072848	109.32898130730615
0.972086441355987	108.90845333382956
0.9738340394046893	108.48959958889948
0.9755816374533915	108.0732628010559
0.9773292355020938	107.6590594500412
0.9790768335507961	107.24694972241126
0.9808244315994984	106.83752605276025
0.9825720296482007	106.42966368210124
0.9843196276969028	106.02490316518023
0.9860672257456051	105.6212094971189
0.9878148237943074	105.22105527709991
0.9895624218430097	104.82147485799868
0.991310019891712	104.42578959549121
0.9930576179404143	104.03021511912546
0.9948052159891165	103.63892832424311
0.9965528140378187	103.24764152936079
0.998300412086521	102.86023359333402
1.0000480101352234	102.4731539049179
1.0017956081839254	102.08949815142896
1.0035432062326277	101.70660027539085
1.00529080428133	101.32661833494214
1.0070384023300323	100.94779550724387
1.0087860003787346	100.57163780548943
1.0105335984274368	100.19716727784123
1.0122811964761391	99.82475715516833
1.0140287945248414	99.45433346802677
1.0157763925735437	99.08575284078344
1.017523990622246	98.71986949902428
1.0192715886709482	98.35501246842892
1.0210191867196505	97.99251942831835
1.0227667847683528	97.63084394291982
1.024514382817055	97.27244871656832
1.0262619808657572	96.9144196762053
1.0280095789144594	96.55982699601114
1.0297571769631617	96.20523431581698
1.031504775011864	95.85446289583922
1.0332523730605663	95.50371806284157
1.0349999711092686	95.15622099844886
1.0367475691579708	94.80912583317097
1.0384951672066731	94.46502214855072
1.0402427652553754	94.12172969287668
1.0419903633040777	93.78095550339727
1.04373796135278	93.44134762703929
1.0454855594014822	93.10389054982322
1.0472331574501845	92.76798934290944
1.0489807554988866	92.4337962308788
1.0507283535475889	92.10147562589646
1.0524759515962911	91.77042898828533
1.0542235496449934	91.44151624957574
1.0559711476936957	91.11353054184141
1.057718745742398	90.7880433661995
1.0594663437911003	90.46311472936969
1.0612139418398026	90.14096387507549
1.0629615398885048	89.81902822143297
1.0647091379372071	89.5002293162657
1.0664567359859094	89.18143041109842
1.0682043340346117	88.8658716917327
1.069951932083314	88.55044449705579
1.0716995301320162	88.23788074482258
1.0734471281807183	87.92579174482215
1.0751947262294206	87.61635038624942
1.0769423242781229	87.30777018626762
1.0786899223268251	87.00099710167243
1.0804375203755274	86.69519126680237
1.0821851184242297	86.39121332611693
1.083932716472932	86.08874214103116
1.0856803145216343	85.78759712450864
1.0874279125703366	85.48810648364152
1.0891755106190388	85.18966739960467
1.0909231086677411	84.89325390019414
1.0926707067164434	84.5975513890298
1.0944183047651457	84.30411870161763
1.0961659028138477	84.01109437263375
1.09791350086255	83.72067959659546
1.0996610989112523	83.43036302427278
1.1014086969599546	83.1430074085838
1.1031562950086569	82.85565179289483
1.1049038930573591	82.57099614906302
1.1066514911060614	82.2865471936757
1.1083990891547637	82.00446515925543
1.110146687203466	81.72288283156695
1.1118942852521683	81.44339278878076
1.1136418833008705	81.16470647255188
1.1153894813495728	80.88765532336443
1.1171370793982751	80.61160952032779
1.1188846774469772	80.33698727190406
1.1206322754956795	80.06370002336394
1.1223798735443817	79.79154602223198
1.124127471593084	79.5210037724663
1.1258750696417863	79.25125419550544
1.1276226676904886	78.98327200540943
1.1293702657391909	78.7158727620038
1.1311178637878931	78.45071464675584
1.1328654618365954	78.18584543510505
1.1346130598852977	77.92348649633753
1.136360657934	77.66112755757
