0.0001376378505352	10752.83477124
0.0023453213379506796	8604.666969615133
0.004553004825366159	12143.44627228672
0.006760688312781639	13508.604067234339
0.00896837180019712	13618.329918655398
0.0111760552876126	12980.236657636153
0.013383738775028079	11897.673701988248
0.015591422262443559	10574.27269954972
0.01779910574985904	9161.848468942244
0.020006789237274517	7770.480734935593
0.022214472724689998	6478.784094404621
0.02442215621210548	5336.289396789109
0.026629839699520957	4367.809704747867
0.028837523186936435	3577.7742295978906
0.031045206674351917	2956.403938765076
0.0332528901617674	2485.098568628267
0.035460573649182876	2141.253289776166
0.037668257136598354	1902.1272550142016
0.03987594062401383	1746.3748902299874
0.04208362411142932	1655.192750648973
0.044291307598844795	1611.9661356280174
0.04649899108626027	1602.1868243818637
0.04870667457367576	1611.9043775738724
0.050914358061091236	1628.487074700076
0.053122041548506714	1640.7404762168223
0.05532972503592219	1638.138220466084
0.05753740852333767	1616.8238231421926
0.059745092010753155	1568.5118758099777
0.06195277549816863	1496.1770745822619
0.0641604589855841	1402.3913101482285
0.06636814247299959	1291.9711109205155
0.06857582596041506	1171.0019350025048
0.07078350944783054	1045.941827351763
0.07299119293524603	924.8481890546518
0.0751988764226615	813.1135772633494
0.07740655991007699	713.8309000418329
0.07961424339749246	628.8064581806128
0.08182192688490794	558.8745647946566
0.08402961037232343	504.39073103638316
0.0862372938597389	467.4011380671534
0.08844497734715438	442.5859208542844
0.09065266083456987	428.3990987523081
0.09286034432198534	423.2282176326984
0.09506802780940082	425.39395469417633
0.09727571129681631	433.5563981523529
0.09948339478423178	444.61865888218654
0.10169107827164726	456.00447184088983
0.10389876175906274	465.91692925045504
0.10610644524647822	472.7198606632873
0.1083141287338937	474.89564218731755
0.11052181222130918	469.7008376073985
0.11272949570872466	458.400848772077
0.11493717919614013	441.4103432020197
0.11714486268355562	419.4554386088628
0.1193525461709711	393.533732072453
0.12156022965838657	364.78425212711755
0.12376791314580206	335.3690191476241
0.12597559663321753	306.747641709575
0.12818328012063301	279.88746568597946
0.1303909636080485	255.5725960238001
0.13259864709546398	234.46114018137243
0.13480633058287947	217.80489811262387
0.13701401407029493	204.68761386025452
0.1392216975577104	194.94525487669802
0.1414293810451259	188.33620411101916
0.14363706453254138	184.54977291358102
0.14584474801995687	183.50562586136746
0.14805243150737232	184.3970223027653
0.1502601149947878	186.50996736068183
0.1524677984822033	189.33823599124227
0.15467548196961878	192.3512694557627
0.15688316545703426	194.98565623063445
0.15909084894444972	196.39450858422222
0.1612985324318652	196.40206011193047
0.1635062159192807	194.8436057323904
0.16571389940669617	191.65189275340438
0.16792158289411166	186.8547050493297
0.17012926638152714	180.39470318690397
0.1723369498689426	172.75591275878523
0.1745446333563581	164.41978527631014
0.17675231684377357	155.70263486494187
0.17896000033118906	146.9118347569443
0.18116768381860454	138.35592052669816
0.18337536730602	130.49700134247135
0.18558305079343548	123.42347204616652
0.18779073428085097	117.24046274236747
0.18999841776826645	112.01450155122791
0.19220610125568194	107.77473828967817
0.19441378474309742	104.66901127554999
0.19662146823051288	102.52453224940885
0.19882915171792837	101.12748479627204
0.20103683520534385	100.35103761538254
0.20324451869275934	100.05761105608843
0.20545220218017482	100.10852765200555
0.20765988566759028	100.31278006937778
0.20986756915500576	100.45409585400036
0.21207525264242125	100.41449305379089
0.21428293612983673	100.09286983087287
0.21649061961725222	99.40648863915115
0.21869830310466767	98.21083979484689
0.22090598659208316	96.52238253590707
0.22311367007949864	94.4150250918306
0.22532135356691413	91.93800903954636
0.2275290370543296	89.15689489089536
0.22973672054174507	86.14776782852097
0.23194440402916056	83.02612634660935
0.23415208751657604	79.93130437444364
0.23635977100399153	76.93998257908913
0.238567454491407	74.11752543198673
0.2407751379788225	71.51733881661687
0.24298282146623795	69.23551353302827
0.24519050495365344	67.27060321387572
0.24739818844106892	65.59400297500143
0.2496058719284844	64.19495483571342
0.2518135554158999	63.05543623100208
0.2540212389033154	62.16008839676752
0.25622892239073086	61.492046126441785
0.2584366058781464	60.95415807279599
0.26064428936556183	60.503020723714116
0.2628519728529773	60.09554544213972
0.2650596563403928	59.689789247301725
0.26726733982780826	59.229013853750864
0.26947502331522377	58.67509822316989
0.27168270680263923	58.016626140548446
0.2738903902900547	57.244826074781194
0.2760980737774702	56.35735847098277
0.27830575726488566	55.35284602124548
0.28051344075230117	54.23436703685094
0.2827211242397166	53.04703953601663
0.2849288077271321	51.81221348053276
0.2871364912145476	50.552211015503644
0.28934417470196305	49.28995669422477
0.29155185818937857	48.06007495697459
0.293759541676794	46.88851968448295
0.2959672251642095	45.787595868622056
0.298174908651625	44.768094367496246
0.30038259213904045	43.83709351693726
0.30259027562645596	43.003361553242584
0.3047979591138714	42.27544199860313
0.3070056426012869	41.624929226844316
0.3092133260887024	41.04173576427522
0.31142100957611785	40.515162392942806
0.31362869306353336	40.034187416078495
0.3158363765509488	39.59078860861838
0.3180440600383643	39.16454477752944
0.3202517435257798	38.74353551330976
0.32245942701319524	38.31885534180488
0.32466711050061076	37.882517969402954
0.3268747939880262	37.42586872094959
0.3290824774754417	36.93916116236107
0.3312901609628572	36.42603676024871
0.33349784445027264	35.88794970717449
0.33570552793768815	35.327691973619764
0.3379132114251036	34.749246486291824
0.3401208949125191	34.15723180785407
0.3423285783999346	33.5611789607489
0.34453626188735004	32.967850973315365
0.34674394537476555	32.38208459443776
0.348951628862181	31.80823232690878
0.3511593123495965	31.252432464330006
0.353366995837012	30.722821915510114
0.35557467932442743	30.218547878746612
0.35778236281184295	29.741548966586127
0.3599900462992584	29.2929242156784
0.3621977297866739	28.872877178402742
0.3644054132740894	28.4859193009663
0.36661309676150483	28.123664774613463
0.36882078024892034	27.78072538401657
0.3710284637363358	27.45326524198484
0.3732361472237513	27.137417322851697
0.37544383071116677	26.829660228060405
0.3776515141985822	26.525671311802803
0.37985919768599774	26.221632402676132
0.3820668811734132	25.915631271130202
0.3842745646608287	25.60605962620523
0.38648224814824417	25.29160172529201
0.3886899316356597	24.96987543963141
0.39089761512307514	24.638888156788322
0.3931052986104906	24.30586797258008
0.3953129820979061	23.97284778837183
0.39752066558532156	23.639827604163585
0.3997283490727371	23.306807419955334
0.40193603256015253	22.97378723574709
0.404143716047568	22.640767051538845
0.4063513995349835	22.356749984358444
0.40855908302239896	22.07358600863076
0.4107667665098145	21.790422032903066
0.41297444999722993	21.507258057175385
0.4151821334846454	21.2240940814477
0.4173898169720609	20.940930105720007
0.41959750045947636	20.65776612999232
0.42180518394689187	20.41500521450437
0.42401286743430733	20.19230523746523
0.4262205509217228	19.969605260426096
0.4284282344091383	19.746905283386955
0.43063591789655375	19.52420530634782
0.43284360138396927	19.30150532930868
0.4350512848713847	19.07880535226954
0.4372589683588002	18.856105375230406
0.4394666518462157	18.644531570908306
0.44167433533363115	18.435925480735982
0.44388201882104666	18.22731939056365
0.4460897023084621	18.018713300391322
0.4482973857958776	17.810107210218995
0.4505050692832931	17.601501120046663
0.45271275277070855	17.392895029874335
0.45492043625812406	17.184288939702004
0.4571281197455395	16.98116877817201
0.459335803232955	16.79623816821173
0.4615434867203705	16.611307558251443
0.46375117020778595	16.426376948291164
0.46595885369520146	16.241446338330878
0.4681665371826169	16.0565157283706
0.47037422067003243	15.871585118410314
0.4725819041574479	15.686654508450035
0.47478958764486334	15.501723898489754
0.47699727113227885	15.31679328852947
0.4792049546196943	15.160087490172007
0.4814126381071098	15.008819243859483
0.4836203215945253	14.857550997546962
0.48582800508194074	14.70628275123444
0.48803568856935625	14.555014504921916
0.4902433720567717	14.403746258609393
0.4924510555441872	14.25247801229687
0.4946587390316027	14.101209765984349
0.49686642251901814	13.949941519671826
0.49907410600643365	13.798673273359302
0.5012817894938492	13.654287937930707
0.5034894729812646	13.520714849688645
0.5056971564686801	13.387141761446575
0.5079048399560956	13.253568673204507
0.510112523443511	13.119995584962444
0.5123202069309265	12.986422496720374
0.514527890418342	12.852849408478304
0.5167355739057575	12.719276320236235
0.5189432573931729	12.585703231994174
0.5211509408805884	12.452130143752104
0.523358624368004	12.318557055510034
0.5255663078554194	12.184983967267971
0.5277739913428349	12.064750860373765
0.5299816748302504	11.955024062176925
0.5321893583176658	11.845297263980092
0.5343970418050813	11.735570465783253
0.5366047252924968	11.625843667586414
0.5388124087799123	11.516116869389574
0.5410200922673277	11.40639007119274
0.5432277757547432	11.296663272995902
0.5454354592421587	11.186936474799063
0.5476431427295742	11.07720967660223
0.5498508262169897	10.967482878405391
0.5520585097044052	10.857756080208551
0.5542661931918206	10.748029282011718
0.5564738766792361	10.63830248381488
0.5586815601666516	10.544447191028866
0.5608892436540671	10.453372162555473
0.5630969271414825	10.362297134082084
0.565304610628898	10.271222105608691
0.5675122941163135	10.180147077135299
0.5697199776037289	10.089072048661912
0.5719276610911445	9.997997020188519
0.57413534457856	9.906921991715127
0.5763430280659755	9.815846963241732
0.5785507115533909	9.724771934768345
0.5807583950408064	9.633696906294952
0.5829660785282219	9.54262187782156
0.5851737620156373	9.451546849348171
0.5873814455030528	9.360471820874778
0.5895891289904683	9.269396792401386
0.5917968124778837	9.178321763927997
0.5940044959652993	9.095695236875182
0.5962121794527148	9.023514488114856
0.5984198629401303	8.951333739354528
0.6006275464275457	8.879152990594205
0.6028352299149612	8.806972241833877
0.6050429134023767	8.734791493073551
0.6072505968897921	8.662610744313227
0.6094582803772076	8.5904299955529
0.6116659638646231	8.518249246792573
0.6138736473520385	8.44606849803225
0.616081330839454	8.373887749271923
0.6182890143268696	8.301707000511596
0.6204966978142851	8.22952625175127
0.6227043813017005	8.157345502990946
0.624912064789116	8.08516475423062
0.6271197482765315	8.012984005470292
0.6293274317639469	7.94080325670997
0.6315351152513624	7.868622507949642
0.6337427987387779	7.796441759189316
0.6359504822261933	7.724261010428992
0.6381581657136088	7.652080261668665
0.6403658492010244	7.595616811081774
0.6425735326884399	7.540723467028591
0.6447812161758553	7.48583012297541
0.6469888996632708	7.430936778922227
0.6491965831506863	7.376043434869044
0.6514042666381017	7.321150090815863
0.6536119501255172	7.2662567467626795
0.6558196336129327	7.211363402709496
0.6580273171003482	7.156470058656313
0.6602350005877636	7.101576714603133
0.6624426840751791	7.04668337054995
0.6646503675625947	6.9917900264967665
0.6668580510500101	6.936896682443586
0.6690657345374256	6.882003338390403
0.6712734180248411	6.827109994337219
0.6734811015122565	6.772216650284038
0.675688784999672	6.717323306230855
0.6778964684870875	6.662429962177672
0.680104151974503	6.607536618124489
0.6823118354619184	6.5526432740713085
0.6845195189493339	6.497749930018125
0.6867272024367495	6.442856585964941
0.6889348859241649	6.387963241911761
0.6911425694115804	6.333069897858579
0.6933502528989959	6.278176553805395
0.6955579363864113	6.223283209752214
0.6977656198738268	6.168389865699031
0.6999733033612423	6.121187230962573
0.7021809868486578	6.082585897407321
0.7043886703360732	6.043984563852071
0.7065963538234887	6.005383230296819
0.7088040373109042	5.966781896741567
0.7110117207983196	5.928180563186318
0.7132194042857352	5.8895792296310665
0.7154270877731507	5.850977896075815
0.7176347712605662	5.812376562520563
0.7198424547479816	5.773775228965313
0.7220501382353971	5.735173895410061
0.7242578217228126	5.6965725618548095
0.726465505210228	5.6579712282995605
0.7286731886976435	5.619369894744309
0.730880872185059	5.580768561189057
0.7330885556724744	5.542167227633807
0.73529623915989	5.503565894078555
0.7375039226473055	5.4649645605233035
0.739711606134721	5.426363226968052
0.7419192896221364	5.387761893412803
0.7441269731095519	5.349160559857551
0.7463346565969674	5.310559226302299
0.7485423400843828	5.271957892747049
0.7507500235717983	5.233356559191797
0.7529577070592138	5.194755225636546
0.7551653905466292	5.156153892081296
0.7573730740340447	5.117552558526045
0.7595807575214603	5.078951224970793
0.7617884410088758	5.040349891415541
0.7639961244962912	5.001748557860291
0.7662038079837067	4.96314722430504
0.7684114914711222	4.924545890749788
0.7706191749585376	4.885944557194538
0.7728268584459531	4.847343223639287
0.7750345419333686	4.808741890084035
0.7772422254207841	4.7701405565287835
0.7794499089081995	4.731539222973534
0.781657592395615	4.692937889418282
0.7838652758830306	4.65433655586303
0.786072959370446	4.61573522230778
0.7882806428578615	4.582934935781069
0.790488326345277	4.559022612409931
0.7926960098326924	4.535110289038795
0.7949036933201079	4.511197965667657
0.7971113768075234	4.487285642296519
0.7993190602949389	4.463373318925381
0.8015267437823543	4.439460995554245
0.8037344272697698	4.415548672183107
0.8059421107571854	4.391636348811969
0.8081497942446008	4.367724025440832
0.8103574777320163	4.3438117020696945
0.8125651612194318	4.3198993786985564
0.8147728447068472	4.295987055327419
0.8169805281942627	4.272074731956281
0.8191882116816782	4.248162408585143
0.8213958951690937	4.224250085214006
0.8236035786565091	4.200337761842869
0.8258112621439246	4.176425438471731
0.8280189456313402	4.152513115100593
0.8302266291187556	4.128600791729457
0.8324343126061711	4.104688468358319
0.8346419960935866	4.080776144987181
0.836849679581002	4.056863821616044
0.8390573630684175	4.032951498244906
0.841265046555833	4.009039174873768
0.8434727300432485	3.9851268515026304
0.8456804135306639	3.961214528131494
0.8478880970180794	3.937302204760356
0.850095780505495	3.913389881389218
0.8523034639929103	3.8894775580180814
0.8545111474803259	3.865565234646944
0.8567188309677414	3.8416529112758058
0.8589265144551569	3.8177405879046677
0.8611341979425723	3.793828264533531
0.8633418814299878	3.7699159411623935
0.8655495649174033	3.7460036177912555
0.8677572484048187	3.7220912944201188
0.8699649318922342	3.6981789710489807
0.8721726153796497	3.674266647677843
0.8743802988670651	3.650354324306706
0.8765879823544807	3.6264420009355685
0.8787956658418962	3.6025296775644304
0.8810033493293117	3.578617354193293
0.8832110328167271	3.5547050308221557
0.8854187163041426	3.5307927074510177
0.8876263997915581	3.50688038407988
0.8898340832789735	3.4829680607087434
0.892041766766389	3.4590557373376054
0.8942494502538045	3.4351434139664674
0.8964571337412199	3.411231090595331
0.8986648172286354	3.387318767224193
0.900872500716051	3.363406443853055
0.9030801842034665	3.339494120481917
0.9052878676908819	3.315581797110781
0.9074955511782974	3.291669473739643
0.9097032346657129	3.267757150368505
0.9119109181531283	3.2438448269973685
0.9141186016405438	3.2199325036262305
0.9163262851279593	3.1960201802550925
0.9185339686153747	3.172107856883956
0.9207416521027902	3.148195533512818
0.9229493355902058	3.12428321014168
0.9251570190776213	3.100370886770542
0.9273647025650367	3.0764585633994055
0.9295723860524522	3.0557245844835914
0.9317800695398677	3.0431619588448955
0.9339877530272831	3.0305993332062
0.9361954365146986	3.0180367075675036
0.9384031200021141	3.0054740819288077
0.9406108034895296	2.9929114562901113
0.942818486976945	2.980348830651416
0.9450261704643605	2.96778620501272
0.9472338539517761	2.9552235793740236
0.9494415374391915	2.942660953735328
0.951649220926607	2.930098328096632
0.9538569044140225	2.9175357024579363
0.9560645879014379	2.9049730768192408
0.9582722713888534	2.8924104511805444
0.9604799548762689	2.8798478255418485
0.9626876383636844	2.867285199903152
0.9648953218510998	2.8547225742644566
0.9671030053385153	2.8421599486257607
0.9693106888259309	2.8295973229870643
0.9715183723133463	2.817034697348369
0.9737260558007618	2.804472071709673
0.9759337392881773	2.791909446070977
0.9781414227755927	2.7793468204322815
0.9803491062630082	2.766784194793585
0.9825567897504237	2.7542215691548892
0.9847644732378392	2.741658943516193
0.9869721567252546	2.7290963178774974
0.9891798402126701	2.7165336922388015
0.9913875237000856	2.703971066600105
0.993595207187501	2.6914084409614096
0.9958028906749166	2.6788458153227137
0.9980105741623321	2.666283189684018
1.0002182576497474	2.6537205640453227
1.002425941137163	2.641157938406626
1.0046336246245784	2.6285953127679305
1.0068413081119938	2.616032687129235
1.0090489915994094	2.603470061490538
1.0112566750868248	2.5909074358518427
1.0134643585742402	2.578344810213147
1.0156720420616558	2.565782184574451
1.0178797255490712	2.553219558935755
1.0200874090364866	2.5406569332970594
1.0222950925239023	2.528094307658363
1.0245027760113177	2.5155316820196676
1.026710459498733	2.502969056380972
1.0289181429861487	2.4904064307422753
1.031125826473564	2.47784380510358
1.0333335099609797	2.465281179464883
1.0355411934483951	2.4527185538261875
1.0377488769358105	2.440155928187492
1.0399565604232262	2.4275933025487952
1.0421642439106416	2.4150306769100998
1.044371927398057	2.4024680512714043
1.0465796108854726	2.3899054256327075
1.048787294372888	2.377342799994012
1.0509949778603034	2.3647801743553165
1.053202661347719	2.35221754871662
1.0554103448351344	2.3396549230779247
1.0576180283225498	2.327092297439229
1.0598257118099654	2.3145296718005324
1.0620333952973808	2.301967046161837
1.0642410787847962	2.2894044205231414
1.0664487622722119	2.2768417948844446
1.0686564457596273	2.264279169245749
1.0708641292470429	2.2517165436070523
1.0730718127344583	2.239153917968357
1.0752794962218737	2.2265912923296614
1.0774871797092893	2.2140286666909645
1.0796948631967047	2.201466041052269
1.0819025466841201	2.1889034154135736
1.0841102301715357	2.1763407897748768
1.0863179136589511	2.1637781641361813
1.0885255971463665	2.151215538497486
1.0907332806337822	2.138652912858789
1.0929409641211976	2.1260902872200935
1.095148647608613	2.113527661581398
1.0973563310960286	2.1009650359427017
1.099564014583444	2.088402410304006
1.1017716980708594	2.0758397846653107
1.103979381558275	2.063277159026614
1.1061870650456904	2.050714533387918
1.1083947485331058	2.0381519077492225
1.1106024320205214	2.025589282110526
1.1128101155079368	2.0130266564718307
1.1150177989953525	2.000464030833134
1.1172254824827679	1.9879014051944384
1.1194331659701833	1.9753387795557429
1.121640849457599	1.962776153917046
1.1238485329450143	1.9502135282783506
1.1260562164324297	1.9376509026396551
1.1282638999198453	1.9250882770009585
1.1304715834072607	1.912525651362263
1.1326792668946761	1.8999630257235676
1.1348869503820918	1.8874004000848708
1.1370946338695072	1.8748377744461753
1.1393023173569226	1.8622751488074798
1.1415100008443382	1.849712523168783
1.1437176843317536	1.8371498975300875
1.145925367819169	1.824587271891392
1.1481330513065846	1.8120246462526954
1.150340734794	1.799462020614
